0 2.58464 -0.18377 -2.67397 0.438863 0.849683 
1 2.55263 -0.161078 -2.59868 0.430312 0.797536 
2 2.47078 -0.130645 -2.55355 0.448333 0.801311 
3 2.42468 -0.0770365 -2.54816 0.504355 0.84413 
4 2.4807 -0.122515 -2.48241 0.420809 0.737941 
5 2.33622 -0.0898033 -2.53122 0.545706 0.847913 
6 2.44865 -0.145496 -2.41163 0.36425 0.753308 
7 2.28091 -0.0451556 -2.46488 0.563396 0.863175 
8 2.40166 -0.175397 -2.33423 0.334283 0.756404 
9 2.20215 -0.05338 -2.40474 0.558202 0.872474 
10 2.20926 0.034198 -2.37421 0.581792 0.900603 
11 2.12608 -0.0933269 -2.3573 0.576846 0.868201 
12 2.3927 -0.14024 -2.24451 0.323911 0.733447 
13 2.07069 -0.111882 -2.28591 0.605061 0.841809 
14 1.99126 -0.129629 -2.29324 0.556481 0.872805 
15 1.93203 -0.120948 -2.30977 0.478118 0.870896 
16 2.40185 -0.204343 -2.22319 0.255165 0.708421 
17 1.87027 -0.153377 -2.23975 0.47906 0.855712 
18 1.82461 -0.115374 -2.19188 0.515092 0.802031 
19 1.78915 -0.139393 -2.14829 0.568915 0.860072 
20 1.76609 -0.107462 -2.07184 0.51846 0.852435 
21 1.7543 -0.0756546 -1.98064 0.501431 0.867986 
22 1.66852 -0.0770582 -1.96451 0.548303 0.854432 
23 1.62817 -0.102564 -1.89093 0.52246 0.813938 
24 1.58571 -0.0238641 -1.88238 0.50016 0.776086 
25 1.52163 -0.0239734 -1.86554 0.508633 0.701664 
26 1.45533 -0.0545797 -1.83088 0.528657 0.6463 
27 1.40592 -0.00757836 -1.80372 0.56605 0.589609 
28 1.41965 0.00902484 -1.74421 0.505583 0.54125 
29 1.36547 -0.0238364 -1.66843 0.52097 0.543521 
30 1.33614 0.0268856 -1.59151 0.496745 0.535535 
31 1.34948 0.050596 -1.5737 0.426849 0.471839 
32 1.29679 0.0274053 -1.50471 0.516726 0.558273 
33 1.28079 0.0873809 -1.60249 0.379691 0.501456 
34 1.26086 0.0568438 -1.55506 0.318159 0.450127 
35 1.29796 0.0320432 -1.47834 0.273259 0.439807 
36 1.26496 0.0618663 -1.43051 0.563803 0.56706 
37 1.22829 0.0455302 -1.35402 0.565875 0.516716 
38 1.19324 0.113116 -1.46037 0.588574 0.593983 
39 1.18756 0.0639924 -1.27621 0.608322 0.504751 
40 1.48612 0.0599568 -1.75195 0.486972 0.490449 
41 1.09991 0.097005 -1.26799 0.641205 0.495899 
42 1.27996 -0.0346024 -1.4411 0.267608 0.378039 
43 1.31333 -0.0933529 -1.408 0.238453 0.31897 
44 1.05787 0.174493 -1.2431 0.613324 0.46706 
45 1.0536 0.244532 -1.20584 0.654533 0.422452 
46 1.2594 -0.117063 -1.3919 0.217863 0.242513 
47 1.02089 0.255988 -1.13194 0.645258 0.365431 
48 1.21548 0.020585 -1.19312 0.624482 0.517874 
49 0.998575 0.332497 -1.08318 0.610813 0.356232 
50 1.19266 -0.150745 -1.44378 0.188142 0.213586 
51 0.943439 0.310766 -1.01252 0.602839 0.39406 
52 1.22047 -0.18553 -1.42715 0.126392 0.15092 
53 0.971754 0.415594 -1.07596 0.658922 0.353255 
54 0.860783 0.325107 -0.985591 0.556714 0.404535 
55 0.995941 0.464271 -1.00862 0.6824 0.397522 
56 1.19803 -0.231384 -1.36038 0.083634 0.184206 
57 0.778398 0.360546 -0.961522 0.519605 0.405182 
58 1.20965 -0.268065 -1.29897 0.101114 0.117553 
59 0.708366 0.403996 -0.932583 0.471347 0.411608 
60 0.652958 0.419611 -0.887456 0.44657 0.475137 
61 0.606459 0.407266 -0.841948 0.389018 0.427156 
62 0.551614 0.472625 -0.834503 0.339291 0.441015 
63 1.23598 -0.226674 -1.26467 0.0486025 0.0570594 
64 1.20119 -0.246401 -1.28776 0.0463387 -0.0316109 
65 1.30652 0.0714979 -1.47993 0.183049 0.454962 
66 1.22236 -0.209618 -1.22323 0.00365083 -0.0786518 
67 1.25802 0.0224289 -1.12903 0.65277 0.575139 
68 1.23507 -0.00287212 -1.11251 0.736257 0.615014 
69 0.499892 0.478994 -0.790988 0.391914 0.492217 
70 0.452639 0.535239 -0.809695 0.454067 0.511983 
71 1.26433 -0.204079 -1.23389 -0.0343985 -0.160183 
72 0.414381 0.595619 -0.830072 0.505964 0.469767 
73 0.491322 0.478874 -0.855094 0.291941 0.380518 
74 0.399279 0.657002 -0.795051 0.543929 0.412008 
75 1.77173 -0.199158 -2.13984 0.646684 0.857835 
76 0.417357 0.564809 -0.764509 0.407279 0.572397 
77 0.974838 0.476429 -1.1158 0.710742 0.308349 
78 1.26177 -0.137887 -1.26486 -0.0790445 -0.211756 
79 0.362615 0.586653 -0.703435 0.363006 0.601312 
80 0.404042 0.613389 -0.673188 0.296141 0.648036 
81 0.315383 0.509366 -0.68218 0.399183 0.607261 
82 0.993449 0.525316 -1.1458 0.759987 0.245589 
83 0.340045 0.619419 -0.723167 0.24171 0.668222 
84 1.02189 0.544478 -1.14548 0.834534 0.188436 
85 0.279523 0.543115 -0.615009 0.453706 0.616769 
86 0.239406 0.470519 -0.566605 0.478084 0.603233 
87 0.188039 0.498261 -0.497321 0.505846 0.571283 
88 0.282139 0.649024 -0.67798 0.203811 0.716099 
89 0.25513 0.629973 -0.604812 0.165764 0.761995 
90 1.20542 -0.166111 -1.29595 -0.0513089 -0.277269 
91 0.210009 0.631997 -0.72891 0.214963 0.758398 
92 0.286051 0.658011 -0.53695 0.108799 0.782183 
93 0.130285 0.420011 -0.514919 0.501158 0.556802 
94 0.227112 0.504231 -0.430747 0.561103 0.60214 
95 0.0670326 0.370833 -0.502825 0.548652 0.522471 
96 1.15653 -0.209567 -1.32625 0.00099396 -0.322744 
97 1.29685 -0.0950164 -1.20147 -0.118646 -0.248429 
98 0.186281 0.544032 -0.377866 0.612198 0.56551 
