0 1 1 1 0 0 0.1 
1 2 1 1 0 0 0.1 
2 0 0 1 0 0 0.180871 
2 3 1 1 0 0 0.1 
3 1 0 1 0 0 0.183406 
3 0 0 1 1 0 0.239007 
2 4 1 1 0 0 0.1 
4 1 0 1 0 0 0.154344 
4 3 0 1 0 0 0.166693 
4 0 0 1 1 0 0.253106 
3 5 1 1 0 0 0.1 
5 2 0 1 0 0 0.178681 
5 4 0 1 1 0 0.228082 
5 1 0 1 1 0 0.268916 
5 0 0 1 1 0 0.3199 
4 6 1 1 0 0 0.1 
6 2 0 1 0 0 0.173861 
6 3 0 1 1 0 0.227554 
6 1 0 1 1 0 0.22883 
6 5 0 1 1 0 0.268181 
6 0 0 1 1 0 0.321923 
5 7 1 1 0 0 0.1 
7 3 0 1 0 0 0.180201 
7 2 0 1 1 0 0.261324 
7 4 0 1 1 0 0.286747 
7 6 0 1 1 0 0.304583 
7 1 0 1 1 0 0.356639 
7 0 0 1 2 0 0.413369 
6 8 1 1 0 0 0.1 
8 4 0 1 0 0 0.197047 
8 2 0 1 1 0 0.264401 
8 3 0 1 1 0 0.30429 
8 5 0 1 1 0 0.321696 
8 1 0 1 1 0 0.322247 
8 7 0 1 1 0 0.33542 
8 0 0 1 2 0 0.410621 
7 9 1 1 0 0 0.1 
9 5 0 1 0 0 0.189888 
9 3 0 1 1 0 0.272676 
9 2 0 1 1 0 0.342655 
9 6 0 1 1 0 0.348011 
9 8 0 1 1 0 0.351107 
9 4 0 1 1 0 0.354087 
9 1 0 1 2 0 0.44047 
9 10 1 1 0 0 0.1 
10 7 0 1 0 0 0.146253 
10 5 0 1 1 0 0.245408 
10 3 0 1 1 0 0.313407 
10 2 0 1 1 0 0.394208 
10 6 0 1 2 0 0.400022 
10 4 0 1 2 0 0.402889 
10 8 0 1 2 0 0.405711 
9 11 1 1 0 0 0.1 
11 10 0 1 0 0 0.15666 
11 7 0 1 0 0 0.195123 
11 5 0 1 1 0 0.275324 
11 3 0 1 1 0 0.362898 
11 8 0 1 1 0 0.393129 
11 6 0 1 2 0 0.410029 
11 2 0 1 2 0 0.423934 
11 4 0 1 2 0 0.42846 
8 12 1 1 0 0 0.1 
12 6 0 1 0 0 0.181953 
12 4 0 1 1 0 0.272141 
12 2 0 1 1 0 0.348972 
12 3 0 1 1 0 0.376871 
12 9 0 1 1 0 0.37914 
12 7 0 1 1 0 0.379845 
12 5 0 1 1 0 0.387597 
12 1 0 1 2 0 0.408502 
11 13 1 1 0 0 0.1 
13 9 0 1 0 0 0.194833 
13 10 0 1 1 0 0.228768 
13 7 0 1 1 0 0.28786 
13 5 0 1 1 0 0.367053 
13 8 0 1 2 0 0.443309 
13 12 0 1 2 0 0.443839 
13 3 0 1 2 0 0.45326 
13 6 0 1 2 0 0.47498 
13 14 1 1 0 0 0.1 
14 11 0 1 0 0 0.15503 
14 9 0 1 1 0 0.250455 
14 10 0 1 1 0 0.286942 
14 7 0 1 1 0 0.347326 
14 5 0 1 2 0 0.421851 
14 8 0 1 2 0 0.484902 
14 12 0 1 2 0 0.486985 
14 3 0 1 2 0 0.509069 
14 15 1 1 0 0 0.1 
15 13 0 1 0 0 0.191933 
15 11 0 1 1 0 0.224565 
15 9 0 1 1 0 0.304903 
15 10 0 1 1 0 0.341626 
15 7 0 1 1 0 0.398559 
15 5 0 1 2 0 0.467413 
15 8 0 1 2 0 0.507848 
15 12 0 1 2 0 0.509426 
15 3 0 1 2 0 0.550336 
12 16 1 1 0 0 0.1 
16 8 0 1 0 0 0.147411 
16 6 0 1 1 0 0.234683 
16 4 0 1 1 0 0.329264 
16 2 0 1 2 0 0.406529 
16 3 0 1 2 0 0.450387 
16 1 0 1 2 0 0.451902 
16 9 0 1 2 0 0.463008 
16 5 0 1 2 0 0.464955 
16 7 0 1 2 0 0.466195 
15 17 1 1 0 0 0.1 
17 14 0 1 1 0 0.156039 
17 13 0 1 1 0 0.245135 
17 11 0 1 1 0 0.304266 
17 9 0 1 1 0 0.392315 
17 10 0 1 2 0 0.425143 
17 7 0 1 2 0 0.488042 
17 5 0 1 2 0 0.557321 
17 12 0 1 2 0 0.558699 
17 8 0 1 2 0 0.567986 
17 18 1 1 0 0 0.1 
18 15 0 1 0 0 0.177697 
18 14 0 1 1 0 0.212057 
18 13 0 1 1 0 0.281224 
18 11 0 1 1 0 0.35626 
18 9 0 1 2 0 0.445544 
18 10 0 1 2 0 0.466621 
18 7 0 1 2 0 0.541973 
18 12 0 1 3 0 0.606107 
18 5 0 1 3 0 0.616919 
18 19 1 1 0 0 0.1 
19 17 0 1 0 0 0.152424 
19 15 0 1 1 0 0.234926 
19 14 0 1 1 0 0.249534 
19 13 0 1 1 0 0.317179 
19 11 0 1 1 0 0.399315 
19 9 0 1 2 0 0.493966 
19 10 0 1 2 0 0.509385 
19 7 0 1 2 0 0.592428 
19 5 0 1 3 0 0.670122 
19 20 1 1 0 0 0.1 
20 18 0 1 0 0 0.143 
20 17 0 1 1 0 0.206682 
20 15 0 1 1 0 0.29376 
20 14 0 1 1 0 0.319482 
20 13 0 1 1 0 0.382418 
20 11 0 1 2 0 0.463611 
20 9 0 1 2 0 0.553065 
20 10 0 1 2 0 0.560561 
20 7 0 1 3 0 0.65233 
20 21 1 1 0 0 0.1 
21 19 0 1 0 0 0.194937 
21 18 0 1 1 0 0.235967 
21 17 0 1 1 0 0.295426 
21 15 0 1 1 0 0.377511 
21 14 0 1 1 0 0.39979 
21 13 0 1 2 0 0.453909 
21 11 0 1 2 0 0.534873 
21 10 0 1 3 0 0.617639 
21 9 0 1 3 0 0.619817 
21 7 0 1 3 0 0.718746 
21 22 1 1 0 0 0.1 
22 20 0 1 0 0 0.151192 
22 19 0 1 1 0 0.229502 
22 18 0 1 1 0 0.285273 
22 17 0 1 1 0 0.356485 
22 15 0 1 2 0 0.442453 
22 14 0 1 2 0 0.464101 
22 13 0 1 2 0 0.519266 
22 11 0 1 3 0 0.604078 
22 10 0 1 3 0 0.689846 
22 9 0 1 3 0 0.692496 
22 23 1 1 0 0 0.1 
23 21 0 1 0 0 0.167462 
23 20 0 1 1 0 0.230809 
23 19 0 1 1 0 0.31272 
23 18 0 1 1 0 0.359892 
23 17 0 1 2 0 0.431854 
23 15 0 1 2 0 0.522785 
23 14 0 1 2 0 0.546844 
23 13 0 1 2 0 0.599604 
23 11 0 1 3 0 0.686584 
23 9 0 1 3 0 0.774971 
23 24 1 1 0 0 0.1 
24 22 0 1 0 0 0.15776 
24 21 0 1 1 0 0.221826 
24 20 0 1 1 0 0.285631 
24 19 0 1 1 0 0.37044 
24 18 0 1 2 0 0.402661 
24 17 0 1 2 0 0.481919 
24 15 0 1 2 0 0.567008 
24 14 0 1 2 0 0.597482 
24 13 0 1 3 0 0.648937 
24 11 0 1 3 0 0.732622 
24 25 1 1 0 0 0.1 
25 23 0 1 0 0 0.17598 
25 22 0 1 1 0 0.243109 
25 21 0 1 1 0 0.312679 
25 20 0 1 1 0 0.363482 
25 19 0 1 2 0 0.439962 
25 18 0 1 2 0 0.465584 
25 17 0 1 2 0 0.550395 
25 15 0 1 3 0 0.636194 
25 14 0 1 3 0 0.667995 
25 13 0 1 3 0 0.717532 
25 26 1 1 0 0 0.1 
26 24 0 1 0 0 0.195578 
26 23 0 1 1 0 0.252832 
26 22 0 1 1 0 0.3279 
26 21 0 1 2 0 0.402667 
26 20 0 1 2 0 0.447243 
26 19 0 1 2 0 0.516432 
26 18 0 1 2 0 0.542979 
26 17 0 1 3 0 0.628829 
26 15 0 1 3 0 0.716925 
26 14 0 1 3 0 0.747466 
26 27 1 1 0 0 0.1 
27 25 0 1 0 0 0.18257 
27 24 0 1 1 0 0.27909 
27 23 0 1 1 0 0.34387 
27 22 0 1 2 0 0.412414 
27 21 0 1 2 0 0.488846 
27 20 0 1 2 0 0.53191 
27 19 0 1 2 0 0.596766 
27 18 0 1 3 0 0.620735 
27 17 0 1 3 0 0.710899 
27 15 0 1 4 0 0.795351 
27 28 1 1 0 0 0.1 
28 26 0 1 0 0 0.156198 
28 25 0 1 1 0 0.227928 
28 24 0 1 1 0 0.32082 
28 23 0 1 1 0 0.390004 
28 22 0 1 2 0 0.466676 
28 21 0 1 2 0 0.53088 
28 20 0 1 2 0 0.58132 
28 19 0 1 3 0 0.653835 
28 18 0 1 3 0 0.669311 
28 17 0 1 3 0 0.758012 
28 29 1 1 0 0 0.1 
29 27 0 1 0 0 0.156078 
29 26 0 1 1 0 0.214551 
29 25 0 1 1 0 0.297321 
29 24 0 1 1 0 0.385746 
29 23 0 1 2 0 0.444797 
29 22 0 1 2 0 0.528912 
29 21 0 1 2 0 0.597501 
29 20 0 1 3 0 0.652429 
29 19 0 1 3 0 0.725004 
29 18 0 1 3 0 0.748369 
29 17 0 1 4 0 0.835003 
29 30 1 1 0 0 0.1 
30 28 0 1 0 0 0.175274 
30 27 0 1 1 0 0.242521 
30 26 0 1 1 0 0.302369 
30 25 0 1 1 0 0.373932 
30 24 0 1 2 0 0.45535 
30 23 0 1 2 0 0.519482 
30 22 0 1 3 0 0.603956 
30 21 0 1 3 0 0.668836 
30 20 0 1 3 0 0.73111 
30 19 0 1 4 0 0.808337 
30 18 0 1 4 0 0.831053 
30 31 1 1 0 0 0.1 
31 29 0 1 0 0 0.169605 
31 28 0 1 1 0 0.216199 
31 27 0 1 1 0 0.304506 
31 26 0 1 1 0 0.359454 
31 25 0 1 2 0 0.424115 
31 24 0 1 2 0 0.504552 
31 23 0 1 2 0 0.572656 
31 22 0 1 3 0 0.657223 
31 21 0 1 3 0 0.712681 
31 20 0 1 3 0 0.774555 
31 19 0 1 4 0 0.854676 
30 32 1 1 0 0 0.1 
32 31 0 1 0 0 0.153698 
32 29 0 1 0 0 0.185428 
32 28 0 1 1 0 0.270571 
32 27 0 1 1 0 0.32551 
32 26 0 1 1 0 0.382277 
32 25 0 1 2 0 0.451685 
32 24 0 1 2 0 0.525793 
32 23 0 1 2 0 0.584185 
32 22 0 1 3 0 0.67024 
32 21 0 1 3 0 0.736618 
32 20 0 1 4 0 0.804119 
31 33 1 1 0 0 0.1 
33 30 0 1 0 0 0.14733 
33 32 0 1 0 0 0.188207 
33 29 0 1 1 0 0.21358 
33 28 0 1 1 0 0.250873 
33 27 0 1 1 0 0.328127 
33 26 0 1 1 0 0.382029 
33 25 0 1 2 0 0.443063 
33 24 0 1 2 0 0.523088 
33 23 0 1 2 0 0.59831 
33 22 0 1 3 0 0.679302 
33 21 0 1 3 0 0.736851 
33 34 1 1 0 0 0.1 
34 31 0 1 0 0 0.143259 
34 30 0 1 1 0 0.216978 
34 32 0 1 1 0 0.236257 
34 29 0 1 1 0 0.283122 
34 28 0 1 1 0 0.326661 
34 27 0 1 2 0 0.409789 
34 26 0 1 2 0 0.457274 
34 25 0 1 2 0 0.520074 
34 24 0 1 2 0 0.598789 
34 23 0 1 3 0 0.668752 
34 22 0 1 3 0 0.753783 
34 35 1 1 0 0 0.1 
35 33 0 1 0 0 0.184117 
35 31 0 1 0 0 0.191594 
35 30 0 1 1 0 0.270928 
35 32 0 1 1 0 0.272082 
35 29 0 1 1 0 0.340487 
35 28 0 1 1 0 0.387673 
35 27 0 1 2 0 0.476722 
35 26 0 1 2 0 0.514217 
35 25 0 1 2 0 0.571891 
35 24 0 1 3 0 0.643228 
35 23 0 1 3 0 0.706728 
32 36 1 1 0 0 0.1 
36 30 0 1 0 0 0.194175 
36 31 0 1 1 0 0.235796 
36 33 0 1 1 0 0.262072 
36 29 0 1 1 0 0.276485 
36 34 0 1 1 0 0.299283 
36 35 0 1 1 0 0.323846 
36 28 0 1 1 0 0.359428 
36 27 0 1 2 0 0.40558 
36 26 0 1 2 0 0.466491 
36 25 0 1 2 0 0.532602 
36 24 0 1 3 0 0.601802 
36 37 1 1 0 0 0.1 
37 32 0 1 0 0 0.178519 
37 30 0 1 1 0 0.271134 
37 31 0 1 1 0 0.29037 
37 33 0 1 1 0 0.318029 
37 34 0 1 1 0 0.327724 
37 35 0 1 1 0 0.334709 
37 29 0 1 1 0 0.353861 
37 28 0 1 2 0 0.440949 
37 27 0 1 2 0 0.491848 
37 26 0 1 2 0 0.554201 
37 25 0 1 3 0 0.624509 
36 38 1 1 0 0 0.1 
38 37 0 1 0 0 0.153592 
38 32 0 1 0 0 0.162703 
38 30 0 1 1 0 0.238543 
38 33 0 1 1 0 0.284114 
38 31 0 1 1 0 0.286772 
38 29 0 1 1 0 0.314366 
38 34 0 1 1 0 0.332453 
38 35 0 1 1 0 0.375574 
38 28 0 1 1 0 0.390297 
38 27 0 1 2 0 0.422158 
38 26 0 1 2 0 0.490324 
37 39 1 1 0 0 0.1 
39 36 0 1 0 0 0.188859 
39 38 0 1 1 0 0.211456 
39 32 0 1 1 0 0.277014 
39 30 0 1 1 0 0.369144 
39 31 0 1 1 0 0.385899 
39 33 0 1 2 0 0.40986 
39 34 0 1 2 0 0.412752 
39 35 0 1 2 0 0.41298 
39 29 0 1 2 0 0.449821 
39 28 0 1 2 0 0.536474 
39 27 0 1 2 0 0.583149 
39 26 0 1 3 0 0.647923 
28 40 1 1 0 0 0.1 
40 27 0 1 0 0 0.172509 
40 29 0 1 0 0 0.180351 
40 26 0 1 1 0 0.21523 
40 30 0 1 1 0 0.226844 
40 31 0 1 1 0 0.233436 
40 25 0 1 1 0 0.257466 
40 33 0 1 1 0 0.277273 
40 32 0 1 1 0 0.321747 
40 24 0 1 1 0 0.340174 
40 34 0 1 1 0 0.345889 
40 35 0 1 1 0 0.399105 
40 36 0 1 2 0 0.404989 
39 41 1 1 0 0 0.1 
41 37 0 1 0 0 0.180668 
41 38 0 1 1 0 0.241602 
41 36 0 1 1 0 0.256795 
41 32 0 1 1 0 0.345005 
41 30 0 1 2 0 0.433393 
41 31 0 1 2 0 0.452138 
41 33 0 1 2 0 0.461656 
41 34 0 1 2 0 0.465173 
41 35 0 1 2 0 0.47563 
41 29 0 1 2 0 0.51206 
41 28 0 1 2 0 0.597675 
41 27 0 1 3 0 0.637198 
35 42 1 1 0 0 0.1 
42 34 0 1 0 0 0.171661 
42 31 0 1 1 0 0.252651 
42 33 0 1 1 0 0.262152 
42 32 0 1 1 0 0.320497 
42 30 0 1 1 0 0.326911 
42 37 0 1 1 0 0.353366 
42 36 0 1 1 0 0.364834 
42 29 0 1 1 0 0.388182 
42 39 0 1 2 0 0.421413 
42 38 0 1 2 0 0.423513 
42 28 0 1 2 0 0.443357 
42 40 0 1 2 0 0.456981 
42 43 1 1 0 0 0.1 
43 35 0 1 0 0 0.191628 
43 34 0 1 1 0 0.265508 
43 31 0 1 1 0 0.329161 
43 33 0 1 1 0 0.35327 
43 32 0 1 1 0 0.398635 
43 30 0 1 2 0 0.402827 
43 37 0 1 2 0 0.419218 
43 36 0 1 2 0 0.440841 
43 29 0 1 2 0 0.453445 
43 39 0 1 2 0 0.478816 
43 28 0 1 2 0 0.505558 
43 38 0 1 2 0 0.507948 
41 44 1 1 0 0 0.1 
44 39 0 1 0 0 0.177685 
44 37 0 1 1 0 0.250389 
44 38 0 1 1 0 0.293291 
44 36 0 1 1 0 0.32116 
44 32 0 1 2 0 0.405965 
44 30 0 1 2 0 0.488765 
44 34 0 1 2 0 0.489671 
44 33 0 1 2 0 0.492153 
44 31 0 1 2 0 0.49445 
44 35 0 1 2 0 0.499661 
44 42 0 1 2 0 0.5096 
44 43 0 1 2 0 0.571538 
44 45 1 1 0 0 0.1 
45 41 0 1 0 0 0.182599 
45 39 0 1 1 0 0.253769 
45 37 0 1 1 0 0.329879 
45 38 0 1 1 0 0.367868 
45 36 0 1 1 0 0.397059 
45 32 0 1 2 0 0.482746 
45 30 0 1 2 0 0.560021 
45 34 0 1 2 0 0.560405 
45 31 0 1 2 0 0.561031 
45 33 0 1 2 0 0.561627 
45 35 0 1 2 0 0.569903 
45 42 0 1 2 0 0.579811 
43 46 1 1 0 0 0.1 
46 42 0 1 0 0 0.174599 
46 35 0 1 1 0 0.270528 
46 34 0 1 1 0 0.33171 
46 31 0 1 2 0 0.406869 
46 33 0 1 2 0 0.424081 
46 32 0 1 2 0 0.473306 
46 37 0 1 2 0 0.474488 
46 30 0 1 2 0 0.47968 
46 36 0 1 2 0 0.508471 
46 39 0 1 2 0 0.522067 
46 29 0 1 2 0 0.528102 
46 38 0 1 2 0 0.568336 
45 47 1 1 0 0 0.1 
47 44 0 1 0 0 0.178084 
47 41 0 1 1 0 0.258972 
47 39 0 1 1 0 0.325926 
47 37 0 1 2 0 0.407204 
47 38 0 1 2 0 0.461986 
47 36 0 1 2 0 0.483408 
47 32 0 1 2 0 0.566599 
47 42 0 1 3 0 0.624431 
47 34 0 1 3 0 0.624856 
47 35 0 1 3 0 0.625162 
47 31 0 1 3 0 0.635874 
47 33 0 1 3 0 0.637516 
39 48 1 1 0 0 0.1 
48 41 0 1 0 0 0.159889 
48 37 0 1 0 0 0.173527 
48 44 0 1 1 0 0.231805 
48 36 0 1 1 0 0.258079 
48 45 0 1 1 0 0.294154 
48 38 0 1 1 0 0.295904 
48 32 0 1 1 0 0.342032 
48 47 0 1 1 0 0.34741 
48 30 0 1 2 0 0.435823 
48 31 0 1 2 0 0.452633 
48 42 0 1 2 0 0.464334 
48 35 0 1 2 0 0.466621 
47 49 1 1 0 0 0.1 
49 45 0 1 0 0 0.179185 
49 44 0 1 1 0 0.257573 
49 41 0 1 1 0 0.346854 
49 39 0 1 2 0 0.408818 
49 48 0 1 2 0 0.427479 
49 37 0 1 2 0 0.486052 
49 38 0 1 2 0 0.534145 
49 36 0 1 2 0 0.558115 
49 32 0 1 3 0 0.639819 
49 35 0 1 3 0 0.676003 
49 42 0 1 3 0 0.678458 
49 34 0 1 3 0 0.679642 
46 50 1 1 0 0 0.1 
50 43 0 1 0 0 0.181031 
50 42 0 1 1 0 0.233402 
50 35 0 1 1 0 0.322667 
50 34 0 1 1 0 0.364671 
50 31 0 1 2 0 0.453524 
50 33 0 1 2 0 0.457407 
50 30 0 1 2 0 0.52235 
50 32 0 1 2 0 0.52256 
50 37 0 1 2 0 0.531431 
50 29 0 1 2 0 0.562199 
50 36 0 1 2 0 0.562735 
50 39 0 1 2 0 0.579264 
49 51 1 1 0 0 0.1 
51 47 0 1 0 0 0.160871 
51 45 0 1 1 0 0.239528 
51 44 0 1 1 0 0.300451 
51 41 0 1 1 0 0.383774 
51 39 0 1 2 0 0.449783 
51 48 0 1 2 0 0.454562 
51 37 0 1 2 0 0.533407 
51 38 0 1 2 0 0.584984 
51 36 0 1 3 0 0.6095 
51 32 0 1 3 0 0.694103 
51 42 0 1 3 0 0.727212 
51 35 0 1 3 0 0.728749 
50 52 1 1 0 0 0.1 
52 46 0 1 0 0 0.155571 
52 43 0 1 1 0 0.241425 
52 42 0 1 1 0 0.31311 
52 35 0 1 2 0 0.401235 
52 34 0 1 2 0 0.450599 
52 31 0 1 2 0 0.535855 
52 33 0 1 2 0 0.543968 
52 30 0 1 3 0 0.608774 
52 32 0 1 3 0 0.612764 
52 37 0 1 3 0 0.621088 
52 29 0 1 3 0 0.644371 
52 36 0 1 3 0 0.653985 
49 53 1 1 0 0 0.1 
53 51 0 1 0 0 0.143614 
53 47 0 1 0 0 0.177081 
53 45 0 1 1 0 0.240081 
53 44 0 1 1 0 0.329414 
53 41 0 1 2 0 0.418879 
53 39 0 1 2 0 0.4856 
53 48 0 1 2 0 0.507393 
53 37 0 1 2 0 0.561654 
53 38 0 1 2 0 0.592639 
53 36 0 1 3 0 0.625746 
53 32 0 1 3 0 0.708815 
53 34 0 1 3 0 0.753215 
53 35 0 1 3 0 0.756083 
51 54 1 1 0 0 0.1 
54 49 0 1 0 0 0.183916 
54 53 0 1 1 0 0.204314 
54 47 0 1 1 0 0.247384 
54 45 0 1 1 0 0.319485 
54 44 0 1 1 0 0.367359 
54 41 0 1 2 0 0.452155 
54 39 0 1 2 0 0.521658 
54 48 0 1 2 0 0.528252 
54 37 0 1 3 0 0.601359 
54 38 0 1 3 0 0.646364 
54 36 0 1 3 0 0.676067 
54 32 0 1 3 0 0.757261 
54 42 0 1 3 0 0.772572 
53 55 1 1 0 0 0.1 
55 49 0 1 0 0 0.172514 
55 51 0 1 0 0 0.180769 
55 54 0 1 1 0 0.232402 
55 47 0 1 1 0 0.248239 
55 45 0 1 1 0 0.30316 
55 44 0 1 1 0 0.39038 
55 41 0 1 2 0 0.473648 
55 39 0 1 2 0 0.534351 
55 48 0 1 2 0 0.544919 
55 37 0 1 3 0 0.613531 
55 38 0 1 3 0 0.643209 
55 36 0 1 3 0 0.67461 
55 32 0 1 3 0 0.762074 
52 56 1 1 0 0 0.1 
56 50 0 1 0 0 0.15897 
56 46 0 1 0 0 0.198106 
56 43 0 1 1 0 0.27703 
56 42 0 1 1 0 0.351238 
56 35 0 1 2 0 0.441117 
56 34 0 1 2 0 0.50064 
56 31 0 1 2 0 0.590326 
56 33 0 1 2 0 0.596134 
56 37 0 1 3 0 0.648658 
56 32 0 1 3 0 0.651959 
56 30 0 1 3 0 0.658249 
56 39 0 1 3 0 0.687379 
56 36 0 1 3 0 0.68741 
54 57 1 1 0 0 0.1 
57 51 0 1 0 0 0.198416 
57 49 0 1 1 0 0.273461 
57 53 0 1 1 0 0.274986 
57 55 0 1 1 0 0.294725 
57 47 0 1 1 0 0.340802 
57 45 0 1 2 0 0.409135 
57 44 0 1 2 0 0.452347 
57 41 0 1 2 0 0.538292 
57 39 0 1 3 0 0.610056 
57 48 0 1 3 0 0.619637 
57 37 0 1 3 0 0.685764 
57 38 0 1 3 0 0.722887 
57 36 0 1 3 0 0.757663 
56 58 1 1 0 0 0.1 
58 52 0 1 0 0 0.158463 
58 50 0 1 1 0 0.227635 
58 46 0 1 1 0 0.251311 
58 43 0 1 1 0 0.335549 
58 42 0 1 2 0 0.418594 
58 35 0 1 2 0 0.513341 
58 34 0 1 2 0 0.575748 
58 31 0 1 3 0 0.654367 
58 33 0 1 3 0 0.669712 
58 37 0 1 3 0 0.690691 
58 32 0 1 3 0 0.710064 
58 39 0 1 3 0 0.720035 
58 30 0 1 3 0 0.720977 
57 59 1 1 0 0 0.1 
59 54 0 1 0 0 0.199002 
59 51 0 1 1 0 0.296545 
59 53 0 1 1 0 0.358683 
59 49 0 1 1 0 0.366785 
59 55 0 1 1 0 0.36994 
59 47 0 1 2 0 0.437833 
59 45 0 1 2 0 0.502952 
59 44 0 1 2 0 0.542657 
59 41 0 1 3 0 0.629286 
59 39 0 1 3 0 0.700531 
59 48 0 1 3 0 0.711892 
59 37 0 1 3 0 0.772276 
59 38 0 1 4 0 0.803289 
59 60 1 1 0 0 0.1 
60 57 0 1 0 0 0.186915 
60 54 0 1 1 0 0.280836 
60 51 0 1 1 0 0.377969 
60 55 0 1 2 0 0.442664 
60 53 0 1 2 0 0.44399 
60 49 0 1 2 0 0.454382 
60 47 0 1 2 0 0.522906 
60 45 0 1 2 0 0.58186 
60 44 0 1 3 0 0.615134 
60 41 0 1 3 0 0.697822 
60 39 0 1 3 0 0.768395 
60 48 0 1 3 0 0.776249 
60 37 0 1 4 0 0.839396 
60 61 1 1 0 0 0.1 
61 59 0 1 0 0 0.160094 
61 57 0 1 1 0 0.25215 
61 54 0 1 1 0 0.347416 
61 51 0 1 2 0 0.445844 
61 53 0 1 2 0 0.516313 
61 55 0 1 2 0 0.519303 
61 49 0 1 2 0 0.521309 
61 47 0 1 2 0 0.590087 
61 45 0 1 3 0 0.655254 
61 44 0 1 3 0 0.686136 
61 41 0 1 3 0 0.767845 
61 39 0 1 4 0 0.83559 
61 48 0 1 4 0 0.841085 
61 62 1 1 0 0 0.1 
62 60 0 1 0 0 0.168992 
62 59 0 1 1 0 0.239175 
62 57 0 1 1 0 0.337526 
62 54 0 1 2 0 0.434487 
62 51 0 1 2 0 0.53205 
62 55 0 1 2 0 0.58943 
62 53 0 1 2 0 0.589861 
62 49 0 1 3 0 0.601801 
62 47 0 1 3 0 0.6745 
62 45 0 1 3 0 0.735957 
62 44 0 1 3 0 0.766747 
62 41 0 1 4 0 0.850758 
62 39 0 1 4 0 0.918123 
58 63 1 1 0 0 0.1 
63 56 0 1 0 0 0.167381 
63 52 0 1 1 0 0.207829 
63 50 0 1 1 0 0.289297 
63 46 0 1 1 0 0.302972 
63 43 0 1 1 0 0.38593 
63 42 0 1 2 0 0.470046 
63 35 0 1 2 0 0.559819 
63 34 0 1 3 0 0.626492 
63 31 0 1 3 0 0.707371 
63 33 0 1 3 0 0.722405 
63 37 0 1 3 0 0.748995 
63 32 0 1 3 0 0.772156 
63 39 0 1 3 0 0.775035 
63 64 1 1 0 0 0.1 
64 58 0 1 0 0 0.160987 
64 56 0 1 1 0 0.231252 
64 52 0 1 1 0 0.251459 
64 50 0 1 1 0 0.337334 
64 46 0 1 1 0 0.368138 
64 43 0 1 2 0 0.458555 
64 42 0 1 2 0 0.539767 
64 35 0 1 3 0 0.630034 
64 34 0 1 3 0 0.687697 
64 31 0 1 3 0 0.768251 
64 33 0 1 3 0 0.78236 
64 37 0 1 4 0 0.812976 
64 39 0 1 4 0 0.836763 
35 65 1 1 0 0 0.1 
65 34 0 1 0 0 0.161933 
65 42 0 1 0 0 0.162905 
65 43 0 1 1 0 0.232291 
65 33 0 1 1 0 0.238255 
65 31 0 1 1 0 0.266081 
65 46 0 1 1 0 0.303104 
65 30 0 1 1 0 0.346721 
65 50 0 1 1 0 0.349214 
65 32 0 1 1 0 0.353081 
65 36 0 1 2 0 0.402247 
65 29 0 1 2 0 0.412467 
65 52 0 1 2 0 0.414615 
65 37 0 1 2 0 0.415952 
64 66 1 1 0 0 0.1 
66 63 0 1 0 0 0.150438 
66 58 0 1 1 0 0.239394 
66 56 0 1 1 0 0.308816 
66 52 0 1 1 0 0.331562 
66 50 0 1 2 0 0.415245 
66 46 0 1 2 0 0.43292 
66 43 0 1 2 0 0.518814 
66 42 0 1 2 0 0.59971 
66 65 0 1 3 0 0.684784 
66 35 0 1 3 0 0.686063 
66 34 0 1 3 0 0.749078 
66 31 0 1 4 0 0.829961 
66 33 0 1 4 0 0.844625 
48 67 1 1 0 0 0.1 
67 39 0 1 0 0 0.187835 
67 41 0 1 1 0 0.23724 
67 37 0 1 1 0 0.251002 
67 44 0 1 1 0 0.299055 
67 36 0 1 1 0 0.316969 
67 45 0 1 1 0 0.34689 
67 38 0 1 1 0 0.35592 
67 47 0 1 1 0 0.393477 
67 32 0 1 2 0 0.401807 
67 49 0 1 2 0 0.463938 
67 51 0 1 2 0 0.480583 
67 30 0 1 2 0 0.495903 
67 31 0 1 2 0 0.518266 
67 68 1 1 0 0 0.1 
68 48 0 1 0 0 0.171355 
68 39 0 1 1 0 0.2491 
68 41 0 1 1 0 0.275032 
68 37 0 1 1 0 0.315295 
68 44 0 1 1 0 0.341933 
68 36 0 1 1 0 0.371816 
68 45 0 1 1 0 0.382898 
68 38 0 1 1 0 0.398073 
68 47 0 1 2 0 0.428758 
68 32 0 1 2 0 0.458212 
68 49 0 1 2 0 0.501965 
68 51 0 1 2 0 0.50994 
68 30 0 1 2 0 0.551568 
62 69 1 1 0 0 0.1 
69 61 0 1 0 0 0.152773 
69 60 0 1 0 0 0.198849 
69 59 0 1 1 0 0.286256 
69 57 0 1 1 0 0.380207 
69 54 0 1 2 0 0.476069 
69 51 0 1 2 0 0.572918 
69 55 0 1 3 0 0.622088 
69 53 0 1 3 0 0.631256 
69 49 0 1 3 0 0.649563 
69 47 0 1 3 0 0.719498 
69 45 0 1 3 0 0.779427 
69 44 0 1 4 0 0.811246 
69 41 0 1 4 0 0.891976 
69 70 1 1 0 0 0.1 
70 62 0 1 0 0 0.180394 
70 61 0 1 1 0 0.229139 
70 60 0 1 1 0 0.246897 
70 59 0 1 1 0 0.32878 
70 57 0 1 2 0 0.418796 
70 54 0 1 2 0 0.513574 
70 51 0 1 3 0 0.607 
70 55 0 1 3 0 0.636413 
70 53 0 1 3 0 0.6495 
70 49 0 1 3 0 0.680275 
70 47 0 1 3 0 0.750176 
70 45 0 1 4 0 0.806722 
70 44 0 1 4 0 0.8436 
66 71 1 1 0 0 0.1 
71 64 0 1 0 0 0.178124 
71 63 0 1 1 0 0.237371 
71 58 0 1 1 0 0.326834 
71 56 0 1 1 0 0.392016 
71 52 0 1 2 0 0.402809 
71 50 0 1 2 0 0.491184 
71 46 0 1 2 0 0.508294 
71 43 0 1 2 0 0.590773 
71 42 0 1 3 0 0.672899 
71 65 0 1 3 0 0.750963 
71 35 0 1 3 0 0.755832 
71 34 0 1 4 0 0.817326 
71 31 0 1 4 0 0.894307 
70 72 1 1 0 0 0.1 
72 69 0 1 0 0 0.189611 
72 62 0 1 1 0 0.250173 
72 61 0 1 1 0 0.296654 
72 60 0 1 1 0 0.30781 
72 59 0 1 1 0 0.371801 
72 57 0 1 2 0 0.457608 
72 54 0 1 2 0 0.55088 
72 51 0 1 3 0 0.63988 
72 55 0 1 3 0 0.650916 
72 53 0 1 3 0 0.663705 
72 49 0 1 3 0 0.70602 
72 47 0 1 3 0 0.777571 
72 45 0 1 4 0 0.835093 
62 73 1 1 0 0 0.1 
73 69 0 1 0 0 0.163261 
73 61 0 1 0 0 0.173655 
73 70 0 1 1 0 0.224282 
73 60 0 1 1 0 0.252088 
73 72 0 1 1 0 0.271932 
73 59 0 1 1 0 0.303105 
73 57 0 1 2 0 0.400226 
73 54 0 1 2 0 0.497852 
73 51 0 1 2 0 0.595226 
73 53 0 1 3 0 0.647316 
73 55 0 1 3 0 0.656636 
73 49 0 1 3 0 0.658047 
73 47 0 1 3 0 0.729263 
73 45 0 1 3 0 0.792042 
72 74 1 1 0 0 0.1 
74 70 0 1 0 0 0.189627 
74 69 0 1 1 0 0.267149 
74 62 0 1 1 0 0.318552 
74 73 0 1 1 0 0.329085 
74 61 0 1 1 0 0.362929 
74 60 0 1 1 0 0.37777 
74 59 0 1 2 0 0.428638 
74 57 0 1 2 0 0.509871 
74 54 0 1 2 0 0.599721 
74 55 0 1 3 0 0.676864 
74 51 0 1 3 0 0.683429 
74 53 0 1 3 0 0.693966 
74 49 0 1 3 0 0.745026 
74 47 0 1 4 0 0.820453 
19 75 1 1 0 0 0.1 
75 20 0 1 0 0 0.171855 
75 18 0 1 0 0 0.181536 
75 17 0 1 1 0 0.223362 
75 21 0 1 1 0 0.249204 
75 22 0 1 1 0 0.25689 
75 14 0 1 1 0 0.291408 
75 15 0 1 1 0 0.298788 
75 23 0 1 1 0 0.330537 
75 13 0 1 1 0 0.346879 
75 24 0 1 1 0 0.399711 
75 11 0 1 2 0 0.434783 
75 25 0 1 2 0 0.460356 
75 26 0 1 2 0 0.524544 
75 9 0 1 2 0 0.533604 
70 76 1 1 0 0 0.1 
76 69 0 1 0 0 0.146773 
76 72 0 1 0 0 0.159775 
76 62 0 1 1 0 0.23088 
76 74 0 1 1 0 0.232717 
76 73 0 1 1 0 0.266799 
76 61 0 1 1 0 0.296655 
76 60 0 1 1 0 0.320483 
76 59 0 1 2 0 0.410796 
76 57 0 1 2 0 0.501464 
76 54 0 1 2 0 0.594533 
76 51 0 1 3 0 0.687646 
76 55 0 1 3 0 0.714653 
76 53 0 1 3 0 0.733463 
76 49 0 1 3 0 0.762554 
53 77 1 1 0 0 0.1 
77 55 0 1 0 0 0.144351 
77 49 0 1 0 0 0.186071 
77 51 0 1 1 0 0.241012 
77 47 0 1 1 0 0.241913 
77 45 0 1 1 0 0.290286 
77 54 0 1 1 0 0.292982 
77 57 0 1 1 0 0.348899 
77 44 0 1 1 0 0.385932 
77 59 0 1 2 0 0.421659 
77 41 0 1 2 0 0.47199 
77 60 0 1 2 0 0.506539 
77 39 0 1 2 0 0.538653 
77 48 0 1 2 0 0.56835 
77 61 0 1 2 0 0.577152 
71 78 1 1 0 0 0.1 
78 66 0 1 0 0 0.18162 
78 64 0 1 1 0 0.253263 
78 63 0 1 1 0 0.311614 
78 58 0 1 2 0 0.402154 
78 52 0 1 2 0 0.45172 
78 56 0 1 2 0 0.452967 
78 50 0 1 2 0 0.537827 
78 46 0 1 2 0 0.557757 
78 43 0 1 3 0 0.638441 
78 42 0 1 3 0 0.714202 
78 65 0 1 3 0 0.778014 
78 35 0 1 3 0 0.790198 
78 34 0 1 4 0 0.847349 
78 31 0 1 4 0 0.92835 
76 79 1 1 0 0 0.1 
79 70 0 1 0 0 0.195731 
79 69 0 1 1 0 0.225473 
79 72 0 1 1 0 0.237777 
79 74 0 1 1 0 0.288541 
79 62 0 1 1 0 0.303577 
79 73 0 1 1 0 0.32401 
79 61 0 1 1 0 0.376606 
79 60 0 1 2 0 0.411058 
79 59 0 1 2 0 0.503131 
79 57 0 1 2 0 0.594642 
79 54 0 1 3 0 0.687338 
79 51 0 1 3 0 0.780689 
79 55 0 1 4 0 0.807934 
79 53 0 1 4 0 0.829567 
79 80 1 1 0 0 0.1 
80 76 0 1 0 0 0.170146 
80 70 0 1 1 0 0.265621 
80 69 0 1 1 0 0.27309 
80 72 0 1 1 0 0.317554 
80 62 0 1 1 0 0.335163 
80 73 0 1 1 0 0.361089 
80 74 0 1 1 0 0.365902 
80 61 0 1 2 0 0.411526 
80 60 0 1 2 0 0.444908 
80 59 0 1 2 0 0.538832 
80 57 0 1 3 0 0.629383 
80 54 0 1 3 0 0.718684 
80 51 0 1 4 0 0.810089 
80 55 0 1 4 0 0.834893 
79 81 1 1 0 0 0.1 
81 76 0 1 0 0 0.146737 
81 80 0 1 0 0 0.176188 
81 70 0 1 1 0 0.218767 
81 69 0 1 1 0 0.245139 
81 72 0 1 1 0 0.263474 
81 74 0 1 1 0 0.317254 
81 62 0 1 1 0 0.334039 
81 73 0 1 1 0 0.353124 
81 61 0 1 1 0 0.391429 
81 60 0 1 2 0 0.428782 
81 59 0 1 2 0 0.521275 
81 57 0 1 3 0 0.608194 
81 54 0 1 3 0 0.699561 
81 51 0 1 3 0 0.793695 
77 82 1 1 0 0 0.1 
82 53 0 1 0 0 0.197974 
82 55 0 1 1 0 0.227278 
82 49 0 1 1 0 0.274993 
82 47 0 1 1 0 0.317817 
82 51 0 1 1 0 0.336207 
82 45 0 1 1 0 0.358419 
82 54 0 1 1 0 0.387214 
82 57 0 1 2 0 0.436586 
82 44 0 1 2 0 0.455251 
82 59 0 1 2 0 0.502322 
82 41 0 1 2 0 0.535236 
82 60 0 1 2 0 0.587172 
82 39 0 1 2 0 0.598056 
82 48 0 1 3 0 0.631499 
80 83 1 1 0 0 0.1 
83 79 0 1 0 0 0.145472 
83 81 0 1 1 0 0.207156 
83 76 0 1 1 0 0.217403 
83 70 0 1 1 0 0.311058 
83 69 0 1 1 0 0.321573 
83 72 0 1 1 0 0.355999 
83 62 0 1 1 0 0.373966 
83 73 0 1 1 0 0.381234 
83 74 0 1 2 0 0.408743 
83 61 0 1 2 0 0.458156 
83 60 0 1 2 0 0.494043 
83 59 0 1 2 0 0.586947 
83 57 0 1 3 0 0.679998 
83 54 0 1 3 0 0.77163 
82 84 1 1 0 0 0.1 
84 77 0 1 0 0 0.193465 
84 53 0 1 1 0 0.286291 
84 55 0 1 1 0 0.304464 
84 49 0 1 1 0 0.357164 
84 47 0 1 1 0 0.388025 
84 51 0 1 2 0 0.417633 
84 45 0 1 2 0 0.426358 
84 54 0 1 2 0 0.472784 
84 57 0 1 2 0 0.522607 
84 44 0 1 2 0 0.523717 
84 59 0 1 2 0 0.587424 
84 41 0 1 2 0 0.594338 
84 39 0 1 3 0 0.653169 
84 60 0 1 3 0 0.671558 
81 85 1 1 0 0 0.1 
85 79 0 1 0 0 0.15838 
85 76 0 1 1 0 0.214344 
85 80 0 1 1 0 0.222783 
85 83 0 1 1 0 0.262246 
85 70 0 1 1 0 0.280917 
85 72 0 1 1 0 0.302549 
85 69 0 1 1 0 0.320896 
85 74 0 1 1 0 0.331353 
85 62 0 1 2 0 0.413715 
85 73 0 1 2 0 0.434291 
85 61 0 1 2 0 0.465812 
85 60 0 1 2 0 0.499044 
85 59 0 1 2 0 0.588656 
85 57 0 1 3 0 0.671857 
85 86 1 1 0 0 0.1 
86 81 0 1 0 0 0.163954 
86 79 0 1 1 0 0.246245 
86 76 0 1 1 0 0.292724 
86 80 0 1 1 0 0.306573 
86 83 0 1 1 0 0.341917 
86 70 0 1 1 0 0.343006 
86 72 0 1 1 0 0.366431 
86 69 0 1 1 0 0.371514 
86 74 0 1 1 0 0.391696 
86 62 0 1 2 0 0.463493 
86 73 0 1 2 0 0.480634 
86 61 0 1 2 0 0.503467 
86 60 0 1 2 0 0.542185 
86 59 0 1 3 0 0.628533 
86 87 1 1 0 0 0.1 
87 85 0 1 0 0 0.17035 
87 81 0 1 1 0 0.251364 
87 79 0 1 1 0 0.319496 
87 76 0 1 1 0 0.371647 
87 80 0 1 1 0 0.37511 
87 83 0 1 2 0 0.409825 
87 70 0 1 2 0 0.418516 
87 72 0 1 2 0 0.426307 
87 74 0 1 2 0 0.430445 
87 69 0 1 2 0 0.450661 
87 62 0 1 2 0 0.539671 
87 73 0 1 2 0 0.550004 
87 61 0 1 2 0 0.580124 
87 60 0 1 3 0 0.622333 
83 88 1 1 0 0 0.1 
88 80 0 1 0 0 0.171203 
88 79 0 1 1 0 0.222562 
88 81 0 1 1 0 0.265787 
88 85 0 1 1 0 0.295808 
88 76 0 1 1 0 0.308079 
88 86 0 1 1 0 0.36614 
88 70 0 1 2 0 0.404546 
88 69 0 1 2 0 0.417856 
88 87 0 1 2 0 0.420022 
88 72 0 1 2 0 0.442094 
88 62 0 1 2 0 0.471443 
88 73 0 1 2 0 0.473772 
88 74 0 1 2 0 0.485431 
88 61 0 1 2 0 0.555253 
88 89 1 1 0 0 0.1 
89 83 0 1 0 0 0.18945 
89 80 0 1 1 0 0.238977 
89 79 0 1 1 0 0.296446 
89 81 0 1 1 0 0.320296 
89 85 0 1 1 0 0.335029 
89 86 0 1 1 0 0.387145 
89 76 0 1 1 0 0.387743 
89 87 0 1 2 0 0.430616 
89 70 0 1 2 0 0.485373 
89 69 0 1 2 0 0.491212 
89 72 0 1 2 0 0.527651 
89 62 0 1 2 0 0.546405 
89 73 0 1 2 0 0.550186 
89 74 0 1 2 0 0.568508 
78 90 1 1 0 0 0.1 
90 71 0 1 0 0 0.150858 
90 66 0 1 1 0 0.223465 
90 64 0 1 1 0 0.276431 
90 63 0 1 1 0 0.356845 
90 58 0 1 2 0 0.43536 
90 52 0 1 2 0 0.482432 
90 56 0 1 2 0 0.489526 
90 50 0 1 2 0 0.566153 
90 46 0 1 2 0 0.597623 
90 43 0 1 3 0 0.684806 
90 42 0 1 3 0 0.758325 
90 65 0 1 4 0 0.831635 
90 35 0 1 4 0 0.837042 
90 34 0 1 4 0 0.886305 
88 91 1 1 0 0 0.1 
91 89 0 1 0 0 0.140974 
91 83 0 1 0 0 0.161083 
91 80 0 1 1 0 0.244682 
91 79 0 1 1 0 0.269419 
91 81 0 1 1 0 0.291728 
91 85 0 1 1 0 0.320566 
91 76 0 1 1 0 0.346925 
91 86 0 1 1 0 0.382872 
91 87 0 1 2 0 0.437752 
91 70 0 1 2 0 0.438918 
91 69 0 1 2 0 0.462017 
91 72 0 1 2 0 0.47044 
91 73 0 1 2 0 0.516938 
91 74 0 1 2 0 0.51868 
89 92 1 1 0 0 0.1 
92 88 0 1 0 0 0.182701 
92 91 0 1 1 0 0.234827 
92 83 0 1 1 0 0.264072 
92 80 0 1 1 0 0.295916 
92 79 0 1 1 0 0.368791 
92 81 0 1 1 0 0.398708 
92 85 0 1 2 0 0.407013 
92 86 0 1 2 0 0.454536 
92 76 0 1 2 0 0.459142 
92 87 0 1 2 0 0.488694 
92 69 0 1 2 0 0.553665 
92 70 0 1 2 0 0.556267 
92 72 0 1 3 0 0.601353 
92 62 0 1 3 0 0.602454 
87 93 1 1 0 0 0.1 
93 86 0 1 0 0 0.140777 
93 85 0 1 1 0 0.230851 
93 81 0 1 1 0 0.288386 
93 79 0 1 1 0 0.371957 
93 76 0 1 2 0 0.418005 
93 80 0 1 2 0 0.433292 
93 83 0 1 2 0 0.454816 
93 70 0 1 2 0 0.456409 
93 88 0 1 2 0 0.464635 
93 72 0 1 2 0 0.467406 
93 91 0 1 2 0 0.468652 
93 89 0 1 2 0 0.471534 
93 74 0 1 2 0 0.479366 
93 69 0 1 2 0 0.482087 
87 94 1 1 0 0 0.1 
94 86 0 1 0 0 0.163213 
94 93 0 1 0 0 0.170887 
94 85 0 1 1 0 0.223517 
94 81 0 1 1 0 0.3119 
94 79 0 1 1 0 0.3725 
94 80 0 1 2 0 0.417503 
94 76 0 1 2 0 0.419293 
94 70 0 1 2 0 0.463693 
94 83 0 1 2 0 0.466809 
94 74 0 1 2 0 0.471321 
94 72 0 1 2 0 0.4727 
94 88 0 1 2 0 0.475143 
94 89 0 1 2 0 0.478269 
94 69 0 1 2 0 0.495508 
93 95 1 1 0 0 0.1 
95 87 0 1 0 0 0.187419 
95 94 0 1 1 0 0.234772 
95 86 0 1 1 0 0.23499 
95 85 0 1 1 0 0.324539 
95 81 0 1 1 0 0.377582 
95 79 0 1 2 0 0.463543 
95 76 0 1 2 0 0.50131 
95 70 0 1 2 0 0.528154 
95 80 0 1 2 0 0.530057 
95 72 0 1 2 0 0.531855 
95 74 0 1 2 0 0.538424 
95 83 0 1 2 0 0.548031 
95 91 0 1 2 0 0.553872 
95 69 0 1 2 0 0.554604 
90 96 1 1 0 0 0.1 
96 78 0 1 0 0 0.19674 
96 71 0 1 1 0 0.218767 
96 66 0 1 1 0 0.273009 
96 64 0 1 1 0 0.302733 
96 63 0 1 1 0 0.396124 
96 58 0 1 2 0 0.459209 
96 52 0 1 2 0 0.504905 
96 56 0 1 2 0 0.516905 
96 50 0 1 2 0 0.584169 
96 46 0 1 3 0 0.624497 
96 43 0 1 3 0 0.716213 
96 42 0 1 3 0 0.788174 
96 35 0 1 4 0 0.870128 
96 65 0 1 4 0 0.873546 
78 97 1 1 0 0 0.1 
97 90 0 1 0 0 0.166452 
97 71 0 1 0 0 0.169966 
97 66 0 1 1 0 0.25087 
97 96 0 1 1 0 0.261185 
97 64 0 1 1 0 0.337259 
97 63 0 1 1 0 0.382529 
97 58 0 1 2 0 0.478846 
97 56 0 1 2 0 0.530759 
97 52 0 1 2 0 0.533367 
97 50 0 1 3 0 0.616645 
97 46 0 1 3 0 0.62643 
97 43 0 1 3 0 0.701707 
97 42 0 1 3 0 0.776538 
97 65 0 1 4 0 0.831349 
94 98 1 1 0 0 0.1 
98 87 0 1 0 0 0.166468 
98 93 0 1 1 0 0.222948 
98 86 0 1 1 0 0.251512 
98 95 0 1 1 0 0.256365 
98 85 0 1 1 0 0.304432 
98 81 0 1 1 0 0.396982 
98 79 0 1 2 0 0.449759 
98 76 0 1 2 0 0.495338 
98 80 0 1 2 0 0.496133 
98 74 0 1 2 0 0.510291 
98 72 0 1 2 0 0.528803 
98 70 0 1 2 0 0.534201 
98 83 0 1 2 0 0.544399 
98 88 0 1 2 0 0.547482 
