0 30560 7261 87 91 95 99 103 107 111 115 119 123 127 131 135 139 143 147 151 155 159 163 167 171 175 179 183 187 191 195 199 203 207 211 215 219 223 227 231 235 239 243 247 251 255 259 263 267 271 273 275 277 279 281 283 285 287 289 291 293 295 299 303 307 311 315 319 323 327 331 335 339 343 345 347 349 351 353 355 357 359 361 363 365 367 369 371 373 375 377 379 383 387 391 395 
1 12 7261 95 99 103 107 111 115 119 123 127 131 135 139 143 147 151 155 159 163 167 171 175 179 183 187 191 195 199 203 207 211 215 219 223 227 231 235 239 243 247 251 255 259 263 267 271 273 275 277 279 281 283 285 287 289 291 293 295 299 303 307 311 315 319 323 327 331 335 339 343 345 347 349 351 353 355 357 359 361 363 365 367 369 371 373 375 377 379 383 387 391 
2 11 7261 103 107 111 115 119 123 127 131 135 139 143 147 151 155 159 163 167 171 175 179 183 187 191 195 199 203 207 211 215 219 223 227 231 235 239 243 247 251 255 259 263 267 269 271 273 275 277 279 281 283 285 287 289 291 293 295 299 303 307 311 315 319 323 327 331 335 339 343 345 347 349 351 353 355 357 359 361 363 365 367 369 371 373 375 377 379 383 387 391 
3 12 7261 127 131 135 139 143 147 151 153 155 157 159 161 163 167 171 175 179 183 187 191 195 199 203 207 211 215 219 223 227 231 235 239 243 247 251 255 259 263 267 271 273 275 277 279 281 283 285 287 289 291 293 295 299 303 307 311 315 319 323 327 331 335 339 343 347 349 351 353 355 357 359 361 363 365 367 369 371 373 375 377 379 383 387 391 
4 12 7261 107 111 115 119 123 127 131 135 139 143 147 151 155 159 163 167 171 175 179 183 187 191 195 199 203 207 211 215 219 223 227 231 235 239 243 247 251 255 259 263 267 269 271 273 275 277 279 281 283 285 287 289 291 293 295 299 303 307 311 315 319 323 327 331 335 339 343 345 347 349 351 353 355 357 359 361 363 365 367 369 371 373 375 377 379 383 387 391 
5 12 7261 115 119 123 127 131 135 139 143 147 151 155 157 159 161 163 167 171 175 179 183 187 191 195 199 203 207 211 215 219 223 227 231 235 239 243 247 251 255 259 263 265 267 269 271 273 275 277 279 281 283 285 287 289 291 293 295 299 303 307 311 315 319 323 327 331 335 339 343 345 347 349 351 353 355 357 359 361 363 365 367 369 371 373 375 377 379 383 387 391 395 
6 11 7261 103 107 111 115 119 123 127 131 135 139 143 147 151 155 159 163 167 171 175 179 183 187 191 195 199 203 207 211 215 219 223 227 231 235 239 243 247 251 255 259 263 265 267 269 271 273 275 277 279 281 283 285 287 289 291 293 295 299 303 307 311 315 319 323 327 331 335 339 343 345 347 349 351 353 355 357 359 361 363 365 367 369 371 373 375 377 379 383 387 391 
7 12 7261 139 143 147 149 151 153 155 157 159 161 163 167 171 175 179 183 187 191 195 199 203 207 211 215 219 223 227 231 235 239 243 247 251 255 259 263 265 267 269 271 273 275 277 279 281 283 285 287 289 291 293 295 299 303 307 311 315 319 323 327 331 335 339 343 345 347 349 351 353 355 357 359 361 363 365 367 369 371 373 375 377 379 383 387 391 
8 11 7261 99 103 107 111 115 119 123 127 131 135 139 143 147 151 155 159 163 167 171 175 179 183 187 191 195 199 203 207 211 215 219 223 227 231 235 239 243 247 251 255 259 261 263 265 267 269 271 273 275 277 279 281 283 285 287 289 291 293 295 299 303 307 311 315 319 323 327 331 335 339 343 345 347 349 351 353 355 357 359 361 363 365 367 369 371 373 375 377 379 383 387 391 395 
9 11 7261 135 139 143 145 147 149 151 153 155 157 159 161 163 167 171 175 179 183 187 191 195 199 203 207 211 215 219 223 227 231 235 239 243 247 251 255 259 261 263 265 267 269 271 273 275 277 279 281 283 285 287 289 291 293 295 299 303 307 311 315 319 323 327 331 335 339 343 345 347 349 351 353 355 357 359 361 363 365 367 369 371 373 375 377 379 383 387 391 395 
10 10 7261 145 149 153 157 161 183 187 191 195 199 203 207 211 215 219 223 227 231 235 239 243 247 251 255 259 263 267 269 271 273 275 277 279 281 283 285 287 289 291 293 295 299 303 307 311 315 319 323 327 331 335 339 343 347 349 351 353 355 357 359 361 363 365 367 369 371 373 375 377 379 383 387 
11 11 7261 119 123 127 131 135 139 143 147 151 155 159 163 167 171 175 179 183 187 191 195 199 203 207 211 215 219 223 227 231 235 239 243 247 251 253 255 257 259 261 263 265 267 269 271 273 275 277 279 281 283 285 287 289 291 295 299 303 307 311 315 319 323 327 331 335 339 341 343 345 347 349 351 353 355 357 359 361 363 365 367 369 371 373 375 377 379 383 387 391 395 
12 11 7261 123 127 131 135 139 143 147 151 155 159 163 167 171 175 179 183 187 191 195 199 203 207 211 215 219 223 227 231 235 239 243 247 251 255 259 263 265 267 269 271 273 275 277 279 281 283 285 287 289 291 293 295 299 303 307 311 315 319 323 327 331 335 339 343 345 347 349 351 353 355 357 359 361 363 365 367 369 371 373 375 377 379 383 387 391 
13 11 7261 123 127 131 135 139 143 147 151 155 159 163 167 171 175 179 183 187 191 195 199 203 207 211 215 219 223 227 231 235 239 243 247 249 251 253 255 257 259 261 263 265 267 269 271 273 275 277 279 281 283 285 287 289 291 295 299 303 307 311 315 319 323 327 331 335 339 341 343 345 347 349 351 353 355 357 359 361 363 365 367 369 371 373 375 377 379 383 387 391 395 
14 11 7261 95 99 103 107 111 115 119 123 127 131 135 139 143 147 151 155 159 163 167 171 175 179 183 187 191 195 199 203 207 211 215 219 223 227 231 235 239 241 243 245 247 249 251 253 255 257 259 261 263 265 267 269 271 273 275 277 279 281 283 285 287 291 295 299 303 307 311 315 319 323 327 331 335 337 339 341 343 345 347 349 351 353 355 357 359 361 363 365 367 369 371 373 375 379 383 387 391 395 399 
15 11 7261 63 67 71 75 79 83 87 91 95 99 103 107 111 115 119 123 127 131 135 139 143 147 151 155 159 163 167 171 175 179 183 187 191 195 199 203 207 211 215 219 223 227 231 235 239 243 247 251 255 259 263 267 269 271 273 275 277 279 281 283 285 287 291 295 299 303 307 311 315 319 323 327 331 333 335 337 339 341 343 345 347 349 351 353 355 357 359 361 363 365 367 369 371 373 375 379 383 387 391 395 399 
16 11 7261 99 103 107 111 115 119 123 127 131 135 139 143 147 151 155 159 163 167 171 175 179 183 187 191 195 199 203 207 211 215 219 223 227 231 235 239 243 247 251 255 259 261 263 265 267 269 271 273 275 277 279 281 283 285 287 289 291 293 295 299 303 307 311 315 319 323 327 331 335 339 343 345 347 349 351 353 355 357 359 361 363 365 367 369 371 373 375 377 379 383 387 391 395 
17 11 7261 59 63 67 71 75 79 83 87 91 95 99 103 107 111 115 119 123 127 131 135 139 143 147 151 155 159 163 167 171 175 179 183 187 191 195 199 203 207 211 215 219 223 227 231 235 239 243 247 251 255 259 263 267 271 275 279 283 287 291 295 299 303 307 311 315 319 323 327 331 333 335 337 339 341 343 345 347 349 351 353 355 357 359 361 363 365 367 369 371 373 375 379 383 387 391 395 399 
18 10 7261 67 71 75 79 83 87 91 95 99 103 107 111 115 119 123 127 131 135 139 143 147 151 155 159 163 167 171 175 179 183 187 191 195 199 203 207 211 215 219 223 227 231 235 239 243 247 251 255 259 263 267 271 275 279 281 283 287 291 295 299 303 307 311 315 319 323 327 331 333 335 337 339 341 343 345 347 349 351 353 355 357 359 361 363 365 367 369 371 373 375 379 383 387 391 395 399 
19 11 7261 79 83 87 91 95 99 103 107 111 115 119 123 127 131 135 139 143 147 151 155 159 163 167 171 175 179 183 187 191 195 199 203 207 211 215 219 223 227 231 235 239 243 247 249 251 253 255 257 259 261 263 265 267 269 271 273 275 277 279 281 283 287 291 295 299 303 307 311 315 319 323 327 331 333 335 337 339 341 343 345 347 349 351 353 355 357 359 361 363 365 367 369 371 373 375 379 383 387 391 395 399 
20 11 7261 87 91 95 99 103 107 111 115 119 123 127 131 135 139 143 147 151 155 159 163 167 171 175 179 183 187 191 195 199 203 207 211 215 219 223 227 231 235 239 243 245 247 249 251 253 255 257 259 261 263 265 267 269 271 273 275 277 279 281 283 287 291 295 299 303 307 311 315 319 323 327 331 333 335 337 339 341 343 345 347 349 351 353 355 357 359 361 363 365 367 369 371 373 375 379 383 387 391 395 399 
21 11 7261 111 115 119 123 127 131 135 139 143 147 151 155 159 163 167 171 175 179 183 187 191 195 199 203 207 211 215 219 221 223 225 227 229 231 233 235 237 239 241 243 245 247 249 251 253 255 257 259 261 263 265 267 269 271 273 275 277 279 281 283 287 291 295 299 303 307 311 315 319 323 327 331 333 335 337 339 341 343 345 347 349 351 353 355 357 359 361 363 365 367 369 371 373 375 379 383 387 391 395 399 
22 11 7261 103 107 111 115 119 123 127 131 135 139 143 147 151 155 159 163 167 171 175 179 183 187 191 195 199 203 207 211 215 219 223 225 227 229 231 233 235 237 239 241 243 245 247 249 251 253 255 257 259 261 263 265 267 269 271 273 275 277 279 281 283 287 291 295 299 303 307 311 315 319 323 327 329 331 333 335 337 339 341 343 345 347 349 351 353 355 357 359 361 363 365 367 369 371 373 375 379 383 387 391 395 399 
23 11 7261 95 99 103 107 111 115 119 123 127 131 135 139 143 147 151 155 159 163 167 171 175 179 183 187 191 195 199 203 207 211 215 219 223 227 231 235 239 243 247 249 251 253 255 257 259 261 263 265 267 269 271 273 275 277 279 283 287 291 295 299 303 307 311 315 319 323 327 329 331 333 335 337 339 341 343 345 347 349 351 353 355 357 359 361 363 365 367 369 371 373 375 379 383 387 391 395 397 399 
24 10 7261 95 99 103 107 111 115 119 123 127 131 135 139 143 147 151 155 159 163 167 171 175 179 183 187 191 195 199 203 207 211 215 219 223 227 231 235 239 243 247 251 255 257 259 261 263 265 267 269 271 273 275 277 279 283 287 291 295 299 303 307 311 315 319 323 327 329 331 333 335 337 339 341 343 345 347 349 351 353 355 357 359 361 363 365 367 369 371 373 375 379 383 387 391 395 397 399 
25 10 7261 79 83 87 91 95 99 103 107 111 115 119 123 127 131 135 139 143 147 151 155 159 163 167 171 175 179 183 187 191 195 199 203 207 211 215 219 223 227 231 235 239 243 247 251 255 259 263 267 271 275 279 283 287 291 295 299 303 307 311 315 319 323 325 327 329 331 333 335 337 339 341 343 345 347 349 351 353 355 357 359 361 363 365 367 369 371 373 375 379 383 387 391 395 397 399 
26 10 7261 63 67 71 75 79 83 87 91 95 99 103 107 111 115 119 123 127 131 135 139 143 147 151 155 159 163 167 171 175 179 183 187 191 195 199 203 207 211 215 219 223 227 231 235 239 243 247 251 255 259 263 267 271 275 279 283 287 291 295 299 303 307 311 315 319 323 327 331 335 337 339 341 343 345 347 349 351 353 355 357 359 361 363 365 367 369 371 373 375 379 383 387 391 395 397 399 
27 11 7261 67 71 75 79 83 87 91 95 99 103 107 111 115 119 123 127 131 135 139 143 147 151 155 159 163 167 171 175 179 183 187 191 195 199 203 207 211 215 219 223 227 231 235 239 243 247 251 255 259 263 267 271 275 279 283 287 291 295 299 303 307 311 315 319 323 327 331 335 337 339 341 343 345 347 349 351 353 355 357 359 361 363 365 367 369 371 375 379 383 387 391 395 397 399 
28 10 7261 71 75 79 83 87 91 95 99 103 107 111 115 119 123 127 131 135 139 143 147 151 155 159 163 167 171 175 179 183 187 191 195 199 203 207 211 215 219 223 227 231 235 239 243 247 251 255 259 263 267 271 275 279 283 287 291 295 299 303 307 311 315 319 323 327 331 335 339 341 343 345 347 349 351 353 355 357 359 361 363 365 367 369 371 375 379 383 387 391 395 397 399 
29 10 7261 71 75 79 83 87 91 95 99 103 107 111 115 119 123 127 131 135 139 143 147 151 155 159 163 167 171 175 179 183 187 191 195 199 203 207 211 215 219 223 227 231 235 239 243 247 251 255 259 263 267 271 275 279 283 287 291 295 299 303 307 311 315 319 323 327 331 335 339 341 343 345 347 349 351 353 355 357 359 361 363 365 367 369 371 375 379 383 387 391 395 397 399 
30 10 7261 87 91 95 99 103 107 111 115 119 123 127 131 135 139 143 147 151 155 159 163 167 171 175 179 183 187 191 195 199 203 207 211 215 219 223 227 231 235 239 243 247 251 255 259 263 267 271 275 279 283 287 291 295 299 303 307 311 315 319 321 323 325 327 329 331 333 335 337 339 341 343 345 347 349 351 353 355 357 359 361 363 365 367 369 371 375 379 383 387 391 395 397 399 
31 10 7261 79 83 87 91 95 99 103 107 111 115 119 123 127 131 135 139 143 147 151 155 159 163 167 171 175 179 183 187 191 195 199 203 207 211 215 219 223 227 231 235 239 243 247 251 255 259 263 267 271 275 279 283 287 291 295 299 303 307 311 315 319 323 327 331 335 339 343 345 347 349 351 353 355 357 359 361 363 365 367 369 371 375 379 383 387 391 395 397 399 
32 10 7261 99 103 107 111 115 119 123 127 131 135 139 143 147 151 155 159 163 167 171 175 179 183 187 191 195 199 203 207 211 215 219 223 227 231 235 239 243 247 251 255 259 263 267 271 275 279 283 287 291 295 299 303 307 311 315 319 321 323 325 327 329 331 333 335 337 339 341 343 345 347 349 351 353 355 357 359 361 363 365 367 369 371 375 379 383 387 391 395 397 399 
33 9 7261 63 67 71 75 79 83 87 91 95 99 103 107 111 115 119 123 127 131 135 139 143 147 151 155 159 163 167 171 175 179 183 187 191 195 199 203 207 211 215 219 223 227 231 235 239 243 247 251 255 259 263 267 271 275 279 283 287 291 295 299 303 307 311 315 319 323 327 331 335 339 343 347 351 355 359 363 367 371 375 379 383 387 391 393 395 397 399 
34 7 7261 51 55 59 63 67 71 75 79 83 87 91 95 99 103 107 111 115 119 123 127 131 135 139 143 147 151 155 159 163 167 171 175 179 183 187 191 195 199 203 207 211 215 219 223 227 231 235 239 243 247 251 255 259 263 267 271 275 279 283 287 291 295 299 303 307 311 315 319 323 
35 8 7261 59 63 67 71 75 79 83 87 91 95 99 103 107 111 115 119 123 127 131 135 139 143 147 151 155 159 163 167 171 175 179 183 187 191 195 199 203 207 211 215 219 223 227 231 235 239 243 247 251 255 259 263 267 271 275 279 283 287 291 295 299 303 307 311 315 319 323 327 331 335 339 343 347 351 355 359 363 367 371 375 
36 10 7261 123 127 131 135 139 143 147 151 155 159 163 167 171 175 179 183 187 191 195 199 203 207 211 215 219 223 227 231 235 239 243 247 249 251 253 255 257 259 261 263 265 267 269 271 275 279 283 287 291 295 299 303 307 311 315 319 323 325 327 329 331 333 335 337 339 341 343 345 347 349 351 353 355 357 359 361 363 365 367 369 371 373 375 379 383 387 391 395 397 399 
37 10 7261 119 123 127 131 135 139 143 147 151 155 159 163 167 171 175 179 183 187 191 195 199 203 207 211 215 219 223 227 231 235 239 243 247 251 255 259 261 263 265 267 269 271 275 279 283 287 291 295 299 303 307 311 315 319 321 323 325 327 329 331 333 335 337 339 341 343 345 347 349 351 353 355 357 359 361 363 365 367 369 371 373 375 379 383 387 391 395 397 399 
38 10 7261 115 119 123 127 131 135 139 143 147 151 155 159 163 167 171 175 179 183 187 191 195 199 203 207 211 215 219 223 227 231 235 239 243 247 251 253 255 257 259 261 263 265 267 269 271 275 279 283 287 291 295 299 303 307 311 315 319 321 323 325 327 329 331 333 335 337 339 341 343 345 347 349 351 353 355 357 359 361 363 365 367 369 371 375 379 383 387 391 395 397 399 
39 10 7261 135 139 143 147 151 155 159 163 167 171 175 179 183 187 191 195 199 203 207 211 215 219 223 227 231 233 235 237 239 241 243 245 247 249 251 253 255 257 259 261 263 265 267 269 271 275 279 283 287 291 295 299 303 307 311 315 319 323 325 327 329 331 333 335 337 339 341 343 345 347 349 351 353 355 357 359 361 363 365 367 369 371 373 375 379 383 387 391 395 397 399 
40 10 7261 87 91 95 99 103 107 111 115 119 123 127 131 135 139 143 147 151 155 159 163 167 171 175 179 183 187 191 195 199 203 207 211 215 219 223 227 231 235 239 243 247 251 255 259 263 267 271 275 279 283 287 291 295 299 303 307 311 315 319 323 325 327 329 331 333 335 337 339 341 343 345 347 349 351 353 355 357 359 361 363 365 367 369 371 373 375 379 383 387 391 395 397 399 
41 10 7261 127 131 135 139 143 147 151 155 159 163 167 171 175 179 183 187 191 195 199 203 207 211 215 219 223 227 231 235 239 241 243 245 247 249 251 253 255 257 259 261 263 265 267 269 271 275 279 283 287 291 295 299 303 307 311 315 319 321 323 325 327 329 331 333 335 337 339 341 343 345 347 349 351 353 355 357 359 361 363 365 367 369 371 375 379 383 387 391 395 397 399 
42 5 7261 43 47 51 55 59 63 67 71 75 79 83 87 91 95 99 103 107 111 115 119 123 127 131 135 139 143 147 151 155 159 163 167 171 175 179 183 187 191 195 199 203 207 211 215 219 223 227 231 235 239 243 247 251 
43 5 7261 35 39 43 47 51 55 59 63 67 71 75 79 83 87 91 95 99 103 107 111 115 119 123 127 131 135 139 143 147 151 155 159 163 167 171 175 179 183 187 191 195 199 203 207 
44 10 7261 131 135 139 143 147 151 155 159 163 167 171 175 179 183 187 191 195 199 203 207 211 215 219 223 227 231 235 239 241 243 245 247 249 251 253 255 257 259 261 263 265 267 269 271 275 279 283 287 291 295 299 303 307 311 315 319 321 323 325 327 329 331 333 335 337 339 341 343 345 347 349 351 353 355 357 359 361 363 365 367 369 371 373 375 379 383 387 391 395 397 399 
45 10 7261 155 159 163 167 171 175 179 183 187 191 195 199 203 205 207 209 211 213 215 217 219 221 223 225 227 229 231 233 235 237 239 241 243 245 247 249 251 253 255 257 259 261 263 265 267 269 271 273 275 279 283 287 291 295 299 303 307 311 315 319 323 325 327 329 331 333 335 337 339 341 343 345 347 349 351 353 355 357 359 361 363 365 367 369 371 373 375 379 383 387 391 395 399 
46 3 7261 15 19 23 27 31 35 39 43 47 51 55 59 63 67 71 75 79 83 87 91 95 99 103 107 111 115 119 123 127 131 135 139 143 
47 10 7261 159 163 167 171 175 179 183 187 191 195 199 203 207 209 211 213 215 217 219 221 223 225 227 229 231 233 235 237 239 241 243 245 247 249 251 253 255 257 259 261 263 265 267 269 271 273 275 279 283 287 291 295 299 303 307 311 315 319 323 325 327 329 331 333 335 337 339 341 343 345 347 349 351 353 355 357 359 361 363 365 367 369 371 373 375 379 383 387 391 395 399 
48 10 7261 155 159 163 167 171 175 179 183 187 191 195 199 201 203 205 207 209 211 213 215 217 219 221 223 225 227 229 231 233 235 237 239 241 243 245 247 249 251 253 255 257 259 261 263 265 267 269 271 273 275 279 283 287 291 295 299 303 307 311 315 319 323 325 327 329 331 333 335 337 339 341 343 345 347 349 351 353 355 357 359 361 363 365 367 369 371 373 375 379 383 387 391 395 399 
49 10 7261 171 175 179 183 187 191 195 199 201 203 205 207 209 211 213 215 217 219 221 223 225 227 229 231 233 235 237 239 241 243 245 247 249 251 253 255 257 259 261 263 265 267 269 271 273 275 279 283 287 291 295 299 303 307 311 315 319 323 327 329 331 333 335 337 339 341 343 345 347 349 351 353 355 357 359 361 363 365 367 369 371 373 375 379 383 387 391 395 399 
50 3 7261 3 7 11 15 19 23 27 31 35 39 43 47 51 55 59 63 67 71 75 79 83 87 368 372 376 380 384 388 392 396 
51 10 7261 171 175 179 183 187 191 195 199 201 203 205 207 209 211 213 215 217 219 221 223 225 227 229 231 233 235 237 239 241 243 245 247 249 251 253 255 257 259 261 263 265 267 269 271 273 275 279 283 287 291 295 299 303 307 311 315 319 323 325 327 329 331 333 335 337 339 341 343 345 347 349 351 353 355 357 359 361 363 365 367 369 371 373 375 379 383 387 391 395 399 
52 3 7261 3 7 11 15 19 23 27 31 35 39 43 47 51 55 59 63 67 71 356 360 364 368 372 376 380 384 388 392 396 
53 10 7261 195 199 203 205 207 209 211 213 215 217 219 221 223 225 227 229 231 233 235 237 239 241 243 245 247 249 251 253 255 257 259 261 263 265 267 269 271 273 275 277 279 283 287 291 295 299 303 307 311 315 319 323 327 331 333 335 337 339 341 343 345 347 349 351 353 355 357 359 361 363 365 367 369 371 373 375 379 383 387 391 395 399 
54 10 7261 151 155 159 163 167 171 175 179 183 187 191 195 199 203 207 211 215 217 219 221 223 225 227 229 231 233 235 237 239 241 243 245 247 249 251 253 255 257 259 261 263 265 267 269 271 275 279 283 287 291 295 299 303 307 311 315 319 321 323 325 327 329 331 333 335 337 339 341 343 345 347 349 351 353 355 357 359 361 363 365 367 369 371 373 375 379 383 387 391 395 397 399 
55 10 7261 209 213 217 221 225 229 233 237 241 245 249 253 255 257 259 261 263 265 267 269 271 273 275 277 279 281 283 285 287 291 295 299 303 307 311 315 319 323 327 331 335 339 343 345 347 349 351 353 355 357 359 361 363 365 367 369 371 373 375 377 379 383 387 
56 3 7261 3 7 11 15 19 23 27 31 35 39 43 47 51 55 59 63 67 356 360 364 368 372 376 380 384 388 392 396 
57 9 7261 139 143 147 151 155 159 163 167 171 175 179 183 187 191 195 199 203 207 211 215 219 223 227 231 235 239 241 243 245 247 249 251 253 255 257 259 261 263 265 267 271 275 279 283 287 291 295 299 303 307 311 315 319 321 323 325 327 329 331 333 335 337 339 341 343 345 347 349 351 353 355 357 359 361 363 365 367 369 371 375 379 383 387 391 395 397 399 
58 3 7261 3 7 11 15 19 23 27 31 35 39 43 47 51 55 59 63 67 360 364 368 372 376 380 384 388 392 396 
59 9 7261 127 131 135 139 143 147 151 155 159 163 167 171 175 179 183 187 191 195 199 203 207 211 215 219 223 227 231 235 239 243 247 251 255 257 259 261 263 265 267 271 275 279 283 287 291 295 299 303 307 311 315 317 319 321 323 325 327 329 331 333 335 337 339 341 343 345 347 349 351 353 355 357 359 361 363 365 367 369 371 375 379 383 387 391 393 395 397 399 
60 10 7261 127 131 135 139 143 147 151 155 159 163 167 171 175 179 183 187 191 195 199 203 207 211 215 219 223 227 231 235 239 241 243 245 247 249 251 253 255 257 259 261 263 267 271 275 279 283 287 291 295 299 303 307 311 315 317 319 321 323 325 327 329 331 333 335 337 339 341 343 345 347 349 351 353 355 357 359 361 363 365 367 369 371 375 379 383 387 391 393 395 397 399 
61 10 7261 111 115 119 123 127 131 135 139 143 147 151 155 159 163 167 171 175 179 183 187 191 195 199 203 207 211 215 219 223 227 231 235 239 243 247 251 255 259 263 267 271 275 279 283 287 291 295 299 303 307 311 315 317 319 321 323 325 327 329 331 333 335 337 339 341 343 345 347 349 351 353 355 357 359 361 363 365 367 369 371 375 379 383 387 391 393 395 397 399 
62 10 7261 107 111 115 119 123 127 131 135 139 143 147 151 155 159 163 167 171 175 179 183 187 191 195 199 203 207 211 215 219 223 227 231 235 239 243 247 251 255 259 263 267 271 275 279 283 287 291 295 299 303 307 311 313 315 317 319 321 323 325 327 329 331 333 335 337 339 341 343 345 347 349 351 353 355 357 359 361 363 365 367 369 371 375 379 383 387 391 393 395 397 399 
63 3 7261 3 7 11 15 19 23 27 31 35 39 43 47 51 55 59 63 67 71 75 364 368 372 376 380 384 388 392 396 
64 3 7261 3 7 11 15 19 23 27 31 35 39 43 47 352 356 360 364 368 372 376 380 384 388 392 396 
65 7 7261 55 59 63 67 71 75 79 83 87 91 95 99 103 107 111 115 119 123 127 131 135 139 143 147 151 155 159 163 167 171 175 179 183 187 191 195 199 203 207 211 215 219 223 227 231 235 239 243 247 251 255 259 263 267 271 275 279 283 287 291 295 299 303 307 311 315 319 323 327 331 335 339 
66 3 7261 3 7 11 15 19 23 27 31 35 39 43 47 51 55 59 63 360 364 368 372 376 380 384 388 392 396 
67 10 7261 195 199 203 205 207 209 211 213 215 217 219 221 223 225 227 229 231 233 235 237 239 241 243 245 247 249 251 253 255 257 259 261 263 265 267 269 271 273 275 277 279 283 287 291 295 299 303 307 311 315 319 323 327 331 333 335 337 339 341 343 345 347 349 351 353 355 357 359 361 363 365 367 369 371 373 375 379 383 387 391 395 399 
68 11 7261 205 209 211 213 215 217 219 221 223 225 227 229 231 233 235 237 239 241 243 245 247 249 251 253 255 257 259 261 263 265 267 269 271 273 275 277 279 283 287 291 295 299 303 307 311 315 319 323 327 331 333 335 337 339 341 343 345 347 349 351 353 355 357 359 361 363 365 367 369 371 373 375 379 383 387 391 395 399 
69 10 7261 115 119 123 127 131 135 139 143 147 151 155 159 163 167 171 175 179 183 187 191 195 199 203 207 211 215 219 223 227 231 235 239 243 247 251 255 257 259 261 263 267 271 275 279 283 287 291 295 299 303 307 311 315 317 319 321 323 325 327 329 331 333 335 337 339 341 343 345 347 349 351 353 355 357 359 361 363 365 367 369 371 375 379 383 387 391 393 395 397 399 
70 10 7261 123 127 131 135 139 143 147 151 155 159 163 167 171 175 179 183 187 191 195 199 203 207 211 215 219 223 227 231 233 235 237 239 241 243 245 247 249 251 253 255 257 259 261 263 267 271 275 279 283 287 291 295 299 303 307 311 315 317 319 321 323 325 327 329 331 333 335 337 339 341 343 345 347 349 351 353 355 357 359 361 363 365 367 369 371 375 379 383 387 391 393 395 397 399 
71 3 7261 3 7 11 15 19 23 27 31 35 39 43 47 51 55 59 352 356 360 364 368 372 376 380 384 388 392 396 
72 10 7261 123 127 131 135 139 143 147 151 155 159 163 167 171 175 179 183 187 191 195 199 203 207 211 215 219 223 225 227 229 231 233 235 237 239 241 243 245 247 249 251 253 255 257 259 261 263 267 271 275 279 283 287 291 295 299 303 307 311 315 317 319 321 323 325 327 329 331 333 335 337 339 341 343 345 347 349 351 353 355 357 359 361 363 365 367 369 371 375 379 383 387 391 393 395 397 399 
73 9 7261 83 87 91 95 99 103 107 111 115 119 123 127 131 135 139 143 147 151 155 159 163 167 171 175 179 183 187 191 195 199 203 207 211 215 219 223 227 231 235 239 243 247 251 255 259 263 267 271 275 279 283 287 291 295 299 303 307 311 315 319 323 327 331 335 339 343 347 351 355 357 359 361 363 365 367 369 371 375 379 383 387 389 391 393 395 397 399 
74 11 7261 139 143 147 151 155 159 163 167 171 175 179 183 187 191 195 199 201 203 205 207 209 211 213 215 217 219 221 223 225 227 229 231 233 235 237 239 241 243 245 247 249 251 253 255 257 259 261 263 265 267 271 275 279 283 287 291 295 299 303 307 311 315 317 319 321 323 325 327 329 331 333 335 337 339 341 343 345 347 349 351 353 355 357 359 361 363 365 367 369 371 375 379 383 387 391 393 395 397 399 
75 11 7261 79 83 87 91 95 99 103 107 111 115 119 123 127 131 135 139 143 147 151 155 159 163 167 171 175 179 183 187 191 195 199 203 207 211 215 219 223 227 231 235 239 243 247 249 251 253 255 257 259 261 263 265 267 269 271 273 275 277 279 281 283 287 291 295 299 303 307 311 315 319 323 327 331 333 335 337 339 341 343 345 347 349 351 353 355 357 359 361 363 365 367 369 371 373 375 379 383 387 391 395 399 
76 10 7261 127 131 135 139 143 147 151 155 159 163 167 171 175 179 183 187 191 195 199 203 207 211 213 215 217 219 221 223 225 227 229 231 233 235 237 239 241 243 245 247 249 251 253 255 257 259 261 263 267 271 275 279 283 287 291 295 299 303 307 311 315 317 319 321 323 325 327 329 331 333 335 337 339 341 343 345 347 349 351 353 355 357 359 361 363 365 367 369 371 375 379 383 387 391 393 395 397 399 
77 10 7261 205 207 209 211 213 215 217 219 221 223 225 227 229 231 233 235 237 239 241 243 245 247 249 251 253 255 257 259 261 263 265 267 269 271 273 275 277 279 281 283 287 291 295 299 303 307 311 315 319 323 327 331 335 337 339 341 343 345 347 349 351 353 355 357 359 361 363 365 367 369 371 373 375 377 379 383 387 391 395 
78 3 7261 3 7 11 15 19 23 27 31 35 39 43 47 51 55 348 352 356 360 364 368 372 376 380 384 388 392 396 
79 11 7261 123 127 131 135 139 143 147 151 155 159 163 167 171 175 179 183 187 191 195 199 203 207 209 211 213 215 217 219 221 223 225 227 229 231 233 235 237 239 241 243 245 247 249 251 253 255 257 259 261 263 267 271 275 279 283 287 291 295 299 303 307 311 315 317 319 321 323 325 327 329 331 333 335 337 339 341 343 345 347 349 351 353 355 357 359 361 363 365 367 369 371 375 379 383 387 391 393 395 397 399 
80 11 7261 139 143 147 151 155 159 163 167 171 175 179 183 187 191 195 197 199 201 203 205 207 209 211 213 215 217 219 221 223 225 227 229 231 233 235 237 239 241 243 245 247 249 251 253 255 257 259 261 263 267 271 275 279 283 287 291 295 299 303 307 311 315 317 319 321 323 325 327 329 331 333 335 337 339 341 343 345 347 349 351 353 355 357 359 361 363 365 367 369 371 375 379 383 387 391 393 395 397 399 
81 11 7261 107 111 115 119 123 127 131 135 139 143 147 151 155 159 163 167 171 175 179 183 187 191 195 199 203 207 211 215 219 223 227 231 233 235 237 239 241 243 245 247 249 251 253 255 257 259 261 263 267 271 275 279 283 287 291 295 299 303 307 311 313 315 317 319 321 323 325 327 329 331 333 335 337 339 341 343 345 347 349 351 353 355 357 359 361 363 365 367 369 371 375 379 383 387 389 391 393 395 397 399 
82 10 7261 205 209 213 217 221 223 225 227 229 231 233 235 237 239 241 243 245 247 249 251 253 255 257 259 261 263 265 267 269 271 273 275 277 279 281 283 285 287 291 295 299 303 307 311 315 319 323 327 331 335 339 341 343 345 347 349 351 353 355 357 359 361 363 365 367 369 371 373 375 377 379 383 387 391 
83 11 7261 107 111 115 119 123 127 131 135 139 143 147 151 155 159 163 167 171 175 179 183 187 191 195 199 203 207 211 215 219 223 227 231 233 235 237 239 241 243 245 247 249 251 253 255 257 259 261 263 267 271 275 279 283 287 291 295 299 303 307 311 313 315 317 319 321 323 325 327 329 331 333 335 337 339 341 343 345 347 349 351 353 355 357 359 361 363 365 367 369 371 375 379 383 387 389 391 393 395 397 399 
84 9 7261 97 101 225 229 233 237 241 245 247 249 251 253 255 257 259 261 263 265 267 269 271 273 275 277 279 281 283 285 287 289 291 295 299 303 307 311 315 319 323 327 331 335 339 343 347 349 351 353 355 357 359 361 363 365 367 369 371 373 375 377 379 383 
85 11 7261 123 127 131 135 139 143 147 151 155 159 163 167 171 175 179 183 187 191 195 197 199 201 203 205 207 209 211 213 215 217 219 221 223 225 227 229 231 233 235 237 239 241 243 245 247 249 251 253 255 257 259 261 263 267 271 275 279 283 287 291 295 299 303 307 311 315 317 319 321 323 325 327 329 331 333 335 337 339 341 343 345 347 349 351 353 355 357 359 361 363 365 367 369 371 375 379 383 387 391 393 395 397 399 
86 11 7261 111 115 119 123 127 131 135 139 143 147 151 155 159 163 167 171 175 179 183 187 191 195 199 201 203 205 207 209 211 213 215 217 219 221 223 225 227 229 231 233 235 237 239 241 243 245 247 249 251 253 255 257 259 261 263 267 271 275 279 283 287 291 295 299 303 307 311 313 315 317 319 321 323 325 327 329 331 333 335 337 339 341 343 345 347 349 351 353 355 357 359 361 363 365 367 369 371 375 379 383 387 389 391 393 395 397 399 
87 11 7261 119 123 127 131 135 139 143 147 151 155 159 163 167 171 175 179 183 187 191 195 197 199 201 203 205 207 209 211 213 215 217 219 221 223 225 227 229 231 233 235 237 239 241 243 245 247 249 251 253 255 257 259 261 263 267 271 275 279 283 287 291 295 299 303 307 311 315 317 319 321 323 325 327 329 331 333 335 337 339 341 343 345 347 349 351 353 355 357 359 361 363 365 367 369 371 375 379 383 387 391 393 395 397 399 
88 11 7261 107 111 115 119 123 127 131 135 139 143 147 151 155 159 163 167 171 175 179 183 187 191 195 199 203 207 211 215 219 223 225 227 229 231 233 235 237 239 241 243 245 247 249 251 253 255 257 259 261 263 267 271 275 279 283 287 291 295 299 303 307 311 313 315 317 319 321 323 325 327 329 331 333 335 337 339 341 343 345 347 349 351 353 355 357 359 361 363 365 367 369 371 375 379 383 387 389 391 393 395 397 399 
89 11 7261 107 111 115 119 123 127 131 135 139 143 147 151 155 159 163 167 171 175 179 183 187 191 195 199 203 207 209 211 213 215 217 219 221 223 225 227 229 231 233 235 237 239 241 243 245 247 249 251 253 255 257 259 261 263 267 271 275 279 283 287 291 295 299 303 307 311 313 315 317 319 321 323 325 327 329 331 333 335 337 339 341 343 345 347 349 351 353 355 357 359 361 363 365 367 369 371 375 379 383 387 389 391 393 395 397 399 
90 2 7261 3 7 11 15 19 23 27 31 344 348 352 356 360 364 368 372 376 380 384 388 392 396 
91 11 7261 83 87 91 95 99 103 107 111 115 119 123 127 131 135 139 143 147 151 155 159 163 167 171 175 179 183 187 191 195 199 203 207 211 215 219 223 227 231 235 239 243 247 251 255 257 259 263 267 271 275 279 283 287 291 295 299 303 307 311 313 315 317 319 321 323 325 327 329 331 333 335 337 339 341 343 345 347 349 351 353 355 357 359 361 363 365 367 371 375 379 383 387 389 391 393 395 397 399 
92 12 7261 127 131 135 139 143 147 151 155 159 163 167 171 175 179 183 187 191 195 197 199 201 203 205 207 209 211 213 215 217 219 221 223 225 227 229 231 233 235 237 239 241 243 245 247 249 251 253 255 257 259 261 263 267 271 275 279 283 287 291 295 299 303 307 311 315 317 319 321 323 325 327 329 331 333 335 337 339 341 343 345 347 349 351 353 355 357 359 361 363 365 367 369 371 375 379 383 387 391 393 395 397 399 
93 11 7261 83 87 91 95 99 103 107 111 115 119 123 127 131 135 139 143 147 151 155 159 163 167 171 175 179 183 187 191 195 199 203 207 211 215 219 223 227 231 235 239 243 247 251 253 255 257 259 263 267 271 275 279 283 287 291 295 299 303 307 311 313 315 317 319 321 323 325 327 329 331 333 335 337 339 341 343 345 347 349 351 353 355 357 359 361 363 365 367 369 371 375 379 383 387 389 391 393 395 397 399 
94 12 7261 159 163 167 171 175 179 183 187 191 195 197 199 201 203 205 207 209 211 213 215 217 219 221 223 225 227 229 231 233 235 237 239 241 243 245 247 249 251 253 255 257 259 261 263 265 267 271 275 279 283 287 291 295 299 303 307 311 315 319 321 323 325 327 329 331 333 335 337 339 341 343 345 347 349 351 353 355 357 359 361 363 365 367 369 371 375 379 383 387 391 393 395 397 399 
95 11 7261 67 71 75 79 83 87 91 95 99 103 107 111 115 119 123 127 131 135 139 143 147 151 155 159 163 167 171 175 179 183 187 191 195 199 203 207 211 215 219 223 227 231 235 239 243 247 251 255 259 263 267 271 275 279 283 287 291 295 299 303 307 311 313 315 317 319 321 323 325 327 329 331 333 335 337 339 341 343 345 347 349 351 353 355 357 359 361 363 365 367 371 375 379 383 387 389 391 393 395 397 399 
96 2 7261 3 7 11 340 344 348 352 356 360 364 368 372 376 380 384 388 392 396 
97 3 7261 3 7 11 15 19 23 27 31 35 39 43 47 51 55 59 63 67 71 356 360 364 368 372 376 380 384 388 392 396 
98 12 7261 175 179 183 187 191 195 199 201 203 205 207 209 211 213 215 217 219 221 223 225 227 229 231 233 235 237 239 241 243 245 247 249 251 253 255 257 259 261 263 265 267 269 271 275 279 283 287 291 295 299 303 307 311 315 319 321 323 325 327 329 331 333 335 337 339 341 343 345 347 349 351 353 355 357 359 361 363 365 367 369 371 375 379 383 387 391 395 397 399 
