0 4 1 1 0 0 1.924002
0 8 1 1 0 0 1.384379
0 13 1 1 0 0 0.790955
0 15 1 1 0 0 1.608692
0 23 1 1 0 0 1.195083
0 27 1 1 0 0 1.348647
0 32 1 1 0 0 1.822172
1 3 1 1 0 0 1.917647
1 10 1 1 0 0 0.775368
1 12 1 1 0 0 0.726605
1 16 1 1 0 0 1.608692
1 18 1 1 0 0 0.991680
1 21 1 1 0 0 1.226587
1 33 1 1 0 0 1.822172
1 35 1 1 0 0 1.716085
1 40 1 1 0 0 1.924002
2 3 1 1 0 0 1.018625
2 6 1 1 0 0 1.348647
2 11 1 1 0 0 0.637689
2 16 1 1 0 0 1.694610
2 17 1 1 0 0 0.911086
2 20 1 1 0 0 1.445840
2 22 1 1 0 0 1.235265
2 25 1 1 0 0 1.195083
2 29 1 1 0 0 1.411665
2 30 1 1 0 0 1.988738
2 31 1 1 0 0 1.520179
2 34 1 1 0 0 1.822172
2 39 1 1 0 0 1.846297
3 10 1 1 0 0 1.384379
3 11 1 1 0 0 1.483604
3 16 1 1 0 0 0.835974
3 17 1 1 0 0 1.642484
3 18 1 1 0 0 1.563720
3 21 1 1 0 0 1.453209
3 22 1 1 0 0 0.988212
3 25 1 1 0 0 1.344113
3 29 1 1 0 0 1.879065
3 30 1 1 0 0 1.384379
3 31 1 1 0 0 1.433386
3 33 1 1 0 0 1.744306
4 5 1 1 0 0 1.758246
4 8 1 1 0 0 0.617632
4 9 1 1 0 0 0.509313
4 14 1 1 0 0 1.100703
4 15 1 1 0 0 0.775368
4 23 1 1 0 0 1.942942
4 26 1 1 0 0 1.344113
4 28 1 1 0 0 1.826355
4 32 1 1 0 0 1.680142
4 36 1 1 0 0 1.613428
4 37 1 1 0 0 1.622152
4 42 1 1 0 0 1.917647
4 43 1 1 0 0 1.950193
5 7 1 1 0 0 0.597541
5 9 1 1 0 0 1.348647
5 14 1 1 0 0 0.911086
5 19 1 1 0 0 0.804346
5 24 1 1 0 0 0.958823
5 26 1 1 0 0 1.437373
5 28 1 1 0 0 1.235265
5 38 1 1 0 0 1.729371
6 11 1 1 0 0 0.952436
6 17 1 1 0 0 1.018625
6 20 1 1 0 0 0.692189
6 25 1 1 0 0 1.822172
6 29 1 1 0 0 1.495640
6 34 1 1 0 0 1.384379
6 39 1 1 0 0 1.961700
6 41 1 1 0 0 1.781524
7 9 1 1 0 0 1.917647
7 14 1 1 0 0 1.411665
7 19 1 1 0 0 0.617632
7 24 1 1 0 0 0.991680
7 26 1 1 0 0 1.822172
7 28 1 1 0 0 1.437373
7 38 1 1 0 0 1.898454
7 46 1 1 0 0 1.924002
8 9 1 1 0 0 1.018625
8 13 1 1 0 0 1.778953
8 14 1 1 0 0 1.593444
8 15 1 1 0 0 0.398361
8 23 1 1 0 0 1.344113
8 26 1 1 0 0 1.635968
8 27 1 1 0 0 1.822172
8 32 1 1 0 0 1.235265
8 36 1 1 0 0 1.608692
8 37 1 1 0 0 1.520179
8 42 1 1 0 0 1.781524
8 43 1 1 0 0 1.930533
8 45 1 1 0 0 1.846297
9 14 1 1 0 0 0.594982
9 15 1 1 0 0 0.988212
9 19 1 1 0 0 1.781524
9 24 1 1 0 0 1.563720
9 26 1 1 0 0 0.892473
9 28 1 1 0 0 1.325825
9 32 1 1 0 0 1.781524
9 36 1 1 0 0 1.348647
9 37 1 1 0 0 1.433386
9 38 1 1 0 0 1.608692
9 42 1 1 0 0 1.729371
9 43 1 1 0 0 1.669436
10 12 1 1 0 0 1.018625
10 16 1 1 0 0 0.864685
10 18 1 1 0 0 0.337162
10 21 1 1 0 0 0.494106
10 22 1 1 0 0 1.729371
10 30 1 1 0 0 1.325825
10 33 1 1 0 0 1.111738
10 35 1 1 0 0 1.195083
10 40 1 1 0 0 1.608692
10 44 1 1 0 0 1.729371
11 16 1 1 0 0 1.950193
11 17 1 1 0 0 0.298771
11 20 1 1 0 0 0.830939
11 22 1 1 0 0 1.231863
11 25 1 1 0 0 0.939532
11 29 1 1 0 0 0.880857
11 31 1 1 0 0 1.325825
11 34 1 1 0 0 1.196678
11 39 1 1 0 0 1.364674
11 41 1 1 0 0 1.532176
12 16 1 1 0 0 1.846297
12 18 1 1 0 0 0.990140
12 21 1 1 0 0 1.235265
12 33 1 1 0 0 1.680142
12 35 1 1 0 0 1.344113
12 40 1 1 0 0 1.348647
13 15 1 1 0 0 1.839674
13 23 1 1 0 0 0.835974
13 27 1 1 0 0 0.692189
13 32 1 1 0 0 1.635968
13 47 1 1 0 0 1.904873
13 53 1 1 0 0 1.992570
14 15 1 1 0 0 1.486429
14 19 1 1 0 0 1.195083
14 24 1 1 0 0 0.971471
14 26 1 1 0 0 0.617632
14 28 1 1 0 0 0.804346
14 36 1 1 0 0 1.344113
14 37 1 1 0 0 1.520179
14 38 1 1 0 0 1.195083
14 42 1 1 0 0 1.781524
14 43 1 1 0 0 1.598463
14 52 1 1 0 0 1.976424
15 23 1 1 0 0 1.235265
15 26 1 1 0 0 1.385480
15 27 1 1 0 0 1.729371
15 28 1 1 0 0 1.976424
15 32 1 1 0 0 0.911086
15 36 1 1 0 0 1.235265
15 37 1 1 0 0 1.128426
15 42 1 1 0 0 1.384379
15 43 1 1 0 0 1.548029
15 45 1 1 0 0 1.470951
15 47 1 1 0 0 1.822172
15 51 1 1 0 0 1.758246
16 17 1 1 0 0 1.992570
16 18 1 1 0 0 0.880857
16 21 1 1 0 0 0.692189
16 22 1 1 0 0 0.864685
16 25 1 1 0 0 1.358791
16 29 1 1 0 0 1.976424
16 30 1 1 0 0 0.674323
16 31 1 1 0 0 1.208099
16 33 1 1 0 0 0.911086
16 35 1 1 0 0 1.385480
16 40 1 1 0 0 1.961700
16 44 1 1 0 0 1.394263
16 48 1 1 0 0 1.917647
16 49 1 1 0 0 1.622152
16 50 1 1 0 0 1.680142
17 20 1 1 0 0 0.674323
17 22 1 1 0 0 1.195083
17 25 1 1 0 0 0.804346
17 29 1 1 0 0 0.597541
17 30 1 1 0 0 1.976424
17 31 1 1 0 0 1.186433
17 34 1 1 0 0 0.911086
17 39 1 1 0 0 1.089557
17 41 1 1 0 0 1.235265
17 48 1 1 0 0 1.822172
17 55 1 1 0 0 1.976424
18 21 1 1 0 0 0.254656
18 22 1 1 0 0 1.712747
18 30 1 1 0 0 1.165674
18 31 1 1 0 0 1.976424
18 33 1 1 0 0 0.830939
18 35 1 1 0 0 0.858042
18 40 1 1 0 0 1.294673
18 44 1 1 0 0 1.441877
18 49 1 1 0 0 1.822172
18 50 1 1 0 0 1.862958
19 24 1 1 0 0 0.417987
19 26 1 1 0 0 1.411665
19 28 1 1 0 0 0.911086
19 38 1 1 0 0 1.325825
19 46 1 1 0 0 1.384379
19 52 1 1 0 0 1.729371
20 22 1 1 0 0 1.839674
20 25 1 1 0 0 1.394263
20 29 1 1 0 0 0.911086
20 31 1 1 0 0 1.741898
20 34 1 1 0 0 0.692189
20 39 1 1 0 0 1.325825
20 41 1 1 0 0 1.089557
20 59 1 1 0 0 1.992570
21 22 1 1 0 0 1.486429
21 25 1 1 0 0 1.967137
21 30 1 1 0 0 0.911086
21 31 1 1 0 0 1.730473
21 33 1 1 0 0 0.617632
21 35 1 1 0 0 0.804346
21 40 1 1 0 0 1.325825
21 44 1 1 0 0 1.235265
21 49 1 1 0 0 1.598463
21 50 1 1 0 0 1.642484
21 58 1 1 0 0 1.976424
22 25 1 1 0 0 0.494106
22 29 1 1 0 0 1.111738
22 30 1 1 0 0 0.804346
22 31 1 1 0 0 0.446237
22 33 1 1 0 0 1.385480
22 34 1 1 0 0 1.729371
22 35 1 1 0 0 1.976424
22 39 1 1 0 0 1.216595
22 41 1 1 0 0 1.822172
22 44 1 1 0 0 1.546796
22 48 1 1 0 0 1.348647
22 49 1 1 0 0 1.548029
22 50 1 1 0 0 1.608692
22 55 1 1 0 0 1.729371
22 57 1 1 0 0 1.758246
23 27 1 1 0 0 0.494106
23 32 1 1 0 0 0.804346
23 36 1 1 0 0 1.976424
23 37 1 1 0 0 1.744524
23 42 1 1 0 0 1.822172
23 45 1 1 0 0 1.385480
23 47 1 1 0 0 1.195083
23 51 1 1 0 0 1.826355
23 53 1 1 0 0 1.642484
23 60 1 1 0 0 1.976424
24 26 1 1 0 0 1.039752
24 28 1 1 0 0 0.497951
24 36 1 1 0 0 1.730473
24 37 1 1 0 0 1.976424
24 38 1 1 0 0 0.913177
24 43 1 1 0 0 1.822172
24 46 1 1 0 0 1.294673
24 52 1 1 0 0 1.403263
24 61 1 1 0 0 1.976424
25 29 1 1 0 0 0.617632
25 30 1 1 0 0 1.195083
25 31 1 1 0 0 0.387684
25 33 1 1 0 0 1.792624
25 34 1 1 0 0 1.235265
25 39 1 1 0 0 0.790955
25 41 1 1 0 0 1.344113
25 44 1 1 0 0 1.822172
25 48 1 1 0 0 1.195083
25 49 1 1 0 0 1.712747
25 50 1 1 0 0 1.767767
25 55 1 1 0 0 1.486429
25 57 1 1 0 0 1.680142
26 28 1 1 0 0 0.597541
26 32 1 1 0 0 1.778953
26 36 1 1 0 0 0.775368
26 37 1 1 0 0 0.991680
26 38 1 1 0 0 0.726605
26 42 1 1 0 0 1.216595
26 43 1 1 0 0 0.991680
26 45 1 1 0 0 1.822172
26 51 1 1 0 0 1.767767
26 52 1 1 0 0 1.527938
26 56 1 1 0 0 1.605844
26 61 1 1 0 0 1.824056
27 32 1 1 0 0 1.195083
27 45 1 1 0 0 1.635968
27 47 1 1 0 0 1.235265
27 53 1 1 0 0 1.348647
28 36 1 1 0 0 1.235265
28 37 1 1 0 0 1.483604
28 38 1 1 0 0 0.494106
28 42 1 1 0 0 1.642484
28 43 1 1 0 0 1.327263
28 46 1 1 0 0 1.453209
28 52 1 1 0 0 1.195083
28 56 1 1 0 0 1.781524
28 61 1 1 0 0 1.669436
28 67 1 1 0 0 1.967137
29 30 1 1 0 0 1.758246
29 31 1 1 0 0 0.880857
29 34 1 1 0 0 0.617632
29 39 1 1 0 0 0.494106
29 41 1 1 0 0 0.775368
29 48 1 1 0 0 1.275377
29 55 1 1 0 0 1.385480
29 57 1 1 0 0 1.781524
29 59 1 1 0 0 1.730253
29 64 1 1 0 0 1.778953
30 31 1 1 0 0 0.879123
30 33 1 1 0 0 0.597541
30 35 1 1 0 0 1.195083
30 39 1 1 0 0 1.658202
30 40 1 1 0 0 1.781524
30 44 1 1 0 0 0.804346
30 48 1 1 0 0 1.325825
30 49 1 1 0 0 0.958823
30 50 1 1 0 0 1.018625
30 55 1 1 0 0 1.767767
30 57 1 1 0 0 1.519928
30 58 1 1 0 0 1.988738
30 63 1 1 0 0 1.716085
31 33 1 1 0 0 1.468095
31 34 1 1 0 0 1.471210
31 39 1 1 0 0 0.830939
31 41 1 1 0 0 1.483604
31 44 1 1 0 0 1.441877
31 48 1 1 0 0 0.919837
31 49 1 1 0 0 1.325825
31 50 1 1 0 0 1.381344
31 55 1 1 0 0 1.285210
31 57 1 1 0 0 1.364674
31 63 1 1 0 0 1.741898
31 69 1 1 0 0 1.933692
32 36 1 1 0 0 1.195083
32 37 1 1 0 0 0.952436
32 42 1 1 0 0 1.018625
32 43 1 1 0 0 1.354574
32 45 1 1 0 0 0.692189
32 47 1 1 0 0 0.911086
32 51 1 1 0 0 1.100703
32 53 1 1 0 0 1.781524
32 56 1 1 0 0 1.767767
32 60 1 1 0 0 1.486429
32 62 1 1 0 0 1.822172
32 66 1 1 0 0 1.974106
32 68 1 1 0 0 1.816511
32 71 1 1 0 0 1.967137
33 35 1 1 0 0 0.597541
33 40 1 1 0 0 1.186111
33 44 1 1 0 0 0.617632
33 48 1 1 0 0 1.730253
33 49 1 1 0 0 0.991680
33 50 1 1 0 0 1.032019
33 54 1 1 0 0 1.781524
33 57 1 1 0 0 1.767767
33 58 1 1 0 0 1.527938
33 63 1 1 0 0 1.822172
33 65 1 1 0 0 1.904873
34 39 1 1 0 0 0.790955
34 41 1 1 0 0 0.398361
34 48 1 1 0 0 1.608692
34 55 1 1 0 0 1.546796
34 59 1 1 0 0 1.348647
34 64 1 1 0 0 1.593444
35 40 1 1 0 0 0.594982
35 44 1 1 0 0 0.911086
35 49 1 1 0 0 1.327263
35 50 1 1 0 0 1.344113
35 54 1 1 0 0 1.275377
35 58 1 1 0 0 1.195083
35 65 1 1 0 0 1.593444
36 37 1 1 0 0 0.254656
36 38 1 1 0 0 1.018625
36 42 1 1 0 0 0.441942
36 43 1 1 0 0 0.337162
36 45 1 1 0 0 1.066914
36 47 1 1 0 0 1.729371
36 51 1 1 0 0 0.995902
36 52 1 1 0 0 1.608692
36 56 1 1 0 0 1.018625
36 60 1 1 0 0 1.767767
36 61 1 1 0 0 1.613664
36 62 1 1 0 0 1.348647
36 67 1 1 0 0 1.822172
36 68 1 1 0 0 1.980473
36 70 1 1 0 0 1.701799
37 38 1 1 0 0 1.270883
37 42 1 1 0 0 0.298771
37 43 1 1 0 0 0.441942
37 45 1 1 0 0 0.830939
37 47 1 1 0 0 1.483604
37 51 1 1 0 0 0.830939
37 52 1 1 0 0 1.826564
37 56 1 1 0 0 1.049975
37 60 1 1 0 0 1.583116
37 61 1 1 0 0 1.767767
37 62 1 1 0 0 1.308739
37 67 1 1 0 0 1.949411
37 68 1 1 0 0 1.822172
37 70 1 1 0 0 1.741898
38 42 1 1 0 0 1.348647
38 43 1 1 0 0 0.990140
38 46 1 1 0 0 1.384379
38 51 1 1 0 0 1.806192
38 52 1 1 0 0 0.804346
38 56 1 1 0 0 1.325825
38 61 1 1 0 0 1.191566
38 62 1 1 0 0 1.767767
38 67 1 1 0 0 1.486429
38 70 1 1 0 0 1.765176
38 75 1 1 0 0 1.976424
39 41 1 1 0 0 0.674323
39 48 1 1 0 0 0.835974
39 49 1 1 0 0 1.741898
39 50 1 1 0 0 1.778953
39 55 1 1 0 0 0.892473
39 57 1 1 0 0 1.325825
39 59 1 1 0 0 1.437373
39 63 1 1 0 0 1.767767
39 64 1 1 0 0 1.358791
39 69 1 1 0 0 1.694610
39 74 1 1 0 0 1.824056
39 76 1 1 0 0 1.976424
39 78 1 1 0 0 1.992570
40 44 1 1 0 0 1.348647
40 49 1 1 0 0 1.730473
40 50 1 1 0 0 1.729371
40 54 1 1 0 0 0.790955
40 58 1 1 0 0 0.988212
40 65 1 1 0 0 1.348647
41 48 1 1 0 0 1.384379
41 55 1 1 0 0 1.235265
41 57 1 1 0 0 1.799421
41 59 1 1 0 0 0.988212
41 64 1 1 0 0 1.195083
41 69 1 1 0 0 1.988738
41 74 1 1 0 0 1.977388
41 76 1 1 0 0 1.758246
41 78 1 1 0 0 1.976424
42 43 1 1 0 0 0.371607
42 45 1 1 0 0 0.674323
42 47 1 1 0 0 1.348647
42 51 1 1 0 0 0.555182
42 52 1 1 0 0 1.781524
42 56 1 1 0 0 0.804346
42 60 1 1 0 0 1.325825
42 61 1 1 0 0 1.621211
42 62 1 1 0 0 1.018625
42 67 1 1 0 0 1.767767
42 68 1 1 0 0 1.544081
42 70 1 1 0 0 1.487456
42 71 1 1 0 0 1.781524
43 45 1 1 0 0 1.039752
43 47 1 1 0 0 1.712747
43 51 1 1 0 0 0.830939
43 52 1 1 0 0 1.420554
43 56 1 1 0 0 0.683873
43 60 1 1 0 0 1.598463
43 61 1 1 0 0 1.325825
43 62 1 1 0 0 1.038284
43 67 1 1 0 0 1.512127
43 68 1 1 0 0 1.767767
43 70 1 1 0 0 1.364674
44 48 1 1 0 0 1.348647
44 49 1 1 0 0 0.417987
44 50 1 1 0 0 0.441942
44 54 1 1 0 0 1.680142
44 55 1 1 0 0 1.729371
44 57 1 1 0 0 1.246333
44 58 1 1 0 0 1.235265
44 63 1 1 0 0 1.226587
44 65 1 1 0 0 1.546796
44 69 1 1 0 0 1.767767
44 73 1 1 0 0 1.486429
44 77 1 1 0 0 1.729371
44 82 1 1 0 0 1.976424
45 47 1 1 0 0 0.674323
45 51 1 1 0 0 0.441942
45 53 1 1 0 0 1.658202
45 56 1 1 0 0 1.206519
45 60 1 1 0 0 0.864685
45 62 1 1 0 0 1.165346
45 66 1 1 0 0 1.546796
45 68 1 1 0 0 1.172200
45 70 1 1 0 0 1.767767
45 71 1 1 0 0 1.358791
45 83 1 1 0 0 1.976424
45 85 1 1 0 0 1.992570
46 52 1 1 0 0 0.988212
46 61 1 1 0 0 1.567619
46 67 1 1 0 0 1.781524
46 72 1 1 0 0 1.348647
46 75 1 1 0 0 1.642484
46 81 1 1 0 0 1.786015
47 51 1 1 0 0 0.995902
47 53 1 1 0 0 0.988212
47 56 1 1 0 0 1.781524
47 60 1 1 0 0 0.804346
47 62 1 1 0 0 1.608692
47 66 1 1 0 0 1.066914
47 68 1 1 0 0 1.128426
47 71 1 1 0 0 1.195083
47 80 1 1 0 0 1.729371
47 83 1 1 0 0 1.758246
47 85 1 1 0 0 1.976424
48 49 1 1 0 0 0.996285
48 50 1 1 0 0 1.018625
48 55 1 1 0 0 0.441942
48 57 1 1 0 0 0.509313
48 59 1 1 0 0 1.729371
48 63 1 1 0 0 0.945603
48 64 1 1 0 0 1.344113
48 69 1 1 0 0 1.018625
48 73 1 1 0 0 1.767767
48 74 1 1 0 0 1.294673
48 76 1 1 0 0 1.879065
48 77 1 1 0 0 1.608692
48 78 1 1 0 0 1.642484
49 50 1 1 0 0 0.061763
49 54 1 1 0 0 1.950193
49 55 1 1 0 0 1.340988
49 57 1 1 0 0 0.830939
49 58 1 1 0 0 1.420554
49 63 1 1 0 0 0.830939
49 65 1 1 0 0 1.654748
49 69 1 1 0 0 1.354574
49 73 1 1 0 0 1.256392
49 74 1 1 0 0 1.767767
49 77 1 1 0 0 1.403263
49 82 1 1 0 0 1.882513
50 54 1 1 0 0 1.924002
50 55 1 1 0 0 1.348647
50 57 1 1 0 0 0.821242
50 58 1 1 0 0 1.384379
50 63 1 1 0 0 0.790955
50 65 1 1 0 0 1.608692
50 69 1 1 0 0 1.325825
50 73 1 1 0 0 1.195083
50 74 1 1 0 0 1.741022
50 77 1 1 0 0 1.348647
50 82 1 1 0 0 1.822172
51 53 1 1 0 0 1.917647
51 56 1 1 0 0 0.790955
51 60 1 1 0 0 0.775368
51 61 1 1 0 0 1.741898
51 62 1 1 0 0 0.726605
51 66 1 1 0 0 1.608692
51 67 1 1 0 0 1.799421
51 68 1 1 0 0 0.991680
51 70 1 1 0 0 1.325825
51 71 1 1 0 0 1.226587
51 83 1 1 0 0 1.822172
51 84 1 1 0 0 1.961700
51 85 1 1 0 0 1.716085
51 90 1 1 0 0 1.924002
52 56 1 1 0 0 1.348647
52 61 1 1 0 0 0.637689
52 62 1 1 0 0 1.729371
52 67 1 1 0 0 0.911086
52 70 1 1 0 0 1.445840
52 72 1 1 0 0 1.235265
52 75 1 1 0 0 1.195083
52 79 1 1 0 0 1.411665
52 81 1 1 0 0 1.520179
52 84 1 1 0 0 1.822172
52 89 1 1 0 0 1.846297
53 60 1 1 0 0 1.384379
53 66 1 1 0 0 0.835974
53 68 1 1 0 0 1.563720
53 71 1 1 0 0 1.453209
53 80 1 1 0 0 1.384379
53 83 1 1 0 0 1.744306
54 58 1 1 0 0 0.617632
54 65 1 1 0 0 0.775368
54 73 1 1 0 0 1.942942
54 82 1 1 0 0 1.680142
54 87 1 1 0 0 1.622152
54 92 1 1 0 0 1.917647
55 57 1 1 0 0 0.597541
55 59 1 1 0 0 1.348647
55 63 1 1 0 0 0.995902
55 64 1 1 0 0 0.911086
55 69 1 1 0 0 0.804346
55 73 1 1 0 0 1.822172
55 74 1 1 0 0 0.958823
55 76 1 1 0 0 1.437373
55 77 1 1 0 0 1.546796
55 78 1 1 0 0 1.235265
55 88 1 1 0 0 1.729371
56 60 1 1 0 0 1.348647
56 61 1 1 0 0 0.952436
56 62 1 1 0 0 0.441942
56 67 1 1 0 0 1.018625
56 68 1 1 0 0 1.390153
56 70 1 1 0 0 0.692189
56 71 1 1 0 0 1.642484
56 75 1 1 0 0 1.822172
56 79 1 1 0 0 1.495640
56 84 1 1 0 0 1.384379
56 85 1 1 0 0 1.781524
56 89 1 1 0 0 1.961700
56 90 1 1 0 0 1.729371
56 91 1 1 0 0 1.781524
57 59 1 1 0 0 1.917647
57 63 1 1 0 0 0.441942
57 64 1 1 0 0 1.411665
57 69 1 1 0 0 0.617632
57 73 1 1 0 0 1.275377
57 74 1 1 0 0 0.991680
57 76 1 1 0 0 1.822172
57 77 1 1 0 0 1.100703
57 78 1 1 0 0 1.437373
57 88 1 1 0 0 1.898454
57 96 1 1 0 0 1.924002
58 63 1 1 0 0 1.778953
58 65 1 1 0 0 0.398361
58 73 1 1 0 0 1.344113
58 77 1 1 0 0 1.822172
58 82 1 1 0 0 1.235265
58 87 1 1 0 0 1.520179
58 92 1 1 0 0 1.781524
58 95 1 1 0 0 1.846297
59 64 1 1 0 0 0.594982
59 69 1 1 0 0 1.781524
59 74 1 1 0 0 1.563720
59 76 1 1 0 0 0.892473
59 78 1 1 0 0 1.325825
59 86 1 1 0 0 1.348647
59 88 1 1 0 0 1.608692
59 93 1 1 0 0 1.669436
60 62 1 1 0 0 1.018625
60 66 1 1 0 0 0.864685
60 68 1 1 0 0 0.337162
60 70 1 1 0 0 1.582875
60 71 1 1 0 0 0.494106
60 80 1 1 0 0 1.325825
60 83 1 1 0 0 1.111738
60 85 1 1 0 0 1.195083
60 90 1 1 0 0 1.608692
60 94 1 1 0 0 1.729371
61 62 1 1 0 0 1.231863
61 67 1 1 0 0 0.298771
61 70 1 1 0 0 0.830939
61 72 1 1 0 0 1.231863
61 75 1 1 0 0 0.939532
61 79 1 1 0 0 0.880857
61 81 1 1 0 0 1.325825
61 84 1 1 0 0 1.196678
61 89 1 1 0 0 1.364674
61 91 1 1 0 0 1.532176
62 66 1 1 0 0 1.846297
62 67 1 1 0 0 1.195083
62 68 1 1 0 0 0.990140
62 70 1 1 0 0 0.617632
62 71 1 1 0 0 1.235265
62 75 1 1 0 0 1.976424
62 79 1 1 0 0 1.527938
62 83 1 1 0 0 1.680142
62 84 1 1 0 0 1.235265
62 85 1 1 0 0 1.344113
62 89 1 1 0 0 1.936649
62 90 1 1 0 0 1.348647
62 91 1 1 0 0 1.608692
63 64 1 1 0 0 1.680142
63 65 1 1 0 0 1.839674
63 69 1 1 0 0 0.576751
63 73 1 1 0 0 0.835974
63 74 1 1 0 0 0.991680
63 76 1 1 0 0 1.976424
63 77 1 1 0 0 0.692189
63 78 1 1 0 0 1.487456
63 82 1 1 0 0 1.635968
63 88 1 1 0 0 1.885550
63 96 1 1 0 0 1.605844
63 97 1 1 0 0 1.904873
64 69 1 1 0 0 1.195083
64 72 1 1 0 0 1.235265
64 74 1 1 0 0 0.971471
64 75 1 1 0 0 1.729371
64 76 1 1 0 0 0.617632
64 77 1 1 0 0 1.976424
64 78 1 1 0 0 0.804346
64 81 1 1 0 0 1.567619
64 86 1 1 0 0 1.344113
64 88 1 1 0 0 1.195083
64 93 1 1 0 0 1.598463
65 73 1 1 0 0 1.235265
65 77 1 1 0 0 1.729371
65 82 1 1 0 0 0.911086
65 87 1 1 0 0 1.128426
65 92 1 1 0 0 1.384379
65 95 1 1 0 0 1.470951
65 97 1 1 0 0 1.822172
66 68 1 1 0 0 0.880857
66 71 1 1 0 0 0.692189
66 80 1 1 0 0 0.674323
66 83 1 1 0 0 0.911086
66 85 1 1 0 0 1.385480
66 90 1 1 0 0 1.961700
66 94 1 1 0 0 1.394263
66 99 1 1 0 0 1.622152
67 70 1 1 0 0 0.674323
67 72 1 1 0 0 1.195083
67 75 1 1 0 0 0.804346
67 79 1 1 0 0 0.597541
67 81 1 1 0 0 1.186433
67 84 1 1 0 0 0.911086
67 89 1 1 0 0 1.089557
67 90 1 1 0 0 1.781524
67 91 1 1 0 0 1.235265
67 98 1 1 0 0 1.822172
68 70 1 1 0 0 1.468095
68 71 1 1 0 0 0.254656
68 80 1 1 0 0 1.165674
68 83 1 1 0 0 0.830939
68 84 1 1 0 0 1.826564
68 85 1 1 0 0 0.858042
68 90 1 1 0 0 1.294673
68 94 1 1 0 0 1.441877
68 99 1 1 0 0 1.822172
69 73 1 1 0 0 1.195083
69 74 1 1 0 0 0.417987
69 76 1 1 0 0 1.411665
69 77 1 1 0 0 0.804346
69 78 1 1 0 0 0.911086
69 82 1 1 0 0 1.976424
69 88 1 1 0 0 1.325825
69 96 1 1 0 0 1.384379
69 97 1 1 0 0 1.988738
70 71 1 1 0 0 1.680142
70 72 1 1 0 0 1.839674
70 75 1 1 0 0 1.394263
70 79 1 1 0 0 0.911086
70 81 1 1 0 0 1.741898
70 83 1 1 0 0 1.976424
70 84 1 1 0 0 0.692189
70 85 1 1 0 0 1.487456
70 89 1 1 0 0 1.325825
70 90 1 1 0 0 1.226587
70 91 1 1 0 0 1.089557
71 80 1 1 0 0 0.911086
71 83 1 1 0 0 0.617632
71 84 1 1 0 0 1.976424
71 85 1 1 0 0 0.804346
71 90 1 1 0 0 1.325825
71 94 1 1 0 0 1.235265
71 99 1 1 0 0 1.598463
72 75 1 1 0 0 0.494106
72 76 1 1 0 0 0.995902
72 78 1 1 0 0 1.593444
72 79 1 1 0 0 1.111738
72 81 1 1 0 0 0.446237
72 84 1 1 0 0 1.729371
72 88 1 1 0 0 1.608692
72 89 1 1 0 0 1.216595
72 91 1 1 0 0 1.822172
72 98 1 1 0 0 1.348647
73 74 1 1 0 0 1.504033
73 77 1 1 0 0 0.494106
73 78 1 1 0 0 1.967137
73 82 1 1 0 0 0.804346
73 87 1 1 0 0 1.744524
73 92 1 1 0 0 1.822172
73 95 1 1 0 0 1.385480
73 96 1 1 0 0 1.344113
73 97 1 1 0 0 1.195083
74 76 1 1 0 0 1.039752
74 77 1 1 0 0 1.044146
74 78 1 1 0 0 0.497951
74 86 1 1 0 0 1.730473
74 88 1 1 0 0 0.913177
74 93 1 1 0 0 1.822172
74 96 1 1 0 0 1.294673
75 76 1 1 0 0 1.445840
75 79 1 1 0 0 0.617632
75 81 1 1 0 0 0.387684
75 84 1 1 0 0 1.235265
75 89 1 1 0 0 0.790955
75 91 1 1 0 0 1.344113
75 98 1 1 0 0 1.195083
76 78 1 1 0 0 0.597541
76 81 1 1 0 0 1.172200
76 86 1 1 0 0 0.775368
76 88 1 1 0 0 0.726605
76 93 1 1 0 0 0.991680
77 78 1 1 0 0 1.486429
77 82 1 1 0 0 1.195083
77 88 1 1 0 0 1.729371
77 95 1 1 0 0 1.635968
77 96 1 1 0 0 0.988212
77 97 1 1 0 0 1.235265
78 86 1 1 0 0 1.235265
78 88 1 1 0 0 0.494106
78 93 1 1 0 0 1.327263
78 96 1 1 0 0 1.453209
79 81 1 1 0 0 0.880857
79 84 1 1 0 0 0.617632
79 89 1 1 0 0 0.494106
79 90 1 1 0 0 1.605844
79 91 1 1 0 0 0.775368
79 98 1 1 0 0 1.275377
80 83 1 1 0 0 0.597541
80 85 1 1 0 0 1.195083
80 90 1 1 0 0 1.781524
80 94 1 1 0 0 0.804346
80 99 1 1 0 0 0.958823
81 84 1 1 0 0 1.471210
81 89 1 1 0 0 0.830939
81 91 1 1 0 0 1.483604
81 98 1 1 0 0 0.919837
82 87 1 1 0 0 0.952436
82 92 1 1 0 0 1.018625
82 95 1 1 0 0 0.692189
82 96 1 1 0 0 1.642484
82 97 1 1 0 0 0.911086
82 109 1 1 0 0 1.781524
82 114 1 1 0 0 1.729371
83 85 1 1 0 0 0.597541
83 90 1 1 0 0 1.186111
83 94 1 1 0 0 0.617632
83 99 1 1 0 0 0.991680
83 103 1 1 0 0 1.852897
84 85 1 1 0 0 1.486429
84 89 1 1 0 0 0.790955
84 90 1 1 0 0 0.988212
84 91 1 1 0 0 0.398361
84 98 1 1 0 0 1.608692
85 90 1 1 0 0 0.594982
85 91 1 1 0 0 1.593444
85 94 1 1 0 0 0.911086
85 99 1 1 0 0 1.327263
85 122 1 1 0 0 1.976424
86 88 1 1 0 0 1.018625
86 93 1 1 0 0 0.337162
87 92 1 1 0 0 0.298771
87 95 1 1 0 0 0.830939
87 97 1 1 0 0 1.483604
88 93 1 1 0 0 0.990140
88 96 1 1 0 0 1.384379
89 90 1 1 0 0 1.680142
89 91 1 1 0 0 0.674323
89 98 1 1 0 0 0.835974
90 91 1 1 0 0 1.018625
90 94 1 1 0 0 1.348647
90 99 1 1 0 0 1.730473
90 122 1 1 0 0 1.642484
90 125 1 1 0 0 1.838844
91 98 1 1 0 0 1.384379
91 102 1 1 0 0 1.729371
92 95 1 1 0 0 0.674323
92 97 1 1 0 0 1.348647
94 99 1 1 0 0 0.417987
94 103 1 1 0 0 1.781524
95 96 1 1 0 0 1.680142
95 97 1 1 0 0 0.674323
95 104 1 1 0 0 1.781524
96 97 1 1 0 0 1.018625
96 105 1 1 0 0 1.781524
97 109 1 1 0 0 0.883883
97 114 1 1 0 0 0.862919
97 115 1 1 0 0 1.822172
97 119 1 1 0 0 1.546796
97 124 1 1 0 0 1.548029
97 126 1 1 0 0 1.470951
97 128 1 1 0 0 1.593444
100 104 1 1 0 0 1.924002
100 108 1 1 0 0 1.384379
100 113 1 1 0 0 0.790955
100 115 1 1 0 0 1.608692
100 123 1 1 0 0 1.195083
100 127 1 1 0 0 1.348647
100 132 1 1 0 0 1.822172
101 103 1 1 0 0 1.917647
101 110 1 1 0 0 0.775368
101 112 1 1 0 0 0.726605
101 116 1 1 0 0 1.608692
101 118 1 1 0 0 0.991680
101 121 1 1 0 0 1.226587
101 133 1 1 0 0 1.822172
101 135 1 1 0 0 1.716085
101 140 1 1 0 0 1.924002
102 103 1 1 0 0 1.018625
102 106 1 1 0 0 1.348647
102 111 1 1 0 0 0.637689
102 116 1 1 0 0 1.694610
102 117 1 1 0 0 0.911086
102 120 1 1 0 0 1.445840
102 122 1 1 0 0 1.235265
102 125 1 1 0 0 1.195083
102 129 1 1 0 0 1.411665
102 130 1 1 0 0 1.988738
102 131 1 1 0 0 1.520179
102 134 1 1 0 0 1.822172
102 139 1 1 0 0 1.846297
103 110 1 1 0 0 1.384379
103 111 1 1 0 0 1.483604
103 116 1 1 0 0 0.835974
103 117 1 1 0 0 1.642484
103 118 1 1 0 0 1.563720
103 121 1 1 0 0 1.453209
103 122 1 1 0 0 0.988212
103 125 1 1 0 0 1.344113
103 129 1 1 0 0 1.879065
103 130 1 1 0 0 1.384379
103 131 1 1 0 0 1.433386
103 133 1 1 0 0 1.744306
104 105 1 1 0 0 1.758246
104 108 1 1 0 0 0.617632
104 109 1 1 0 0 0.509313
104 114 1 1 0 0 1.100703
104 115 1 1 0 0 0.775368
104 123 1 1 0 0 1.942942
104 126 1 1 0 0 1.344113
104 128 1 1 0 0 1.826355
104 132 1 1 0 0 1.680142
104 136 1 1 0 0 1.613428
104 137 1 1 0 0 1.622152
104 142 1 1 0 0 1.917647
104 143 1 1 0 0 1.950193
105 107 1 1 0 0 0.597541
105 109 1 1 0 0 1.348647
105 114 1 1 0 0 0.911086
105 119 1 1 0 0 0.804346
105 124 1 1 0 0 0.958823
105 126 1 1 0 0 1.437373
105 128 1 1 0 0 1.235265
105 138 1 1 0 0 1.729371
106 111 1 1 0 0 0.952436
106 117 1 1 0 0 1.018625
106 120 1 1 0 0 0.692189
106 125 1 1 0 0 1.822172
106 129 1 1 0 0 1.495640
106 134 1 1 0 0 1.384379
106 139 1 1 0 0 1.961700
106 141 1 1 0 0 1.781524
107 109 1 1 0 0 1.917647
107 114 1 1 0 0 1.411665
107 119 1 1 0 0 0.617632
107 124 1 1 0 0 0.991680
107 126 1 1 0 0 1.822172
107 128 1 1 0 0 1.437373
107 138 1 1 0 0 1.898454
107 146 1 1 0 0 1.924002
108 109 1 1 0 0 1.018625
108 113 1 1 0 0 1.778953
108 114 1 1 0 0 1.593444
108 115 1 1 0 0 0.398361
108 123 1 1 0 0 1.344113
108 126 1 1 0 0 1.635968
108 127 1 1 0 0 1.822172
108 132 1 1 0 0 1.235265
108 136 1 1 0 0 1.608692
108 137 1 1 0 0 1.520179
108 142 1 1 0 0 1.781524
108 143 1 1 0 0 1.930533
108 145 1 1 0 0 1.846297
109 114 1 1 0 0 0.594982
109 115 1 1 0 0 0.988212
109 119 1 1 0 0 1.781524
109 124 1 1 0 0 1.563720
109 126 1 1 0 0 0.892473
109 128 1 1 0 0 1.325825
109 132 1 1 0 0 1.781524
109 136 1 1 0 0 1.348647
109 137 1 1 0 0 1.433386
109 138 1 1 0 0 1.608692
109 142 1 1 0 0 1.729371
109 143 1 1 0 0 1.669436
110 112 1 1 0 0 1.018625
110 116 1 1 0 0 0.864685
110 118 1 1 0 0 0.337162
110 121 1 1 0 0 0.494106
110 122 1 1 0 0 1.729371
110 130 1 1 0 0 1.325825
110 133 1 1 0 0 1.111738
110 135 1 1 0 0 1.195083
110 140 1 1 0 0 1.608692
110 144 1 1 0 0 1.729371
111 116 1 1 0 0 1.950193
111 117 1 1 0 0 0.298771
111 120 1 1 0 0 0.830939
111 122 1 1 0 0 1.231863
111 125 1 1 0 0 0.939532
111 129 1 1 0 0 0.880857
111 131 1 1 0 0 1.325825
111 134 1 1 0 0 1.196678
111 139 1 1 0 0 1.364674
111 141 1 1 0 0 1.532176
112 116 1 1 0 0 1.846297
112 118 1 1 0 0 0.990140
112 121 1 1 0 0 1.235265
112 133 1 1 0 0 1.680142
112 135 1 1 0 0 1.344113
112 140 1 1 0 0 1.348647
113 115 1 1 0 0 1.839674
113 123 1 1 0 0 0.835974
113 127 1 1 0 0 0.692189
113 132 1 1 0 0 1.635968
113 147 1 1 0 0 1.904873
113 153 1 1 0 0 1.992570
114 115 1 1 0 0 1.486429
114 119 1 1 0 0 1.195083
114 124 1 1 0 0 0.971471
114 126 1 1 0 0 0.617632
114 128 1 1 0 0 0.804346
114 136 1 1 0 0 1.344113
114 137 1 1 0 0 1.520179
114 138 1 1 0 0 1.195083
114 142 1 1 0 0 1.781524
114 143 1 1 0 0 1.598463
114 152 1 1 0 0 1.976424
115 123 1 1 0 0 1.235265
115 126 1 1 0 0 1.385480
115 127 1 1 0 0 1.729371
115 128 1 1 0 0 1.976424
115 132 1 1 0 0 0.911086
115 136 1 1 0 0 1.235265
115 137 1 1 0 0 1.128426
115 142 1 1 0 0 1.384379
115 143 1 1 0 0 1.548029
115 145 1 1 0 0 1.470951
115 147 1 1 0 0 1.822172
115 151 1 1 0 0 1.758246
116 117 1 1 0 0 1.992570
116 118 1 1 0 0 0.880857
116 121 1 1 0 0 0.692189
116 122 1 1 0 0 0.864685
116 125 1 1 0 0 1.358791
116 129 1 1 0 0 1.976424
116 130 1 1 0 0 0.674323
116 131 1 1 0 0 1.208099
116 133 1 1 0 0 0.911086
116 135 1 1 0 0 1.385480
116 140 1 1 0 0 1.961700
116 144 1 1 0 0 1.394263
116 148 1 1 0 0 1.917647
116 149 1 1 0 0 1.622152
116 150 1 1 0 0 1.680142
116 156 1 1 0 0 1.950193
117 120 1 1 0 0 0.674323
117 122 1 1 0 0 1.195083
117 125 1 1 0 0 0.804346
117 129 1 1 0 0 0.597541
117 130 1 1 0 0 1.976424
117 131 1 1 0 0 1.186433
117 134 1 1 0 0 0.911086
117 139 1 1 0 0 1.089557
117 141 1 1 0 0 1.235265
117 148 1 1 0 0 1.822172
117 155 1 1 0 0 1.976424
118 121 1 1 0 0 0.254656
118 122 1 1 0 0 1.712747
118 130 1 1 0 0 1.165674
118 131 1 1 0 0 1.976424
118 133 1 1 0 0 0.830939
118 135 1 1 0 0 0.858042
118 140 1 1 0 0 1.294673
118 144 1 1 0 0 1.441877
118 149 1 1 0 0 1.822172
118 150 1 1 0 0 1.862958
118 156 1 1 0 0 1.976424
119 124 1 1 0 0 0.417987
119 126 1 1 0 0 1.411665
119 128 1 1 0 0 0.911086
119 138 1 1 0 0 1.325825
119 146 1 1 0 0 1.384379
119 152 1 1 0 0 1.729371
120 122 1 1 0 0 1.839674
120 125 1 1 0 0 1.394263
120 129 1 1 0 0 0.911086
120 131 1 1 0 0 1.741898
120 134 1 1 0 0 0.692189
120 139 1 1 0 0 1.325825
120 141 1 1 0 0 1.089557
120 160 1 1 0 0 1.992570
121 122 1 1 0 0 1.486429
121 125 1 1 0 0 1.967137
121 130 1 1 0 0 0.911086
121 131 1 1 0 0 1.730473
121 133 1 1 0 0 0.617632
121 135 1 1 0 0 0.804346
121 140 1 1 0 0 1.325825
121 144 1 1 0 0 1.235265
121 149 1 1 0 0 1.598463
121 150 1 1 0 0 1.642484
121 156 1 1 0 0 1.786015
121 159 1 1 0 0 1.976424
122 125 1 1 0 0 0.494106
122 129 1 1 0 0 1.111738
122 130 1 1 0 0 0.804346
122 131 1 1 0 0 0.446237
122 133 1 1 0 0 1.385480
122 134 1 1 0 0 1.729371
122 135 1 1 0 0 1.976424
122 139 1 1 0 0 1.216595
122 141 1 1 0 0 1.822172
122 144 1 1 0 0 1.546796
122 148 1 1 0 0 1.348647
122 149 1 1 0 0 1.548029
122 150 1 1 0 0 1.608692
122 155 1 1 0 0 1.729371
122 156 1 1 0 0 1.977388
122 158 1 1 0 0 1.758246
123 127 1 1 0 0 0.494106
123 132 1 1 0 0 0.804346
123 136 1 1 0 0 1.976424
123 137 1 1 0 0 1.744524
123 142 1 1 0 0 1.822172
123 145 1 1 0 0 1.385480
123 147 1 1 0 0 1.195083
123 151 1 1 0 0 1.826355
123 153 1 1 0 0 1.642484
123 161 1 1 0 0 1.976424
124 126 1 1 0 0 1.039752
124 128 1 1 0 0 0.497951
124 136 1 1 0 0 1.730473
124 137 1 1 0 0 1.976424
124 138 1 1 0 0 0.913177
124 143 1 1 0 0 1.822172
124 146 1 1 0 0 1.294673
124 152 1 1 0 0 1.403263
124 162 1 1 0 0 1.976424
125 129 1 1 0 0 0.617632
125 130 1 1 0 0 1.195083
125 131 1 1 0 0 0.387684
125 133 1 1 0 0 1.792624
125 134 1 1 0 0 1.235265
125 139 1 1 0 0 0.790955
125 141 1 1 0 0 1.344113
125 144 1 1 0 0 1.822172
125 148 1 1 0 0 1.195083
125 149 1 1 0 0 1.712747
125 150 1 1 0 0 1.767767
125 155 1 1 0 0 1.486429
125 158 1 1 0 0 1.680142
126 128 1 1 0 0 0.597541
126 132 1 1 0 0 1.778953
126 136 1 1 0 0 0.775368
126 137 1 1 0 0 0.991680
126 138 1 1 0 0 0.726605
126 142 1 1 0 0 1.216595
126 143 1 1 0 0 0.991680
126 145 1 1 0 0 1.822172
126 151 1 1 0 0 1.767767
126 152 1 1 0 0 1.527938
126 157 1 1 0 0 1.605844
126 162 1 1 0 0 1.824056
127 132 1 1 0 0 1.195083
127 145 1 1 0 0 1.635968
127 147 1 1 0 0 1.235265
127 153 1 1 0 0 1.348647
128 136 1 1 0 0 1.235265
128 137 1 1 0 0 1.483604
128 138 1 1 0 0 0.494106
128 142 1 1 0 0 1.642484
128 143 1 1 0 0 1.327263
128 146 1 1 0 0 1.453209
128 152 1 1 0 0 1.195083
128 157 1 1 0 0 1.781524
128 162 1 1 0 0 1.669436
128 167 1 1 0 0 1.967137
129 130 1 1 0 0 1.758246
129 131 1 1 0 0 0.880857
129 134 1 1 0 0 0.617632
129 139 1 1 0 0 0.494106
129 141 1 1 0 0 0.775368
129 148 1 1 0 0 1.275377
129 155 1 1 0 0 1.385480
129 158 1 1 0 0 1.781524
129 160 1 1 0 0 1.730253
129 165 1 1 0 0 1.778953
130 131 1 1 0 0 0.879123
130 133 1 1 0 0 0.597541
130 135 1 1 0 0 1.195083
130 139 1 1 0 0 1.658202
130 140 1 1 0 0 1.781524
130 144 1 1 0 0 0.804346
130 148 1 1 0 0 1.325825
130 149 1 1 0 0 0.958823
130 150 1 1 0 0 1.018625
130 155 1 1 0 0 1.767767
130 156 1 1 0 0 1.322656
130 158 1 1 0 0 1.519928
130 159 1 1 0 0 1.988738
130 164 1 1 0 0 1.716085
131 133 1 1 0 0 1.468095
131 134 1 1 0 0 1.471210
131 139 1 1 0 0 0.830939
131 141 1 1 0 0 1.483604
131 144 1 1 0 0 1.441877
131 148 1 1 0 0 0.919837
131 149 1 1 0 0 1.325825
131 150 1 1 0 0 1.381344
131 155 1 1 0 0 1.285210
131 156 1 1 0 0 1.767767
131 158 1 1 0 0 1.364674
131 164 1 1 0 0 1.741898
131 169 1 1 0 0 1.933692
132 136 1 1 0 0 1.195083
132 137 1 1 0 0 0.952436
132 142 1 1 0 0 1.018625
132 143 1 1 0 0 1.354574
132 145 1 1 0 0 0.692189
132 147 1 1 0 0 0.911086
132 151 1 1 0 0 1.100703
132 153 1 1 0 0 1.781524
132 157 1 1 0 0 1.767767
132 161 1 1 0 0 1.486429
132 163 1 1 0 0 1.822172
132 168 1 1 0 0 1.816511
132 171 1 1 0 0 1.967137
133 135 1 1 0 0 0.597541
133 140 1 1 0 0 1.186111
133 144 1 1 0 0 0.617632
133 148 1 1 0 0 1.730253
133 149 1 1 0 0 0.991680
133 150 1 1 0 0 1.032019
133 154 1 1 0 0 1.781524
133 156 1 1 0 0 1.172200
133 158 1 1 0 0 1.767767
133 159 1 1 0 0 1.527938
133 164 1 1 0 0 1.822172
133 166 1 1 0 0 1.904873
134 139 1 1 0 0 0.790955
134 141 1 1 0 0 0.398361
134 148 1 1 0 0 1.608692
134 155 1 1 0 0 1.546796
134 160 1 1 0 0 1.348647
134 165 1 1 0 0 1.593444
135 140 1 1 0 0 0.594982
135 144 1 1 0 0 0.911086
135 149 1 1 0 0 1.327263
135 150 1 1 0 0 1.344113
135 154 1 1 0 0 1.275377
135 156 1 1 0 0 1.308739
135 159 1 1 0 0 1.195083
135 166 1 1 0 0 1.593444
136 137 1 1 0 0 0.254656
136 138 1 1 0 0 1.018625
136 142 1 1 0 0 0.441942
136 143 1 1 0 0 0.337162
136 145 1 1 0 0 1.066914
136 147 1 1 0 0 1.729371
136 151 1 1 0 0 0.995902
136 152 1 1 0 0 1.608692
136 157 1 1 0 0 1.018625
136 161 1 1 0 0 1.767767
136 162 1 1 0 0 1.613664
136 163 1 1 0 0 1.348647
136 167 1 1 0 0 1.822172
136 168 1 1 0 0 1.980473
136 170 1 1 0 0 1.701799
137 138 1 1 0 0 1.270883
137 142 1 1 0 0 0.298771
137 143 1 1 0 0 0.441942
137 145 1 1 0 0 0.830939
137 147 1 1 0 0 1.483604
137 151 1 1 0 0 0.830939
137 152 1 1 0 0 1.826564
137 157 1 1 0 0 1.049975
137 161 1 1 0 0 1.583116
137 162 1 1 0 0 1.767767
137 163 1 1 0 0 1.308739
137 167 1 1 0 0 1.949411
137 168 1 1 0 0 1.822172
137 170 1 1 0 0 1.741898
138 142 1 1 0 0 1.348647
138 143 1 1 0 0 0.990140
138 146 1 1 0 0 1.384379
138 151 1 1 0 0 1.806192
138 152 1 1 0 0 0.804346
138 157 1 1 0 0 1.325825
138 162 1 1 0 0 1.191566
138 163 1 1 0 0 1.767767
138 167 1 1 0 0 1.486429
138 170 1 1 0 0 1.765176
138 175 1 1 0 0 1.976424
139 141 1 1 0 0 0.674323
139 148 1 1 0 0 0.835974
139 149 1 1 0 0 1.741898
139 150 1 1 0 0 1.778953
139 155 1 1 0 0 0.892473
139 158 1 1 0 0 1.325825
139 160 1 1 0 0 1.437373
139 164 1 1 0 0 1.767767
139 165 1 1 0 0 1.358791
139 169 1 1 0 0 1.694610
139 174 1 1 0 0 1.824056
139 176 1 1 0 0 1.976424
139 178 1 1 0 0 1.992570
140 144 1 1 0 0 1.348647
140 149 1 1 0 0 1.730473
140 150 1 1 0 0 1.729371
140 154 1 1 0 0 0.790955
140 156 1 1 0 0 1.567619
140 159 1 1 0 0 0.988212
140 166 1 1 0 0 1.348647
141 148 1 1 0 0 1.384379
141 155 1 1 0 0 1.235265
141 158 1 1 0 0 1.799421
141 160 1 1 0 0 0.988212
141 165 1 1 0 0 1.195083
141 169 1 1 0 0 1.988738
141 174 1 1 0 0 1.977388
141 176 1 1 0 0 1.758246
141 178 1 1 0 0 1.976424
142 143 1 1 0 0 0.371607
142 145 1 1 0 0 0.674323
142 147 1 1 0 0 1.348647
142 151 1 1 0 0 0.555182
142 152 1 1 0 0 1.781524
142 157 1 1 0 0 0.804346
142 161 1 1 0 0 1.325825
142 162 1 1 0 0 1.621211
142 163 1 1 0 0 1.018625
142 167 1 1 0 0 1.767767
142 168 1 1 0 0 1.544081
142 170 1 1 0 0 1.487456
142 171 1 1 0 0 1.781524
143 145 1 1 0 0 1.039752
143 147 1 1 0 0 1.712747
143 151 1 1 0 0 0.830939
143 152 1 1 0 0 1.420554
143 157 1 1 0 0 0.683873
143 161 1 1 0 0 1.598463
143 162 1 1 0 0 1.325825
143 163 1 1 0 0 1.038284
143 167 1 1 0 0 1.512127
143 168 1 1 0 0 1.767767
143 170 1 1 0 0 1.364674
144 148 1 1 0 0 1.348647
144 149 1 1 0 0 0.417987
144 150 1 1 0 0 0.441942
144 154 1 1 0 0 1.680142
144 155 1 1 0 0 1.729371
144 156 1 1 0 0 0.566743
144 158 1 1 0 0 1.246333
144 159 1 1 0 0 1.235265
144 164 1 1 0 0 1.226587
144 166 1 1 0 0 1.546796
144 169 1 1 0 0 1.767767
144 173 1 1 0 0 1.486429
144 177 1 1 0 0 1.729371
144 182 1 1 0 0 1.976424
145 147 1 1 0 0 0.674323
145 151 1 1 0 0 0.441942
145 153 1 1 0 0 1.658202
145 157 1 1 0 0 1.206519
145 161 1 1 0 0 0.864685
145 163 1 1 0 0 1.165346
145 168 1 1 0 0 1.172200
145 170 1 1 0 0 1.767767
145 171 1 1 0 0 1.358791
145 183 1 1 0 0 1.976424
145 185 1 1 0 0 1.992570
146 152 1 1 0 0 0.988212
146 162 1 1 0 0 1.567619
146 167 1 1 0 0 1.781524
146 172 1 1 0 0 1.348647
146 175 1 1 0 0 1.642484
146 181 1 1 0 0 1.786015
147 151 1 1 0 0 0.995902
147 153 1 1 0 0 0.988212
147 157 1 1 0 0 1.781524
147 161 1 1 0 0 0.804346
147 163 1 1 0 0 1.608692
147 168 1 1 0 0 1.128426
147 171 1 1 0 0 1.195083
147 180 1 1 0 0 1.729371
147 183 1 1 0 0 1.758246
147 185 1 1 0 0 1.976424
148 149 1 1 0 0 0.996285
148 150 1 1 0 0 1.018625
148 155 1 1 0 0 0.441942
148 156 1 1 0 0 1.350060
148 158 1 1 0 0 0.509313
148 160 1 1 0 0 1.729371
148 164 1 1 0 0 0.945603
148 165 1 1 0 0 1.344113
148 169 1 1 0 0 1.018625
148 173 1 1 0 0 1.767767
148 174 1 1 0 0 1.294673
148 176 1 1 0 0 1.879065
148 177 1 1 0 0 1.608692
148 178 1 1 0 0 1.642484
149 150 1 1 0 0 0.061763
149 154 1 1 0 0 1.950193
149 155 1 1 0 0 1.340988
149 156 1 1 0 0 0.441942
149 158 1 1 0 0 0.830939
149 159 1 1 0 0 1.420554
149 164 1 1 0 0 0.830939
149 166 1 1 0 0 1.654748
149 169 1 1 0 0 1.354574
149 173 1 1 0 0 1.256392
149 174 1 1 0 0 1.767767
149 177 1 1 0 0 1.403263
149 182 1 1 0 0 1.882513
150 154 1 1 0 0 1.924002
150 155 1 1 0 0 1.348647
150 156 1 1 0 0 0.387684
150 158 1 1 0 0 0.821242
150 159 1 1 0 0 1.384379
150 164 1 1 0 0 0.790955
150 166 1 1 0 0 1.608692
150 169 1 1 0 0 1.325825
150 173 1 1 0 0 1.195083
150 174 1 1 0 0 1.741022
150 177 1 1 0 0 1.348647
150 182 1 1 0 0 1.822172
151 153 1 1 0 0 1.917647
151 157 1 1 0 0 0.790955
151 161 1 1 0 0 0.775368
151 162 1 1 0 0 1.741898
151 163 1 1 0 0 0.726605
151 167 1 1 0 0 1.799421
151 168 1 1 0 0 0.991680
151 170 1 1 0 0 1.325825
151 171 1 1 0 0 1.226587
151 183 1 1 0 0 1.822172
151 184 1 1 0 0 1.961700
151 185 1 1 0 0 1.716085
151 190 1 1 0 0 1.924002
152 157 1 1 0 0 1.348647
152 162 1 1 0 0 0.637689
152 163 1 1 0 0 1.729371
152 167 1 1 0 0 0.911086
152 170 1 1 0 0 1.445840
152 172 1 1 0 0 1.235265
152 175 1 1 0 0 1.195083
152 179 1 1 0 0 1.411665
152 181 1 1 0 0 1.520179
152 184 1 1 0 0 1.822172
152 189 1 1 0 0 1.846297
153 161 1 1 0 0 1.384379
153 168 1 1 0 0 1.563720
153 171 1 1 0 0 1.453209
153 180 1 1 0 0 1.384379
153 183 1 1 0 0 1.744306
154 156 1 1 0 0 1.622152
154 159 1 1 0 0 0.617632
154 166 1 1 0 0 0.775368
154 173 1 1 0 0 1.942942
154 182 1 1 0 0 1.680142
154 187 1 1 0 0 1.622152
154 192 1 1 0 0 1.917647
155 156 1 1 0 0 1.621211
155 158 1 1 0 0 0.597541
155 160 1 1 0 0 1.348647
155 164 1 1 0 0 0.995902
155 165 1 1 0 0 0.911086
155 169 1 1 0 0 0.804346
155 173 1 1 0 0 1.822172
155 174 1 1 0 0 0.958823
155 176 1 1 0 0 1.437373
155 177 1 1 0 0 1.546796
155 178 1 1 0 0 1.235265
155 188 1 1 0 0 1.729371
156 158 1 1 0 0 1.039752
156 159 1 1 0 0 1.044146
156 164 1 1 0 0 0.830939
156 166 1 1 0 0 1.231863
156 169 1 1 0 0 1.407606
156 173 1 1 0 0 0.919837
156 174 1 1 0 0 1.822172
156 177 1 1 0 0 1.196678
156 182 1 1 0 0 1.458711
157 161 1 1 0 0 1.348647
157 162 1 1 0 0 0.952436
157 163 1 1 0 0 0.441942
157 167 1 1 0 0 1.018625
157 168 1 1 0 0 1.390153
157 170 1 1 0 0 0.692189
157 171 1 1 0 0 1.642484
157 175 1 1 0 0 1.822172
157 179 1 1 0 0 1.495640
157 184 1 1 0 0 1.384379
157 185 1 1 0 0 1.781524
157 189 1 1 0 0 1.961700
157 190 1 1 0 0 1.729371
157 191 1 1 0 0 1.781524
158 160 1 1 0 0 1.917647
158 164 1 1 0 0 0.441942
158 165 1 1 0 0 1.411665
158 169 1 1 0 0 0.617632
158 173 1 1 0 0 1.275377
158 174 1 1 0 0 0.991680
158 176 1 1 0 0 1.822172
158 177 1 1 0 0 1.100703
158 178 1 1 0 0 1.437373
158 188 1 1 0 0 1.898454
158 196 1 1 0 0 1.924002
159 164 1 1 0 0 1.778953
159 166 1 1 0 0 0.398361
159 173 1 1 0 0 1.344113
159 177 1 1 0 0 1.822172
159 180 1 1 0 0 1.546796
159 182 1 1 0 0 1.235265
159 187 1 1 0 0 1.520179
159 192 1 1 0 0 1.781524
159 195 1 1 0 0 1.846297
160 165 1 1 0 0 0.594982
160 169 1 1 0 0 1.781524
160 174 1 1 0 0 1.563720
160 176 1 1 0 0 0.892473
160 178 1 1 0 0 1.325825
160 186 1 1 0 0 1.348647
160 188 1 1 0 0 1.608692
160 193 1 1 0 0 1.669436
161 163 1 1 0 0 1.018625
161 168 1 1 0 0 0.337162
161 170 1 1 0 0 1.582875
161 171 1 1 0 0 0.494106
161 180 1 1 0 0 1.325825
161 183 1 1 0 0 1.111738
161 185 1 1 0 0 1.195083
161 190 1 1 0 0 1.608692
161 194 1 1 0 0 1.729371
162 163 1 1 0 0 1.231863
162 167 1 1 0 0 0.298771
162 170 1 1 0 0 0.830939
162 172 1 1 0 0 1.231863
162 175 1 1 0 0 0.939532
162 179 1 1 0 0 0.880857
162 181 1 1 0 0 1.325825
162 184 1 1 0 0 1.196678
162 189 1 1 0 0 1.364674
162 191 1 1 0 0 1.532176
163 167 1 1 0 0 1.195083
163 168 1 1 0 0 0.990140
163 170 1 1 0 0 0.617632
163 171 1 1 0 0 1.235265
163 175 1 1 0 0 1.976424
163 179 1 1 0 0 1.527938
163 183 1 1 0 0 1.680142
163 184 1 1 0 0 1.235265
163 185 1 1 0 0 1.344113
163 189 1 1 0 0 1.936649
163 190 1 1 0 0 1.348647
163 191 1 1 0 0 1.608692
164 165 1 1 0 0 1.680142
164 166 1 1 0 0 1.839674
164 169 1 1 0 0 0.576751
164 173 1 1 0 0 0.835974
164 174 1 1 0 0 0.991680
164 176 1 1 0 0 1.976424
164 177 1 1 0 0 0.692189
164 178 1 1 0 0 1.487456
164 182 1 1 0 0 1.635968
164 188 1 1 0 0 1.885550
164 196 1 1 0 0 1.605844
164 197 1 1 0 0 1.904873
165 169 1 1 0 0 1.195083
165 174 1 1 0 0 0.971471
165 176 1 1 0 0 0.617632
165 177 1 1 0 0 1.976424
165 178 1 1 0 0 0.804346
165 186 1 1 0 0 1.344113
165 188 1 1 0 0 1.195083
165 193 1 1 0 0 1.598463
166 173 1 1 0 0 1.235265
166 177 1 1 0 0 1.729371
166 180 1 1 0 0 1.235265
166 182 1 1 0 0 0.911086
166 183 1 1 0 0 1.799421
166 187 1 1 0 0 1.128426
166 192 1 1 0 0 1.384379
166 194 1 1 0 0 1.988738
166 195 1 1 0 0 1.470951
166 197 1 1 0 0 1.822172
167 170 1 1 0 0 0.674323
167 172 1 1 0 0 1.195083
167 175 1 1 0 0 0.804346
167 179 1 1 0 0 0.597541
167 181 1 1 0 0 1.186433
167 184 1 1 0 0 0.911086
167 189 1 1 0 0 1.089557
167 190 1 1 0 0 1.781524
167 191 1 1 0 0 1.235265
167 198 1 1 0 0 1.822172
168 170 1 1 0 0 1.468095
168 171 1 1 0 0 0.254656
168 180 1 1 0 0 1.165674
168 183 1 1 0 0 0.830939
168 184 1 1 0 0 1.826564
168 185 1 1 0 0 0.858042
168 190 1 1 0 0 1.294673
168 194 1 1 0 0 1.441877
168 199 1 1 0 0 1.822172
169 173 1 1 0 0 1.195083
169 174 1 1 0 0 0.417987
169 176 1 1 0 0 1.411665
169 177 1 1 0 0 0.804346
169 178 1 1 0 0 0.911086
169 182 1 1 0 0 1.976424
169 188 1 1 0 0 1.325825
169 196 1 1 0 0 1.384379
169 197 1 1 0 0 1.988738
170 171 1 1 0 0 1.680142
170 172 1 1 0 0 1.839674
170 175 1 1 0 0 1.394263
170 179 1 1 0 0 0.911086
170 181 1 1 0 0 1.741898
170 183 1 1 0 0 1.976424
170 184 1 1 0 0 0.692189
170 185 1 1 0 0 1.487456
170 189 1 1 0 0 1.325825
170 190 1 1 0 0 1.226587
170 191 1 1 0 0 1.089557
171 180 1 1 0 0 0.911086
171 183 1 1 0 0 0.617632
171 184 1 1 0 0 1.976424
171 185 1 1 0 0 0.804346
171 190 1 1 0 0 1.325825
171 194 1 1 0 0 1.235265
171 199 1 1 0 0 1.598463
172 175 1 1 0 0 0.494106
172 179 1 1 0 0 1.111738
172 181 1 1 0 0 0.446237
172 184 1 1 0 0 1.729371
172 189 1 1 0 0 1.216595
172 191 1 1 0 0 1.822172
172 198 1 1 0 0 1.348647
173 174 1 1 0 0 1.504033
173 177 1 1 0 0 0.494106
173 178 1 1 0 0 1.967137
173 182 1 1 0 0 0.804346
173 187 1 1 0 0 1.744524
173 192 1 1 0 0 1.822172
173 195 1 1 0 0 1.385480
173 196 1 1 0 0 1.344113
173 197 1 1 0 0 1.195083
174 176 1 1 0 0 1.039752
174 177 1 1 0 0 1.044146
174 178 1 1 0 0 0.497951
174 186 1 1 0 0 1.730473
174 188 1 1 0 0 0.913177
174 193 1 1 0 0 1.822172
174 196 1 1 0 0 1.294673
175 179 1 1 0 0 0.617632
175 181 1 1 0 0 0.387684
175 184 1 1 0 0 1.235265
175 189 1 1 0 0 0.790955
175 191 1 1 0 0 1.344113
175 198 1 1 0 0 1.195083
176 178 1 1 0 0 0.597541
176 186 1 1 0 0 0.775368
176 188 1 1 0 0 0.726605
176 193 1 1 0 0 0.991680
177 178 1 1 0 0 1.486429
177 182 1 1 0 0 1.195083
177 188 1 1 0 0 1.729371
177 195 1 1 0 0 1.635968
177 196 1 1 0 0 0.988212
177 197 1 1 0 0 1.235265
178 186 1 1 0 0 1.235265
178 188 1 1 0 0 0.494106
178 193 1 1 0 0 1.327263
178 196 1 1 0 0 1.453209
179 181 1 1 0 0 0.880857
179 184 1 1 0 0 0.617632
179 189 1 1 0 0 0.494106
179 190 1 1 0 0 1.605844
179 191 1 1 0 0 0.775368
179 198 1 1 0 0 1.275377
180 183 1 1 0 0 0.597541
180 185 1 1 0 0 1.195083
180 190 1 1 0 0 1.781524
180 194 1 1 0 0 0.804346
180 199 1 1 0 0 0.958823
181 184 1 1 0 0 1.471210
181 189 1 1 0 0 0.830939
181 191 1 1 0 0 1.483604
181 198 1 1 0 0 0.919837
182 187 1 1 0 0 0.952436
182 192 1 1 0 0 1.018625
182 195 1 1 0 0 0.692189
182 196 1 1 0 0 1.642484
182 197 1 1 0 0 0.911086
183 185 1 1 0 0 0.597541
183 190 1 1 0 0 1.186111
183 194 1 1 0 0 0.617632
183 199 1 1 0 0 0.991680
184 185 1 1 0 0 1.486429
184 189 1 1 0 0 0.790955
184 190 1 1 0 0 0.988212
184 191 1 1 0 0 0.398361
184 198 1 1 0 0 1.608692
185 190 1 1 0 0 0.594982
185 191 1 1 0 0 1.593444
185 194 1 1 0 0 0.911086
185 199 1 1 0 0 1.327263
186 188 1 1 0 0 1.018625
186 193 1 1 0 0 0.337162
187 192 1 1 0 0 0.298771
187 195 1 1 0 0 0.830939
187 197 1 1 0 0 1.483604
188 193 1 1 0 0 0.990140
188 196 1 1 0 0 1.384379
189 190 1 1 0 0 1.680142
189 191 1 1 0 0 0.674323
189 198 1 1 0 0 0.835974
190 191 1 1 0 0 1.018625
190 194 1 1 0 0 1.348647
190 199 1 1 0 0 1.730473
191 198 1 1 0 0 1.384379
192 195 1 1 0 0 0.674323
192 197 1 1 0 0 1.348647
194 199 1 1 0 0 0.417987
195 196 1 1 0 0 1.680142
195 197 1 1 0 0 0.674323
196 197 1 1 0 0 1.018625
