0 0.040000 7.580000
1 0.070000 8.210000
2 0.270000 7.590000
3 0.380000 2.730000
4 0.430000 5.960000
5 0.620000 5.200000
6 0.670000 6.700000
7 0.740000 2.070000
8 0.820000 1.530000
9 0.830000 4.910000
10 0.840000 7.750000
11 0.900000 3.400000
12 0.900000 6.040000
13 0.960000 4.170000
14 0.980000 8.380000
15 0.980000 9.150000
16 1.000000 6.020000
17 1.060000 6.920000
18 1.060000 8.040000
19 1.110000 9.470000
20 1.120000 3.160000
21 1.160000 3.320000
22 1.170000 1.400000
23 1.170000 5.680000
24 1.200000 0.630000
25 1.430000 5.520000
26 1.610000 8.200000
27 1.670000 5.100000
28 1.710000 9.620000
29 1.750000 2.850000
30 1.770000 4.460000
31 1.800000 5.050000
32 1.860000 7.990000
33 1.860000 9.570000
34 1.920000 1.430000
35 1.930000 8.880000
36 1.960000 9.770000
37 1.990000 2.730000
38 1.990000 7.920000
39 2.010000 5.580000
40 2.090000 1.080000
41 2.130000 6.880000
42 2.140000 0.030000
43 2.380000 9.670000
44 2.410000 7.910000
45 2.470000 4.760000
46 2.520000 0.870000
47 2.570000 5.160000
48 2.780000 1.500000
49 2.860000 0.410000
50 2.910000 0.310000
51 3.030000 7.280000
52 3.140000 6.560000
53 3.410000 0.250000
54 3.410000 7.860000
55 3.540000 1.480000
56 3.560000 9.990000
57 3.650000 6.420000
58 3.690000 6.620000
59 3.710000 3.220000
60 3.720000 4.460000
61 3.730000 6.520000
62 3.780000 3.960000
63 3.830000 6.430000
64 3.850000 4.810000
65 3.880000 9.340000
66 4.020000 2.070000
67 4.100000 6.470000
68 4.120000 4.380000
69 4.150000 6.720000
70 4.250000 8.040000
71 4.350000 2.410000
72 4.350000 5.470000
73 4.380000 9.410000
74 4.390000 3.860000
75 4.430000 1.750000
76 4.440000 5.690000
77 4.450000 9.490000
78 4.510000 1.960000
79 4.520000 3.780000
80 4.560000 1.900000
81 4.620000 8.430000
82 4.660000 5.140000
83 4.750000 3.960000
84 4.760000 0.900000
85 4.820000 1.740000
86 4.850000 1.710000
87 4.880000 0.540000
88 4.910000 5.540000
89 4.950000 8.740000
90 5.030000 2.430000
91 5.030000 4.570000
92 5.040000 1.760000
93 5.080000 0.100000
94 5.250000 5.220000
95 5.300000 6.890000
96 5.320000 8.830000
97 5.370000 2.400000
98 5.450000 6.260000
99 5.470000 6.150000
100 5.560000 3.250000
101 5.580000 3.180000
102 5.680000 1.950000
103 5.750000 0.840000
104 5.760000 4.330000
105 5.790000 5.150000
106 5.830000 3.590000
107 5.860000 1.580000
108 5.880000 8.430000
109 5.940000 3.120000
110 6.010000 5.620000
111 6.030000 8.640000
112 6.050000 5.280000
113 6.060000 4.940000
114 6.070000 2.980000
115 6.070000 3.150000
116 6.110000 7.480000
117 6.200000 7.750000
118 6.210000 0.670000
119 6.270000 5.840000
120 6.290000 8.880000
121 6.350000 3.860000
122 6.350000 7.090000
123 6.460000 1.440000
124 6.460000 9.820000
125 6.470000 2.790000
126 6.470000 7.840000
127 6.550000 7.990000
128 6.650000 6.520000
129 6.670000 6.060000
130 6.680000 1.360000
131 6.760000 5.070000
132 6.800000 9.440000
133 6.840000 3.270000
134 6.940000 7.250000
135 6.980000 5.410000
136 7.100000 5.820000
137 7.120000 3.970000
138 7.130000 4.240000
139 7.160000 5.460000
140 7.230000 7.220000
141 7.260000 4.800000
142 7.280000 5.120000
143 7.310000 5.890000
144 7.390000 4.760000
145 7.430000 7.690000
146 7.460000 5.350000
147 7.520000 1.940000
148 7.540000 1.810000
149 7.590000 0.730000
150 7.620000 4.900000
151 7.620000 9.450000
152 7.640000 6.230000
153 7.660000 3.950000
154 7.750000 5.820000
155 7.760000 4.450000
156 7.790000 8.780000
157 7.820000 0.520000
158 7.850000 4.250000
159 7.930000 0.970000
160 7.960000 9.480000
161 8.090000 0.500000
162 8.400000 9.400000
163 8.490000 0.150000
164 8.490000 0.220000
165 8.610000 2.680000
166 8.620000 2.110000
167 8.640000 7.890000
168 8.690000 5.830000
169 8.700000 5.050000
170 8.720000 3.470000
171 8.760000 9.120000
172 8.790000 4.510000
173 8.840000 2.380000
174 8.850000 0.450000
175 8.890000 0.170000
176 8.900000 6.460000
177 8.900000 9.960000
178 8.910000 6.890000
179 8.910000 9.130000
180 8.930000 2.810000
181 8.930000 9.100000
182 9.020000 0.340000
183 9.090000 7.040000
184 9.190000 1.660000
185 9.190000 3.120000
186 9.360000 1.860000
187 9.500000 7.330000
188 9.550000 2.250000
189 9.680000 5.580000
190 9.700000 0.640000
191 9.710000 2.200000
192 9.750000 2.200000
193 9.770000 9.570000
194 9.780000 7.180000
195 9.810000 6.120000
196 9.860000 5.910000
197 9.930000 4.890000
198 9.970000 6.600000
