0 1 1 1 0 0 0.025 
1 2 1 1 0 0 0.0104815 
2 0 0 1 50180 0 0.0251762 
1 3 1 1 0 0 0.004 
3 2 0 0 2819 0 0.0144561 
3 0 0 1 94102 0 0.0281358 
3 4 1 1 0 0 0.002 
4 1 0 1 6404 0 0.00598048 
4 2 0 1 48223 0 0.0164385 
4 0 0 1 98697 0 0.0287352 
4 5 1 1 0 0 0.001 
5 3 0 1 2715 0 0.00191601 
5 1 0 1 6544 0 0.00590119 
5 2 0 1 47036 0 0.0163576 
5 0 0 1 98677 0 0.0297104 
1 6 1 1 0 0 0.00820927 
6 3 0 1 16731 0 0.0113452 
6 4 0 1 16743 0 0.0119528 
6 5 0 1 18372 0 0.0129352 
6 0 0 1 87725 0 0.0174162 
6 2 0 1 48970 0 0.0175682 
6 7 1 1 0 0 0.0125655 
7 4 0 1 14596 0 0.013817 
7 5 0 1 15200 0 0.0138974 
7 3 0 1 16960 0 0.0157889 
7 1 0 1 20539 0 0.0197748 
7 0 0 1 133724 0 0.0259444 
7 2 0 1 56844 0 0.0298505 
5 8 1 1 0 0 0.015 
8 4 0 1 21779 0 0.015989 
8 3 0 0 16286 0 0.016582 
8 1 0 1 22945 0 0.0197185 
8 2 0 1 36445 0 0.0199622 
8 7 0 1 27866 0 0.0204195 
8 6 0 1 31249 0 0.0278527 
7 9 1 1 0 0 0.007 
9 8 0 0 5684 0 0.0173347 
9 6 0 1 22550 0 0.0195192 
9 4 0 1 19136 0 0.0207271 
9 5 0 1 18643 0 0.0208067 
9 3 0 1 20989 0 0.0226991 
9 1 0 1 25527 0 0.0266887 
9 0 0 1 148365 0 0.0328438 
8 10 1 1 0 0 0.005 
10 5 0 0 8912 0 0.0199286 
10 4 0 1 30703 0 0.0209198 
10 3 0 0 8495 0 0.0215201 
10 9 0 1 27267 0 0.0219835 
10 1 0 1 32014 0 0.0246632 
10 2 0 1 33091 0 0.0248346 
10 7 0 1 35844 0 0.0252815 
10 11 1 1 0 0 0.009 
11 8 0 1 20224 0 0.0139456 
11 9 0 1 36110 0 0.0273947 
11 5 0 0 36522 0 0.0288965 
11 4 0 1 41982 0 0.0298877 
11 3 0 0 34428 0 0.0304825 
11 1 0 1 43823 0 0.0336179 
11 2 0 1 31336 0 0.0336844 
11 12 1 1 0 0 0.002 
12 10 0 1 12467 0 0.0109761 
12 8 0 1 22433 0 0.0159184 
12 9 0 0 30902 0 0.0293852 
12 5 0 0 37472 0 0.0308708 
12 4 0 1 42626 0 0.0318623 
12 3 0 0 42883 0 0.032458 
12 1 0 1 45468 0 0.0355929 
12 13 1 1 0 0 0.003 
13 11 0 1 3693 0 0.00479837 
13 10 0 1 14012 0 0.0137481 
13 8 0 0 17440 0 0.0186953 
13 9 0 0 12886 0 0.0321586 
13 5 0 1 42671 0 0.0336557 
13 4 0 1 44374 0 0.0346471 
13 3 0 0 41309 0 0.0352439 
13 1 0 1 49651 0 0.0383798 
13 14 1 1 0 0 0.000342551 
14 12 0 1 3117 0 0.00324128 
14 11 0 1 4566 0 0.00513963 
14 10 0 1 14841 0 0.0140871 
14 8 0 0 16636 0 0.0190337 
14 9 0 0 11862 0 0.0324995 
14 5 0 1 42262 0 0.0339946 
14 4 0 1 44157 0 0.0349861 
14 3 0 0 43261 0 0.0355832 
0 15 1 1 0 0 0.00160146 
15 6 0 1 117255 0 0.018627 
15 7 0 1 174711 0 0.0258363 
15 1 0 1 106552 0 0.0262258 
15 2 0 1 69378 0 0.0263982 
15 3 0 1 122946 0 0.0293707 
15 4 0 1 129953 0 0.0299665 
15 5 0 1 130508 0 0.0309436 
15 9 0 1 189170 0 0.0325841 
14 16 1 1 0 0 0.001 
16 13 0 1 1672 0 0.00133715 
16 12 0 1 3467 0 0.00413688 
16 11 0 1 4809 0 0.00612982 
16 10 0 1 15194 0 0.0150781 
16 8 0 0 10814 0 0.0200236 
16 9 0 0 6770 0 0.0334899 
16 5 0 0 39646 0 0.0349829 
16 4 0 1 44814 0 0.0359744 
2 17 1 1 0 0 0.004 
17 1 0 1 45442 0 0.0143275 
17 3 0 1 48155 0 0.0182996 
17 5 0 1 49167 0 0.0201991 
17 4 0 1 50352 0 0.0202766 
17 10 0 1 31433 0 0.0209383 
17 6 0 1 53861 0 0.0214504 
17 8 0 1 39933 0 0.0236973 
17 0 0 1 54472 0 0.0289689 
11 18 1 1 0 0 0.000682142 
18 12 0 1 2995 0 0.00266345 
18 13 0 1 4650 0 0.00542891 
18 14 0 1 4532 0 0.00576628 
18 16 0 1 5411 0 0.00676419 
18 10 0 1 11588 0 0.00840711 
18 8 0 1 19858 0 0.01335 
18 9 0 1 34912 0 0.0268336 
18 5 0 1 39910 0 0.0283133 
18 17 0 1 31106 0 0.0292385 
16 19 1 1 0 0 0.001 
19 14 0 1 1841 0 0.00199569 
19 13 0 1 2359 0 0.00233498 
19 12 0 1 4371 0 0.00513093 
19 11 0 1 5467 0 0.0071258 
19 18 0 1 6394 0 0.00775905 
19 10 0 1 16987 0 0.0160747 
19 8 0 0 6416 0 0.0210183 
19 9 0 0 5758 0 0.0344872 
19 5 0 0 41667 0 0.0359767 
0 20 1 1 0 0 0.0075506 
20 15 0 1 33460 0 0.00907953 
20 6 0 1 74052 0 0.0209732 
20 1 0 1 73579 0 0.0228227 
20 2 0 1 43540 0 0.0228716 
20 3 0 1 76904 0 0.0259697 
20 4 0 1 79729 0 0.0265925 
20 17 0 1 48802 0 0.026714 
20 5 0 1 79110 0 0.0275666 
20 7 0 1 99160 0 0.0332357 
19 21 1 1 0 0 0.008 
21 16 0 1 8691 0 0.00899694 
21 14 0 1 9231 0 0.00998871 
21 13 0 1 9843 0 0.0103303 
21 12 0 0 4989 0 0.0131218 
21 11 0 0 4971 0 0.0151207 
21 18 0 1 12215 0 0.0156968 
21 10 0 1 20798 0 0.0239626 
21 8 0 0 15257 0 0.0289065 
21 9 0 0 12186 0 0.042418 
21 22 1 1 0 0 0.00157286 
22 19 0 0 1899 0 0.00935103 
22 16 0 0 1901 0 0.010349 
22 14 0 0 1900 0 0.0113394 
22 13 0 0 1897 0 0.0116815 
22 12 0 0 1150 0 0.0144717 
22 11 0 0 1202 0 0.0164701 
22 18 0 1 11778 0 0.0170658 
22 10 0 0 2055 0 0.0253641 
22 8 0 0 2054 0 0.0303161 
18 23 1 1 0 0 0.003 
23 11 0 0 1174 0 0.00351153 
23 12 0 0 1219 0 0.00491652 
23 13 0 1 5768 0 0.00789292 
23 14 0 1 6374 0 0.00813113 
23 16 0 1 6372 0 0.00897747 
23 10 0 1 12579 0 0.0095697 
23 19 0 1 6986 0 0.00959266 
23 21 0 1 12288 0 0.0144837 
23 8 0 1 20969 0 0.0145043 
6 24 1 1 0 0 0.005 
24 1 0 1 23101 0 0.0117483 
24 2 0 1 43905 0 0.0131248 
24 0 0 1 53815 0 0.0139631 
24 3 0 1 26538 0 0.014883 
24 15 0 1 74117 0 0.0151911 
24 4 0 0 15264 0 0.0154744 
24 5 0 1 27791 0 0.0164593 
24 20 0 1 62929 0 0.0164667 
24 17 0 1 43318 0 0.0169866 
7 25 1 1 0 0 0.003 
25 9 0 1 10280 0 0.00990305 
25 6 0 1 18450 0 0.00999692 
25 4 0 1 15663 0 0.0111107 
25 5 0 1 14752 0 0.0111984 
25 3 0 1 16294 0 0.013091 
25 24 0 1 25857 0 0.0145931 
25 1 0 1 18806 0 0.0170769 
25 8 0 1 16243 0 0.018562 
25 10 0 1 23318 0 0.0234343 
23 26 1 1 0 0 0.000101413 
26 18 0 1 3771 0 0.00309173 
26 11 0 0 1172 0 0.0036012 
26 12 0 0 1936 0 0.0050046 
26 13 0 1 5867 0 0.00797983 
26 14 0 1 6368 0 0.00821765 
26 16 0 1 6886 0 0.00906406 
26 10 0 1 12563 0 0.00965856 
26 19 0 1 6974 0 0.00967865 
26 21 0 1 12136 0 0.0143867 
26 8 0 1 20932 0 0.0145922 
14 27 1 1 0 0 0.001 
27 13 0 1 3059 0 0.00133674 
27 16 0 1 2914 0 0.00182361 
27 19 0 1 3364 0 0.00244319 
27 12 0 1 4539 0 0.00411954 
27 11 0 1 5304 0 0.0061028 
27 18 0 1 6312 0 0.00673844 
27 23 0 1 5726 0 0.00722934 
27 26 0 1 5773 0 0.0073194 
27 21 0 1 9591 0 0.009076 
27 22 0 0 4355 0 0.0104337 
18 28 1 1 0 0 0.001 
28 11 0 1 2801 0 0.00164468 
28 23 0 1 3141 0 0.00223435 
28 26 0 1 2975 0 0.00232544 
28 12 0 1 3927 0 0.00362862 
28 13 0 1 5637 0 0.0063862 
28 14 0 1 5480 0 0.00672424 
28 10 0 1 11529 0 0.00745716 
28 27 0 1 6305 0 0.00769285 
28 16 0 1 6094 0 0.00772313 
28 19 0 0 3943 0 0.00871983 
22 29 1 1 0 0 0.004 
29 21 0 1 5249 0 0.00552336 
29 19 0 0 1393 0 0.00950074 
29 16 0 0 1390 0 0.0104978 
29 27 0 0 1341 0 0.0105758 
29 14 0 0 1390 0 0.01149 
29 13 0 0 1392 0 0.0118316 
29 12 0 0 1341 0 0.0146245 
29 23 0 0 2745 0 0.0160157 
29 26 0 0 2690 0 0.0160982 
29 11 0 0 1341 0 0.0166233 
7 30 1 1 0 0 0.000647536 
30 25 0 1 17245 0 0.00250556 
30 9 0 1 15656 0 0.00756005 
30 6 0 1 20327 0 0.0122183 
30 4 0 1 16074 0 0.0132435 
30 5 0 1 16813 0 0.013327 
30 3 0 1 18617 0 0.0152314 
30 24 0 1 31669 0 0.0168749 
30 1 0 1 22192 0 0.019219 
30 8 0 1 31325 0 0.0201792 
30 10 0 1 39414 0 0.0250445 
29 31 1 1 0 0 0.001 
31 22 0 0 1192 0 0.00435823 
31 21 0 1 5291 0 0.00587706 
31 19 0 0 1391 0 0.0104999 
31 16 0 0 1392 0 0.0114969 
31 27 0 0 1340 0 0.0115753 
31 14 0 0 1390 0 0.0124891 
31 13 0 0 1389 0 0.0128306 
31 12 0 0 1337 0 0.0156234 
31 26 0 0 1187 0 0.0168929 
31 23 0 0 1238 0 0.0169909 
9 32 1 1 0 0 0.001 
32 7 0 1 12709 0 0.00791746 
32 30 0 1 18183 0 0.00844679 
32 25 0 1 13104 0 0.0107691 
32 8 0 0 3127 0 0.018197 
32 6 0 1 23920 0 0.0204819 
32 4 0 1 21927 0 0.0215951 
32 5 0 1 21814 0 0.0216791 
32 10 0 0 3423 0 0.0228601 
32 3 0 1 23790 0 0.0235683 
32 24 0 1 37182 0 0.0251261 
32 33 1 1 0 0 0.00383619 
33 9 0 0 4269 0 0.00454454 
33 7 0 0 3392 0 0.0114568 
33 30 0 1 22243 0 0.0119664 
33 25 0 0 3922 0 0.0143283 
33 8 0 0 1751 0 0.021679 
33 6 0 0 3143 0 0.0240182 
33 4 0 0 5165 0 0.025093 
33 5 0 0 5171 0 0.0251751 
33 10 0 0 1856 0 0.026346 
33 12 0 0 2214 0 0.0265774 
3 34 1 1 0 0 0.000244185 
34 5 0 1 6758 0 0.00181915 
34 4 0 1 5937 0 0.00189746 
34 1 0 1 7456 0 0.00421417 
34 6 0 1 13460 0 0.0115431 
34 25 0 1 16966 0 0.0129524 
34 2 0 1 46389 0 0.0146394 
34 24 0 1 25224 0 0.0150673 
34 30 0 1 18295 0 0.015109 
34 7 0 1 14947 0 0.0156338 
34 8 0 1 22949 0 0.016382 
6 35 1 1 0 0 0.000999999 
35 24 0 1 25232 0 0.00577246 
35 1 0 1 22199 0 0.00817107 
35 25 0 1 28550 0 0.0095498 
35 3 0 1 23375 0 0.0111554 
35 34 0 1 21255 0 0.0113254 
35 30 0 1 17458 0 0.0113845 
35 4 0 1 22118 0 0.0117604 
35 7 0 1 18473 0 0.011765 
35 5 0 1 23930 0 0.0127455 
35 0 0 1 102001 0 0.0173952 
6 36 1 1 0 0 0.00120462 
36 35 0 1 13997 0 0.00202801 
36 24 0 1 11972 0 0.00422783 
36 1 0 1 15246 0 0.00763362 
36 3 0 1 16178 0 0.0107659 
36 25 0 1 18191 0 0.0108876 
36 34 0 1 14431 0 0.0109644 
36 4 0 1 15547 0 0.0113675 
36 5 0 1 16544 0 0.0123501 
36 30 0 1 15324 0 0.0131525 
36 7 0 1 12786 0 0.0135399 
36 2 0 1 49285 0 0.0165128 
31 37 1 1 0 0 0.003 
37 29 0 1 3422 0 0.0039981 
37 22 0 0 1398 0 0.00564717 
37 21 0 1 6237 0 0.00716599 
37 19 0 0 1545 0 0.0134908 
37 16 0 0 1543 0 0.0144881 
37 27 0 0 1492 0 0.0145675 
37 14 0 0 1488 0 0.0154793 
37 13 0 0 1490 0 0.0158213 
37 12 0 0 1438 0 0.0186147 
37 26 0 0 2083 0 0.0198843 
37 23 0 0 1286 0 0.0199828 
23 38 1 1 0 0 0.000999999 
38 26 0 1 3363 0 0.00108925 
38 28 0 1 4018 0 0.00306528 
38 18 0 1 4622 0 0.00393576 
38 11 0 1 5688 0 0.00448212 
38 12 0 1 6242 0 0.00588515 
38 27 0 1 7936 0 0.00817567 
38 10 0 1 12414 0 0.0087315 
38 13 0 1 8102 0 0.00885076 
38 14 0 1 8679 0 0.00908822 
38 16 0 1 8804 0 0.00993417 
38 19 0 1 9246 0 0.0105491 
38 39 1 1 0 0 0.002 
39 26 0 1 3424 0 0.00283423 
39 23 0 1 3535 0 0.00292559 
39 28 0 1 4863 0 0.00502155 
39 18 0 1 5925 0 0.00589202 
39 11 0 0 3987 0 0.00642853 
39 12 0 0 6228 0 0.0078313 
39 10 0 1 13841 0 0.00941065 
39 27 0 1 8242 0 0.0101269 
39 13 0 1 8977 0 0.010798 
39 14 0 1 9537 0 0.0110356 
39 16 0 1 9682 0 0.0118813 
15 40 1 1 0 0 0.001 
40 0 0 1 26456 0 0.00252872 
40 20 0 1 46658 0 0.00999448 
40 24 0 1 97981 0 0.0159417 
40 35 0 1 152544 0 0.0193114 
40 6 0 1 137178 0 0.0193613 
40 36 0 1 123714 0 0.0198458 
40 7 0 1 190767 0 0.0265588 
40 30 0 1 192410 0 0.0266504 
40 1 0 1 124909 0 0.0268992 
40 2 0 1 85855 0 0.0271016 
40 25 0 1 168209 0 0.028614 
24 41 1 1 0 0 0.002 
41 36 0 1 21047 0 0.00582404 
41 6 0 1 27301 0 0.00698048 
41 35 0 1 36887 0 0.00773913 
41 2 0 1 31900 0 0.011505 
41 1 0 0 9349 0 0.0115457 
41 0 0 0 32545 0 0.0142256 
41 20 0 1 51941 0 0.0145737 
41 3 0 0 10297 0 0.0146804 
41 34 0 0 10765 0 0.0148562 
41 4 0 0 8148 0 0.0152707 
41 17 0 1 31665 0 0.0153003 
39 42 1 1 0 0 0.000999999 
42 38 0 1 4609 0 0.0029616 
42 26 0 1 4647 0 0.00382684 
42 23 0 1 4698 0 0.00391778 
42 28 0 1 6268 0 0.00601014 
42 18 0 1 7184 0 0.00687814 
42 11 0 0 4496 0 0.007423 
42 12 0 0 7535 0 0.00882597 
42 10 0 1 15236 0 0.0102752 
42 27 0 1 9307 0 0.0111205 
42 13 0 1 10364 0 0.0117925 
42 14 0 1 10866 0 0.0120299 
20 43 1 1 0 0 0.00152857 
43 0 0 0 13576 0 0.00814025 
43 15 0 1 51300 0 0.00966031 
43 40 0 0 14023 0 0.0105766 
43 41 0 1 47277 0 0.015262 
43 24 0 1 58067 0 0.0171492 
43 36 0 1 63731 0 0.020621 
43 1 0 1 57789 0 0.0214525 
43 2 0 1 47116 0 0.0215715 
43 6 0 1 64755 0 0.0216636 
43 35 0 1 74641 0 0.0223561 
43 3 0 1 62971 0 0.0245971 
28 44 1 1 0 0 0.00335797 
44 18 0 1 9787 0 0.00432851 
44 38 0 1 10216 0 0.00466969 
44 11 0 1 9123 0 0.00492253 
44 39 0 0 3708 0 0.00535979 
44 23 0 0 4316 0 0.00553609 
44 26 0 0 4224 0 0.00562365 
44 10 0 1 15405 0 0.00604164 
44 42 0 0 3212 0 0.00621313 
44 12 0 1 10329 0 0.00690955 
44 13 0 1 12091 0 0.00967962 
44 14 0 1 12596 0 0.0100186 
7 45 1 1 0 0 0.00279571 
45 30 0 1 17695 0 0.00306723 
45 25 0 1 7728 0 0.00479934 
45 9 0 1 12262 0 0.00952201 
45 32 0 1 14769 0 0.00976295 
45 35 0 1 26334 0 0.011402 
45 6 0 1 14365 0 0.0121456 
45 36 0 1 17435 0 0.0131113 
45 4 0 0 3023 0 0.0133286 
45 5 0 0 2978 0 0.0134034 
45 33 0 0 9890 0 0.0135577 
45 34 0 1 17335 0 0.0151257 
43 46 1 1 0 0 0.001 
46 20 0 1 46464 0 0.00192426 
46 0 0 0 7532 0 0.00911946 
46 15 0 0 6584 0 0.0106404 
46 40 0 0 7592 0 0.011557 
46 41 0 1 53629 0 0.0162435 
46 24 0 1 64535 0 0.0181316 
46 1 0 1 60544 0 0.0210449 
46 2 0 1 53116 0 0.0211719 
46 36 0 1 69359 0 0.0216053 
46 6 0 1 70121 0 0.0226449 
46 35 0 1 78109 0 0.0233316 
42 47 1 1 0 0 0.002 
47 39 0 1 5098 0 0.0029725 
47 38 0 1 7819 0 0.00493676 
47 26 0 1 7839 0 0.00577798 
47 23 0 1 7825 0 0.00586951 
47 44 0 0 5466 0 0.00708892 
47 28 0 1 9077 0 0.00794705 
47 18 0 1 10469 0 0.00881824 
47 11 0 1 10307 0 0.00937096 
47 12 0 1 11197 0 0.0107743 
47 10 0 1 18002 0 0.0111456 
47 27 0 1 11691 0 0.013062 
47 48 1 1 0 0 0.001 
48 42 0 1 5022 0 0.00298264 
48 39 0 1 6389 0 0.0039591 
48 38 0 1 9081 0 0.00592125 
48 26 0 1 9091 0 0.00677197 
48 23 0 1 9086 0 0.00686312 
48 44 0 0 4923 0 0.0074733 
48 28 0 1 10407 0 0.00894572 
48 18 0 1 11826 0 0.00981543 
48 11 0 0 9442 0 0.0103665 
48 12 0 0 11825 0 0.0117698 
48 10 0 1 18615 0 0.0119712 
41 49 1 1 0 0 0.001303 
49 24 0 1 26197 0 0.00283597 
49 36 0 1 31978 0 0.00644547 
49 6 0 1 31423 0 0.00759755 
49 35 0 1 45433 0 0.00830862 
49 1 0 1 33488 0 0.010348 
49 2 0 1 18324 0 0.0103823 
49 3 0 1 37366 0 0.0134832 
49 34 0 1 35889 0 0.0136531 
49 20 0 1 39882 0 0.0137317 
49 4 0 1 38241 0 0.0140851 
49 17 0 1 21823 0 0.0142575 
37 50 1 1 0 0 0.00456699 
50 31 0 1 8700 0 0.00755621 
50 29 0 1 9175 0 0.00855266 
50 22 0 1 10027 0 0.00870925 
50 21 0 1 10199 0 0.0100982 
50 19 0 0 3699 0 0.0180261 
50 16 0 0 3750 0 0.0190222 
50 27 0 0 4707 0 0.0190809 
50 14 0 0 4709 0 0.0200126 
50 13 0 0 4705 0 0.020354 
50 47 0 1 19374 0 0.0229645 
50 12 0 0 5458 0 0.0231563 
50 48 0 1 20257 0 0.0236261 
50 51 1 1 0 0 0.005 
51 37 0 1 9303 0 0.00952015 
51 31 0 0 1235 0 0.0125012 
51 29 0 0 1233 0 0.0134953 
51 22 0 1 12840 0 0.013654 
51 21 0 1 13693 0 0.0150685 
51 19 0 0 1286 0 0.0229428 
51 16 0 0 1283 0 0.0239385 
51 27 0 0 2135 0 0.0239878 
51 14 0 0 1282 0 0.0249299 
51 13 0 0 1285 0 0.0252705 
51 48 0 1 22602 0 0.0275712 
51 47 0 1 21883 0 0.0279351 
51 52 1 1 0 0 0.002 
52 50 0 1 6032 0 0.00699385 
52 37 0 0 1232 0 0.0115091 
52 31 0 0 1234 0 0.0144889 
52 29 0 0 1182 0 0.0154827 
52 22 0 1 14267 0 0.0156431 
52 21 0 0 1182 0 0.0170584 
52 19 0 0 2821 0 0.0249281 
52 16 0 0 2021 0 0.0259238 
52 27 0 0 2826 0 0.0259701 
52 14 0 0 2022 0 0.0269156 
52 13 0 0 2029 0 0.027256 
52 48 0 0 1135 0 0.029555 
45 53 1 1 0 0 0.000256184 
53 7 0 1 9094 0 0.00296495 
53 30 0 1 14218 0 0.00323127 
53 25 0 1 10281 0 0.00498438 
53 9 0 1 12028 0 0.00968933 
53 32 0 1 14524 0 0.0099286 
53 35 0 1 22899 0 0.0115392 
53 6 0 1 13319 0 0.0122968 
53 36 0 1 15623 0 0.0132629 
53 4 0 0 4543 0 0.0134508 
53 5 0 0 4645 0 0.0135254 
53 33 0 0 8275 0 0.0137203 
53 34 0 1 14342 0 0.0152448 
42 54 1 1 0 0 0.001 
54 39 0 1 6258 0 0.00184308 
54 47 0 1 4609 0 0.00253 
54 38 0 1 7989 0 0.00270964 
54 26 0 1 8699 0 0.00351526 
54 48 0 1 4883 0 0.00352109 
54 23 0 1 8762 0 0.00361118 
54 28 0 1 9610 0 0.00564496 
54 18 0 1 11111 0 0.00655203 
54 44 0 1 7093 0 0.00699353 
54 11 0 1 11422 0 0.00706857 
54 12 0 1 12339 0 0.00847616 
54 27 0 1 12331 0 0.0107657 
52 55 1 1 0 0 0.000999997 
55 51 0 1 2524 0 0.00299096 
55 50 0 1 6708 0 0.00798781 
55 37 0 0 4352 0 0.0125011 
55 31 0 1 13377 0 0.015481 
55 29 0 1 14051 0 0.0164748 
55 22 0 1 14632 0 0.0166329 
55 21 0 1 15618 0 0.0180508 
55 19 0 0 1233 0 0.0259168 
55 16 0 0 1234 0 0.0269124 
55 27 0 0 1231 0 0.0269585 
55 14 0 0 1240 0 0.0279042 
55 13 0 0 1233 0 0.0282445 
55 56 1 1 0 0 0.001 
56 52 0 1 1670 0 0.00167012 
56 51 0 0 1129 0 0.00365712 
56 50 0 1 7185 0 0.00865145 
56 37 0 0 2757 0 0.0131667 
56 31 0 0 3459 0 0.0161473 
56 29 0 0 3410 0 0.0171413 
56 22 0 0 1178 0 0.0172985 
56 21 0 1 15764 0 0.0187161 
56 19 0 0 1226 0 0.0265853 
56 16 0 0 1229 0 0.027581 
56 27 0 0 1228 0 0.0276286 
56 14 0 0 1224 0 0.0285726 
20 57 1 1 0 0 0.004 
57 43 0 0 66523 0 0.00545029 
57 46 0 0 66952 0 0.00583941 
57 0 0 1 122559 0 0.00956217 
57 15 0 1 116865 0 0.0110818 
57 40 0 1 101753 0 0.0120165 
57 41 0 1 155870 0 0.0163537 
57 49 0 1 141287 0 0.0165765 
57 24 0 1 166960 0 0.018263 
57 36 0 1 172687 0 0.0217542 
57 6 0 1 173040 0 0.0227818 
57 35 0 1 189003 0 0.0234041 
57 1 0 1 173917 0 0.0265344 
56 58 1 1 0 0 0.00183296 
58 55 0 1 2426 0 0.0025019 
58 52 0 0 1133 0 0.00349563 
58 51 0 1 4293 0 0.00548387 
58 50 0 1 8440 0 0.0104275 
58 37 0 0 1928 0 0.0149603 
58 31 0 0 2674 0 0.0179448 
58 29 0 1 15384 0 0.0189394 
58 22 0 0 12421 0 0.0190908 
58 21 0 0 4176 0 0.0205029 
58 19 0 0 5923 0 0.0283864 
58 16 0 0 5931 0 0.0293823 
58 27 0 0 6566 0 0.0294254 
17 59 1 1 0 0 0.001 
59 2 0 1 7588 0 0.00490506 
59 1 0 1 43046 0 0.0136407 
59 49 0 1 19883 0 0.0150103 
59 41 0 1 31102 0 0.0162379 
59 24 0 1 41963 0 0.0164243 
59 3 0 1 45895 0 0.0176097 
59 34 0 1 47012 0 0.0177927 
59 5 0 1 46369 0 0.0195087 
59 4 0 1 47248 0 0.0195863 
59 36 0 1 50254 0 0.0197188 
59 10 0 1 29026 0 0.0199873 
59 6 0 1 49665 0 0.0207639 
58 60 1 1 0 0 0.002 
60 56 0 1 3412 0 0.00382408 
60 55 0 1 3851 0 0.00449223 
60 52 0 0 4066 0 0.00548778 
60 51 0 1 5908 0 0.00747459 
60 50 0 1 9951 0 0.0124233 
60 37 0 0 6984 0 0.0169555 
60 31 0 0 10776 0 0.0199395 
60 29 0 1 16188 0 0.0209341 
60 22 0 0 10256 0 0.0210845 
60 21 0 1 18008 0 0.0224984 
60 19 0 0 2669 0 0.0303771 
60 16 0 0 2668 0 0.0313727 
60 61 1 1 0 0 0.000297298 
61 58 0 1 2365 0 0.00228952 
61 56 0 1 3747 0 0.00411432 
61 55 0 1 3653 0 0.00478234 
61 52 0 0 1827 0 0.00577814 
61 51 0 1 5579 0 0.00776505 
61 50 0 1 9817 0 0.0127105 
61 37 0 0 2523 0 0.0172438 
61 31 0 1 16202 0 0.0202285 
61 29 0 1 16771 0 0.0212231 
61 22 0 0 10239 0 0.0213726 
61 21 0 0 3951 0 0.0227858 
61 19 0 0 4150 0 0.0306675 
17 62 1 1 0 0 0.000326114 
62 59 0 1 4090 0 0.00130774 
62 2 0 1 9500 0 0.00429592 
62 49 0 1 22261 0 0.0145523 
62 1 0 1 44561 0 0.014599 
62 41 0 1 31468 0 0.0154062 
62 24 0 1 43455 0 0.01728 
62 3 0 1 47325 0 0.018571 
62 34 0 1 48354 0 0.0187555 
62 5 0 1 48087 0 0.0204708 
62 4 0 1 49003 0 0.0205484 
62 36 0 1 51812 0 0.0207 
62 10 0 1 31270 0 0.0212312 
60 63 1 1 0 0 0.000999996 
63 61 0 1 2024 0 0.00122634 
63 58 0 1 2929 0 0.00262184 
63 56 0 1 3656 0 0.00331458 
63 55 0 1 4102 0 0.00412001 
63 52 0 1 4458 0 0.00497838 
63 51 0 1 5445 0 0.00696488 
63 50 0 1 9363 0 0.0119031 
63 37 0 0 10047 0 0.0164392 
63 31 0 0 6118 0 0.0194247 
63 29 0 0 6823 0 0.0204195 
63 22 0 0 8515 0 0.0205669 
63 21 0 1 17319 0 0.0219798 
24 64 1 1 0 0 0.00141544 
64 41 0 1 65982 0 0.00336358 
64 49 0 1 78489 0 0.00404981 
64 6 0 1 53967 0 0.00421683 
64 35 0 1 39327 0 0.00459344 
64 36 0 1 49962 0 0.00469775 
64 1 0 1 59423 0 0.0118588 
64 0 0 1 106307 0 0.0133715 
64 25 0 1 66326 0 0.0136674 
64 2 0 1 94414 0 0.0141447 
64 15 0 1 126229 0 0.0145507 
64 3 0 1 61111 0 0.0150019 
64 34 0 1 59846 0 0.0151536 
61 65 1 1 0 0 0.000999998 
65 60 0 1 1631 0 0.00129067 
65 63 0 1 1985 0 0.00182088 
65 58 0 1 3186 0 0.00328401 
65 56 0 1 4517 0 0.00510628 
65 55 0 1 4430 0 0.00577401 
65 52 0 0 1197 0 0.00677016 
65 51 0 1 6683 0 0.00875705 
65 50 0 1 10651 0 0.0137044 
65 37 0 0 1840 0 0.0182345 
65 31 0 0 1836 0 0.0212186 
65 29 0 0 1830 0 0.0222132 
65 22 0 0 7762 0 0.0223632 
8 66 1 1 0 0 0.000279447 
66 10 0 1 9466 0 0.0049019 
66 44 0 1 21604 0 0.0108607 
66 28 0 1 17231 0 0.012239 
66 18 0 1 17238 0 0.0131906 
66 38 0 1 17456 0 0.0134763 
66 11 0 1 18320 0 0.0138278 
66 39 0 1 19705 0 0.0141836 
66 23 0 1 19096 0 0.0143856 
66 26 0 1 19096 0 0.0144748 
66 42 0 1 20906 0 0.0150364 
66 5 0 1 24306 0 0.015199 
66 12 0 1 18985 0 0.0158031 
63 67 1 1 0 0 0.002 
67 65 0 1 2399 0 0.00262638 
67 60 0 1 2402 0 0.00299765 
67 61 0 1 3043 0 0.00321996 
67 58 0 0 1269 0 0.00461379 
67 56 0 0 2118 0 0.00511737 
67 55 0 0 1962 0 0.00610886 
67 52 0 0 1325 0 0.00635232 
67 51 0 1 6556 0 0.008339 
67 50 0 1 10448 0 0.0132694 
67 37 0 0 1811 0 0.0178048 
67 31 0 0 1812 0 0.0207909 
67 29 0 0 1817 0 0.0217858 
36 68 1 1 0 0 0.000330904 
68 6 0 1 13051 0 0.00125985 
68 35 0 1 9627 0 0.00204052 
68 24 0 1 16021 0 0.00444725 
68 64 0 1 37795 0 0.00484593 
68 41 0 1 27298 0 0.0057718 
68 49 0 1 38869 0 0.00641467 
68 1 0 1 20603 0 0.00741389 
68 3 0 1 21284 0 0.0105484 
68 34 0 1 19391 0 0.0107356 
68 25 0 1 25356 0 0.0110159 
68 4 0 1 20466 0 0.0111516 
68 5 0 1 22041 0 0.0121318 
57 69 1 1 0 0 0.00238156 
69 20 0 1 128194 0 0.00451074 
69 43 0 0 73195 0 0.00484906 
69 46 0 0 73149 0 0.00524004 
69 0 0 1 133364 0 0.0118072 
69 15 0 1 127049 0 0.013328 
69 40 0 1 114206 0 0.014261 
69 49 0 1 152130 0 0.0177333 
69 41 0 1 167132 0 0.0185779 
69 24 0 1 178095 0 0.0204853 
69 64 0 1 224513 0 0.0214538 
69 68 0 1 190430 0 0.023964 
69 36 0 1 183180 0 0.0239869 
10 70 1 1 0 0 0.00168411 
70 44 0 1 14169 0 0.00598837 
70 8 0 1 10564 0 0.00608304 
70 66 0 1 10163 0 0.006168 
70 28 0 1 11821 0 0.00905785 
70 18 0 1 11365 0 0.0100283 
70 38 0 1 12538 0 0.0103687 
70 11 0 1 12161 0 0.0105936 
70 39 0 1 14170 0 0.0110467 
70 23 0 1 13025 0 0.0111974 
70 26 0 1 13087 0 0.0112826 
70 42 0 1 14904 0 0.0119131 
70 12 0 1 12977 0 0.012573 
70 54 0 1 19052 0 0.0127665 
1 71 1 1 0 0 0.000602797 
71 3 0 1 9092 0 0.00407772 
71 34 0 1 10755 0 0.00426139 
71 5 0 1 9178 0 0.00597338 
71 4 0 1 10562 0 0.0060644 
71 68 0 1 21632 0 0.00686043 
71 36 0 1 15329 0 0.0070959 
71 6 0 1 13748 0 0.00767645 
71 35 0 1 25747 0 0.00810286 
71 49 0 1 27215 0 0.00982139 
71 2 0 1 37013 0 0.0104575 
71 41 0 1 22246 0 0.0110439 
71 24 0 1 19794 0 0.0112382 
71 64 0 1 57656 0 0.0113846 
35 72 1 1 0 0 0.0035653 
72 6 0 1 27957 0 0.00362479 
72 36 0 1 26429 0 0.00412449 
72 68 0 1 21270 0 0.00437886 
72 64 0 1 24097 0 0.00553879 
72 24 0 1 34291 0 0.00669707 
72 41 0 0 31542 0 0.00865223 
72 49 0 1 56687 0 0.00925821 
72 45 0 1 37337 0 0.0105145 
72 53 0 1 33562 0 0.0106452 
72 71 0 1 37855 0 0.0108502 
72 30 0 1 26007 0 0.0108947 
72 7 0 1 29227 0 0.010896 
72 1 0 1 33485 0 0.011243 
14 73 1 1 0 0 0.00264018 
73 13 0 1 6489 0 0.00288086 
73 16 0 1 6923 0 0.00345962 
73 27 0 1 8024 0 0.00355694 
73 19 0 1 7432 0 0.00445377 
73 12 0 1 8306 0 0.00586713 
73 11 0 1 9519 0 0.00728504 
73 18 0 1 9275 0 0.00778722 
73 28 0 1 10217 0 0.00867357 
73 23 0 1 11717 0 0.0107459 
73 26 0 1 11595 0 0.0108309 
73 44 0 1 13450 0 0.0112586 
73 38 0 1 13354 0 0.0115942 
73 10 0 1 12717 0 0.012056 
69 74 1 1 0 0 0.018866 
74 57 0 1 197005 0 0.0211747 
74 46 0 1 73568 0 0.021687 
74 62 0 0 61075 0 0.022275 
74 17 0 0 59524 0 0.0225645 
74 43 0 1 80105 0 0.0226823 
74 59 0 0 58916 0 0.0232325 
74 20 0 1 105682 0 0.0232474 
74 2 0 1 78521 0 0.0265477 
74 0 0 1 107763 0 0.0305376 
74 15 0 1 116777 0 0.0320701 
74 40 0 1 133238 0 0.0329981 
74 49 0 1 101262 0 0.0364729 
74 1 0 1 95024 0 0.0366583 
64 75 1 1 0 0 0.0019468 
75 24 0 1 23818 0 0.00249177 
75 41 0 1 34277 0 0.00309179 
75 49 0 1 45897 0 0.00371379 
75 35 0 1 11544 0 0.00572392 
75 6 0 1 20832 0 0.00577102 
75 72 0 1 16071 0 0.005872 
75 36 0 1 20356 0 0.00634575 
75 68 0 1 15218 0 0.00650275 
75 0 0 1 76947 0 0.0118232 
75 15 0 1 99482 0 0.0130191 
75 71 0 1 33430 0 0.0130798 
75 1 0 1 30409 0 0.0136219 
75 2 0 1 62351 0 0.0136969 
69 76 1 1 0 0 0.00611536 
76 57 0 1 188852 0 0.00841603 
76 46 0 1 92127 0 0.008491 
76 43 0 1 94421 0 0.00947696 
76 20 0 1 111901 0 0.0101524 
76 74 0 1 121164 0 0.0140466 
76 0 0 1 155901 0 0.0174621 
76 15 0 1 179335 0 0.0189016 
76 40 0 1 213261 0 0.0198771 
76 49 0 1 142423 0 0.0233643 
76 41 0 1 142529 0 0.0241456 
76 71 0 1 136583 0 0.0249638 
76 2 0 1 126678 0 0.0254619 
76 1 0 1 140232 0 0.0254745 
21 77 1 1 0 0 0.00205629 
77 22 0 1 7265 0 0.00345829 
77 29 0 1 7217 0 0.00597654 
77 19 0 1 9711 0 0.00625645 
77 31 0 1 7711 0 0.00633372 
77 16 0 1 10318 0 0.00725234 
77 27 0 1 10312 0 0.00732905 
77 37 0 1 7825 0 0.00762916 
77 14 0 1 10711 0 0.00824352 
77 13 0 1 10760 0 0.00858443 
77 73 0 1 14008 0 0.0104969 
77 12 0 1 12390 0 0.0113743 
77 50 0 1 10447 0 0.0120248 
77 26 0 1 12821 0 0.0126735 
66 78 1 1 0 0 0.0102248 
78 8 0 1 10918 0 0.0102862 
78 33 0 0 2959 0 0.0117829 
78 32 0 0 5172 0 0.0145851 
78 9 0 0 10887 0 0.0147652 
78 10 0 1 12972 0 0.0149844 
78 12 0 1 18448 0 0.015108 
78 73 0 1 15264 0 0.0159377 
78 70 0 1 14053 0 0.0161906 
78 5 0 1 24043 0 0.0162869 
78 11 0 1 19133 0 0.0165189 
78 18 0 1 18923 0 0.0170628 
78 4 0 1 25651 0 0.0172781 
78 13 0 1 19164 0 0.0176962 
44 79 1 1 0 0 0.002 
79 28 0 1 7237 0 0.0051088 
79 18 0 1 8328 0 0.00606735 
79 38 0 1 8518 0 0.0063979 
79 70 0 1 11745 0 0.00661811 
79 11 0 1 8489 0 0.00672316 
79 39 0 1 8035 0 0.0070958 
79 23 0 1 8795 0 0.00729269 
79 26 0 1 8766 0 0.00738179 
79 10 0 1 13160 0 0.00785961 
79 42 0 1 7685 0 0.00794487 
79 12 0 1 9755 0 0.00870164 
79 54 0 1 9267 0 0.00877167 
79 47 0 1 8771 0 0.00881449 
65 80 1 1 0 0 0.000999996 
80 61 0 1 2286 0 0.001994 
80 60 0 1 2572 0 0.0022871 
80 63 0 1 2458 0 0.00280286 
80 67 0 1 2937 0 0.00323235 
80 58 0 1 4203 0 0.00428054 
80 56 0 1 5472 0 0.00610429 
80 55 0 1 5397 0 0.00677203 
80 52 0 0 3519 0 0.00776904 
80 51 0 1 7429 0 0.0097556 
80 50 0 1 11420 0 0.0146913 
80 37 0 0 3899 0 0.0192222 
80 31 0 0 4591 0 0.0222075 
80 29 0 0 5288 0 0.0232022 
79 81 1 1 0 0 0.002 
81 44 0 1 6869 0 0.00384219 
81 28 0 1 10159 0 0.00705528 
81 70 0 0 2693 0 0.00796304 
81 18 0 1 10757 0 0.00800078 
81 38 0 0 6012 0 0.00829008 
81 11 0 0 2238 0 0.00862263 
81 39 0 0 1587 0 0.00898339 
81 10 0 0 2888 0 0.00916638 
81 23 0 0 3253 0 0.00918789 
81 26 0 0 3150 0 0.00927705 
81 42 0 0 1439 0 0.00982814 
81 12 0 0 2189 0 0.0106004 
81 54 0 1 12407 0 0.0106806 
4 82 1 1 0 0 0.00283271 
82 5 0 1 14545 0 0.00328938 
82 34 0 1 15867 0 0.00465797 
82 3 0 1 15493 0 0.00480341 
82 25 0 1 8762 0 0.00850539 
82 71 0 1 11531 0 0.00866579 
82 1 0 1 17429 0 0.00879017 
82 68 0 1 26918 0 0.00901595 
82 36 0 1 20266 0 0.00916456 
82 35 0 1 31459 0 0.00974808 
82 6 0 1 18566 0 0.00979489 
82 45 0 1 12125 0 0.010727 
82 30 0 1 24386 0 0.0108285 
82 53 0 1 15839 0 0.0108827 
80 83 1 1 0 0 0.004 
83 65 0 1 4719 0 0.0049901 
83 67 0 1 5588 0 0.00541695 
83 61 0 1 5060 0 0.00597992 
83 60 0 1 5806 0 0.00627379 
83 63 0 1 6092 0 0.00678644 
83 58 0 1 6525 0 0.00825974 
83 56 0 0 6333 0 0.0100749 
83 55 0 1 7757 0 0.0107479 
83 52 0 1 8093 0 0.0117418 
83 51 0 1 9484 0 0.0137255 
83 50 0 1 13465 0 0.0186553 
83 37 0 0 13784 0 0.0231963 
83 31 0 0 9122 0 0.0261851 
83 84 1 1 0 0 0.001 
84 80 0 1 5196 0 0.00499526 
84 65 0 1 5203 0 0.00598513 
84 67 0 1 6087 0 0.0064117 
84 61 0 1 5623 0 0.00697495 
84 60 0 1 6347 0 0.00726901 
84 63 0 1 6639 0 0.00778175 
84 58 0 1 7028 0 0.00925436 
84 56 0 0 6916 0 0.0110697 
84 55 0 1 8248 0 0.0117427 
84 52 0 1 8740 0 0.0127364 
84 51 0 1 10083 0 0.0147203 
84 50 0 1 14087 0 0.0196493 
84 37 0 0 3216 0 0.0241903 
74 85 1 1 0 0 0.002 
85 76 0 1 114609 0 0.0160083 
85 69 0 1 195827 0 0.0200903 
85 57 0 1 200963 0 0.0224013 
85 46 0 1 75418 0 0.0228807 
85 62 0 0 54929 0 0.0234837 
85 17 0 0 55663 0 0.0237748 
85 43 0 1 81423 0 0.0238758 
85 59 0 0 55428 0 0.0244418 
85 20 0 1 107322 0 0.0244454 
85 2 0 1 74950 0 0.0277595 
85 0 0 0 38333 0 0.0317248 
85 15 0 1 118058 0 0.0332604 
85 40 0 1 134539 0 0.0341886 
22 86 1 1 0 0 0.0081566 
86 21 0 1 11569 0 0.0095893 
86 77 0 1 13089 0 0.0114728 
86 29 0 1 11381 0 0.0117151 
86 31 0 0 10544 0 0.0120732 
86 50 0 1 11418 0 0.0124639 
86 37 0 0 10495 0 0.0133604 
86 51 0 1 11961 0 0.0163518 
86 19 0 1 15748 0 0.0174624 
86 52 0 1 12494 0 0.0175405 
86 55 0 1 12107 0 0.0175443 
86 16 0 1 16637 0 0.0184585 
86 27 0 1 14950 0 0.0185133 
86 56 0 1 12948 0 0.0185317 
84 87 1 1 0 0 0.001 
87 83 0 1 1824 0 0.00199681 
87 80 0 1 6012 0 0.00599192 
87 65 0 1 6037 0 0.00698094 
87 67 0 1 6987 0 0.00740873 
87 61 0 1 6439 0 0.00797103 
87 60 0 1 7070 0 0.00826512 
87 63 0 1 7437 0 0.00877849 
87 58 0 1 7903 0 0.0102502 
87 56 0 0 5727 0 0.0120621 
87 55 0 0 6470 0 0.0127357 
87 52 0 1 9439 0 0.0137285 
87 51 0 0 6958 0 0.0157115 
87 50 0 1 14757 0 0.0206414 
87 88 1 1 0 0 0.002 
88 84 0 1 2521 0 0.00298989 
88 83 0 1 3112 0 0.00398452 
88 80 0 1 7251 0 0.00797925 
88 65 0 1 7342 0 0.00896869 
88 67 0 1 8159 0 0.00939283 
88 61 0 1 7728 0 0.00995765 
88 60 0 1 8356 0 0.0102513 
88 63 0 1 8713 0 0.0107629 
88 58 0 1 9112 0 0.0122388 
88 56 0 1 10064 0 0.014054 
88 55 0 1 10347 0 0.0147261 
88 52 0 1 10793 0 0.0157201 
88 51 0 1 12110 0 0.0177036 
74 89 1 1 0 0 0.005 
89 85 0 1 28152 0 0.00697267 
89 76 0 1 99656 0 0.0117086 
89 69 0 1 191572 0 0.016985 
89 57 0 1 196347 0 0.0192718 
89 46 0 0 8750 0 0.0195249 
89 62 0 0 60670 0 0.0201244 
89 17 0 0 61425 0 0.0204084 
89 43 0 0 8499 0 0.0205113 
89 59 0 0 61303 0 0.0211165 
89 20 0 1 94922 0 0.0211375 
89 2 0 1 79258 0 0.0242963 
89 0 0 1 118784 0 0.0284409 
89 15 0 1 128050 0 0.0299523 
76 90 1 1 0 0 0.00280309 
90 69 0 0 50707 0 0.00840512 
90 89 0 0 50719 0 0.00936196 
90 57 0 0 50696 0 0.0107071 
90 46 0 0 50687 0 0.0107514 
90 43 0 0 50673 0 0.0117407 
90 20 0 0 50709 0 0.0124067 
90 74 0 0 50756 0 0.0139829 
90 85 0 0 50782 0 0.0159499 
90 0 0 0 50765 0 0.0197684 
90 15 0 0 50741 0 0.0212107 
90 40 0 0 50739 0 0.0221639 
90 2 0 0 50836 0 0.0252538 
90 49 0 0 51233 0 0.0258881 
78 91 1 1 0 0 0.000999999 
91 33 0 0 3191 0 0.0111817 
91 66 0 1 13556 0 0.0111827 
91 8 0 1 12057 0 0.0112405 
91 32 0 0 5252 0 0.0149584 
91 9 0 0 9703 0 0.0151317 
91 73 0 1 15341 0 0.0155487 
91 10 0 1 13860 0 0.0159353 
91 12 0 1 19293 0 0.0160651 
91 5 0 0 16595 0 0.0166427 
91 70 0 1 15152 0 0.0171421 
91 13 0 1 19456 0 0.0173126 
91 11 0 1 20159 0 0.0174761 
91 4 0 1 25717 0 0.0176345 
85 92 1 1 0 0 0.00832781 
92 74 0 1 28004 0 0.0103079 
92 89 0 1 34623 0 0.0151119 
92 76 0 1 119414 0 0.024082 
92 90 0 1 107476 0 0.0240868 
92 69 0 1 192915 0 0.0245836 
92 57 0 1 198334 0 0.0253455 
92 46 0 1 71219 0 0.0256719 
92 62 0 0 36970 0 0.0263004 
92 17 0 0 37635 0 0.0265914 
92 43 0 1 76121 0 0.0266645 
92 20 0 1 99054 0 0.0272179 
92 59 0 0 35387 0 0.0272633 
92 2 0 1 59033 0 0.0305512 
92 93 1 1 0 0 0.000674546 
93 85 0 1 24143 0 0.00898673 
93 74 0 1 28757 0 0.0109678 
93 89 0 1 35554 0 0.0157747 
93 90 0 1 108520 0 0.02475 
93 76 0 1 120460 0 0.0247517 
93 69 0 1 194080 0 0.0252444 
93 57 0 1 199817 0 0.0258736 
93 46 0 1 72145 0 0.026025 
93 62 0 0 35601 0 0.0266518 
93 17 0 0 34092 0 0.026943 
93 43 0 1 76947 0 0.0270177 
93 20 0 1 99575 0 0.0275713 
93 59 0 0 33964 0 0.0276139 
93 94 1 1 0 0 0.004 
94 92 0 1 8228 0 0.00466045 
94 85 0 1 30763 0 0.0129671 
94 74 0 0 2160 0 0.0149471 
94 89 0 0 2512 0 0.0196428 
94 46 0 1 72066 0 0.0257736 
94 62 0 0 29020 0 0.0264719 
94 17 0 0 31998 0 0.0267614 
94 43 0 1 76498 0 0.0267672 
94 20 0 1 98236 0 0.0273356 
94 59 0 0 29491 0 0.027431 
94 76 0 1 123849 0 0.0286487 
94 90 0 0 2616 0 0.0286506 
94 69 0 1 194537 0 0.0291917 
7 95 1 1 0 0 0.003 
95 30 0 1 5191 0 0.00354483 
95 53 0 1 15342 0 0.00366012 
95 45 0 1 18487 0 0.00385955 
95 25 0 1 20997 0 0.00588634 
95 9 0 1 17397 0 0.00780854 
95 32 0 1 19709 0 0.008055 
95 33 0 0 8421 0 0.0118175 
95 72 0 1 27075 0 0.0138425 
95 82 0 1 27851 0 0.0140378 
95 35 0 0 3707 0 0.0146376 
95 6 0 1 20826 0 0.0154738 
95 36 0 1 16862 0 0.0163715 
95 68 0 1 15875 0 0.016375 
87 96 1 1 0 0 0.001 
96 84 0 1 1824 0 0.00198028 
96 88 0 0 1031 0 0.00241832 
96 83 0 1 2463 0 0.00274678 
96 80 0 1 6562 0 0.0067394 
96 65 0 1 6594 0 0.00772791 
96 67 0 1 7451 0 0.00815605 
96 61 0 1 7039 0 0.00871811 
96 60 0 1 7696 0 0.00901224 
96 63 0 1 8024 0 0.00952593 
96 58 0 1 7977 0 0.010997 
96 56 0 0 5090 0 0.0128078 
96 55 0 0 5188 0 0.0134815 
96 52 0 1 10087 0 0.0144738 
40 97 1 1 0 0 0.00279176 
97 15 0 1 41887 0 0.00376892 
97 0 0 1 34586 0 0.00525978 
97 75 0 1 67069 0 0.0119583 
97 20 0 1 84883 0 0.012591 
97 43 0 1 86233 0 0.0132458 
97 64 0 1 92088 0 0.0136731 
97 72 0 1 89495 0 0.0140586 
97 24 0 1 64897 0 0.0141915 
97 46 0 0 64768 0 0.0142306 
97 41 0 1 62838 0 0.0144716 
97 57 0 1 124017 0 0.0145674 
97 49 0 1 53050 0 0.0154246 
97 69 0 1 136315 0 0.0167897 
97 35 0 1 89149 0 0.0174927 
93 98 1 1 0 0 0.003 
98 92 0 1 12378 0 0.00336429 
98 94 0 1 17777 0 0.00453763 
98 85 0 0 2448 0 0.00863293 
98 74 0 1 21068 0 0.0106244 
98 89 0 1 38809 0 0.0154419 
98 90 0 1 107821 0 0.0243385 
98 76 0 1 130709 0 0.0244021 
98 69 0 1 211705 0 0.0262685 
98 57 0 1 219892 0 0.0285713 
98 46 0 1 83165 0 0.028763 
98 62 0 0 2141 0 0.0294964 
98 43 0 1 88665 0 0.0297563 
98 17 0 0 2192 0 0.0297975 
98 20 0 1 115805 0 0.0303342 
96 99 1 1 0 0 0.000162891 
99 87 0 1 1620 0 0.00116253 
99 84 0 1 2367 0 0.00214235 
99 88 0 0 1030 0 0.00258098 
99 83 0 1 2472 0 0.00290874 
99 80 0 1 6561 0 0.00689976 
99 65 0 1 6658 0 0.00788812 
99 67 0 1 7358 0 0.00831651 
99 61 0 1 7037 0 0.00887838 
99 60 0 1 7730 0 0.00917255 
99 63 0 1 8020 0 0.00968638 
99 58 0 1 8508 0 0.0111572 
99 56 0 0 4469 0 0.0129676 
99 55 0 0 4556 0 0.0136414 
99 52 0 1 10067 0 0.0146336 
94 100 1 1 0 0 0.005 
100 93 0 1 14569 0 0.00894228 
100 98 0 1 20036 0 0.00928212 
100 92 0 1 15704 0 0.00960997 
100 85 0 1 35436 0 0.0178201 
100 74 0 1 39854 0 0.0198086 
100 89 0 1 42430 0 0.024456 
100 62 0 0 6181 0 0.0254821 
100 17 0 0 7628 0 0.0257821 
100 59 0 0 5375 0 0.0264365 
100 46 0 1 74063 0 0.0291319 
100 43 0 1 78266 0 0.0295436 
100 2 0 0 37079 0 0.0297256 
100 20 0 1 101567 0 0.0309073 
100 48 0 0 3903 0 0.0325557 
100 101 1 1 0 0 0.001 
101 94 0 1 11570 0 0.00597418 
101 93 0 1 14400 0 0.00990792 
101 98 0 1 20632 0 0.0102439 
101 92 0 1 15416 0 0.0105756 
101 85 0 0 15432 0 0.0187852 
101 74 0 1 40385 0 0.0207736 
101 89 0 1 44611 0 0.0254376 
101 62 0 0 4953 0 0.026116 
101 17 0 0 6169 0 0.0264161 
101 59 0 0 4062 0 0.0270716 
101 46 0 1 75385 0 0.0301116 
101 2 0 0 38141 0 0.0303617 
101 43 0 1 79491 0 0.0305236 
101 20 0 1 102523 0 0.031881 
35 102 1 1 0 0 0.000298003 
102 6 0 1 23595 0 0.00127831 
102 68 0 1 15687 0 0.00226511 
102 36 0 1 21271 0 0.00227455 
102 72 0 1 8665 0 0.00373665 
102 64 0 1 26809 0 0.00473868 
102 75 0 1 14171 0 0.00591279 
102 24 0 1 32392 0 0.00599615 
102 41 0 1 45000 0 0.00795852 
102 71 0 1 32855 0 0.00829308 
102 1 0 1 28759 0 0.00834818 
102 49 0 1 53511 0 0.00854516 
102 25 0 1 35578 0 0.00941688 
102 82 0 1 38629 0 0.00963276 
102 3 0 1 29292 0 0.0109474 
45 103 1 1 0 0 0.00114548 
103 53 0 1 7523 0 0.00127994 
103 7 0 1 7465 0 0.00340396 
103 30 0 1 9951 0 0.00368506 
103 95 0 1 10927 0 0.0046996 
103 25 0 1 16182 0 0.00548078 
103 72 0 1 27514 0 0.00943146 
103 82 0 1 21038 0 0.00965904 
103 102 0 1 23556 0 0.0100829 
103 9 0 1 15802 0 0.0101348 
103 35 0 1 17001 0 0.0102738 
103 32 0 1 18016 0 0.0103878 
103 6 0 1 14111 0 0.0110506 
103 36 0 1 14135 0 0.0120296 
103 68 0 1 17141 0 0.012064 
88 104 1 1 0 0 0.001 
104 96 0 1 2109 0 0.00260441 
104 99 0 0 1571 0 0.00276676 
104 87 0 1 2062 0 0.00298913 
104 84 0 1 2801 0 0.0039799 
104 83 0 1 3402 0 0.00497693 
104 80 0 0 4086 0 0.00896594 
104 65 0 1 7568 0 0.00995573 
104 67 0 1 8493 0 0.0103799 
104 61 0 1 7960 0 0.0109452 
104 60 0 1 8726 0 0.0112399 
104 63 0 0 5155 0 0.0117515 
104 58 0 1 9558 0 0.0132269 
104 56 0 0 9630 0 0.0150377 
104 55 0 1 10908 0 0.0157102 
68 105 1 1 0 0 0.001 
105 36 0 1 15752 0 0.00122773 
105 6 0 1 21320 0 0.00186229 
105 35 0 1 12221 0 0.00187455 
105 102 0 1 13680 0 0.00208577 
105 72 0 1 19981 0 0.00527548 
105 24 0 1 25273 0 0.00529178 
105 64 0 1 34159 0 0.00570517 
105 41 0 1 36992 0 0.0060547 
105 71 0 1 27470 0 0.0066427 
105 1 0 1 24964 0 0.00677097 
105 49 0 1 46074 0 0.00680401 
105 75 0 1 20038 0 0.00746089 
105 82 0 1 32980 0 0.0082497 
105 3 0 1 25324 0 0.00976391 
0 106 1 1 0 0 0.00548869 
106 97 0 1 79608 0 0.00571127 
106 15 0 0 20830 0 0.00666818 
106 40 0 1 100960 0 0.0074294 
106 75 0 1 49322 0 0.00868519 
106 64 0 1 69592 0 0.00890836 
106 24 0 1 33099 0 0.00924619 
106 20 0 1 52492 0 0.00939779 
106 41 0 1 30560 0 0.00948793 
106 43 0 1 42185 0 0.0100286 
106 49 0 1 31060 0 0.010666 
106 57 0 1 136906 0 0.0109418 
106 46 0 0 36362 0 0.0110039 
106 6 0 1 55427 0 0.0127794 
106 35 0 1 58552 0 0.0132488 
86 107 1 1 0 0 0.003 
107 22 0 0 3218 0 0.0111136 
107 21 0 0 1785 0 0.0125412 
107 77 0 1 16759 0 0.0143796 
107 29 0 0 3014 0 0.0146738 
107 31 0 0 3009 0 0.0150319 
107 50 0 1 15019 0 0.0154161 
107 37 0 0 4103 0 0.0163225 
107 51 0 1 15292 0 0.0192961 
107 19 0 0 2410 0 0.0204159 
107 52 0 1 15694 0 0.0204865 
107 55 0 1 15168 0 0.020489 
107 16 0 0 3228 0 0.0214116 
107 27 0 0 2204 0 0.0214675 
107 56 0 1 15962 0 0.0214776 
8 108 1 1 0 0 0.000999998 
108 66 0 1 10648 0 0.00119569 
108 70 0 1 12716 0 0.00517117 
108 10 0 1 11927 0 0.00565091 
108 44 0 1 25479 0 0.0100682 
108 78 0 1 12659 0 0.0112417 
108 79 0 1 23343 0 0.0116931 
108 91 0 1 13444 0 0.0121925 
108 81 0 0 3035 0 0.0129851 
108 28 0 1 22763 0 0.0130588 
108 18 0 1 21870 0 0.01399 
108 38 0 1 24233 0 0.0142601 
108 5 0 1 17582 0 0.0144105 
108 11 0 1 23035 0 0.0146024 
108 39 0 1 25254 0 0.0149496 
86 109 1 1 0 0 0.001 
109 107 0 1 5350 0 0.00392636 
109 22 0 1 8875 0 0.00733191 
109 21 0 1 11414 0 0.00875203 
109 77 0 1 12870 0 0.0105522 
109 29 0 0 9788 0 0.0111408 
109 31 0 0 9674 0 0.0114991 
109 50 0 0 4848 0 0.01186 
109 37 0 0 9467 0 0.0127892 
109 51 0 1 12730 0 0.0157295 
109 19 0 1 14343 0 0.0166322 
109 52 0 1 13246 0 0.0169193 
109 55 0 1 12942 0 0.0169221 
109 16 0 1 15027 0 0.0176277 
109 27 0 1 13729 0 0.0176746 
48 110 1 1 0 0 0.000415435 
110 47 0 1 2778 0 0.00140596 
110 42 0 1 5991 0 0.00338492 
110 54 0 1 4783 0 0.0039232 
110 39 0 1 7324 0 0.00436001 
110 38 0 1 10055 0 0.00632402 
110 26 0 1 10067 0 0.00717347 
110 23 0 1 10073 0 0.00726494 
110 44 0 0 4684 0 0.00769761 
110 28 0 1 11218 0 0.00934776 
110 79 0 1 9740 0 0.00942438 
110 18 0 1 12776 0 0.0102178 
110 11 0 0 8763 0 0.010768 
110 81 0 1 12115 0 0.0113157 
110 12 0 0 10577 0 0.0121711 
100 111 1 1 0 0 0.001 
111 101 0 1 7110 0 0.00165191 
111 94 0 1 15727 0 0.0046326 
111 93 0 1 17420 0 0.00858096 
111 98 0 1 22328 0 0.00891323 
111 92 0 1 18094 0 0.00924866 
111 85 0 1 37399 0 0.0174538 
111 74 0 1 41172 0 0.0194416 
111 89 0 1 40221 0 0.024063 
111 62 0 0 16317 0 0.0245322 
111 17 0 0 18677 0 0.0248325 
111 59 0 0 13447 0 0.025489 
111 46 0 1 73388 0 0.0287322 
111 2 0 0 39111 0 0.028774 
111 43 0 1 78179 0 0.029145 
2 112 1 1 0 0 0.001 
112 62 0 1 7199 0 0.00450942 
112 17 0 1 6377 0 0.0048129 
112 59 0 1 5337 0 0.00577936 
112 49 0 1 17047 0 0.010816 
112 71 0 1 35294 0 0.0109027 
112 1 0 1 41219 0 0.0109037 
112 41 0 1 29691 0 0.011677 
112 24 0 1 41104 0 0.013546 
112 75 0 1 61266 0 0.0141676 
112 64 0 1 86613 0 0.0145682 
112 3 0 0 41792 0 0.0148727 
112 34 0 1 45144 0 0.0150649 
112 5 0 1 44314 0 0.0167703 
112 4 0 1 45342 0 0.0168492 
