0 0.0284423 0.0177208 0.856917 -0.0768106 -0.248678 0.444919 0.43009 0.260292 -0.781774 0.368918 0.304955 0.132908 0.504589 -0.49455 -0.089642 0.864514 0.319021 0.135458 0.48 0.856917 -0.0768106 -0.248678 0.444919 6.97549e-07 -4.32277e-07 6.07419e-08 1.82319e-05 -4.55583e-05 -0.000119809 0.0284423 0.314 0.147194 0.51 0.43009 0.260292 -0.781774 0.368918 -7.36899e-07 3.77734e-07 -4.59896e-08 -1.82319e-05 4.55583e-05 0.000119809 0.0177208 3.9649e-11
1 0.0594368 0.0363744 0.818992 -0.000680428 -0.477952 0.317512 0.371829 0.334 -0.81483 0.293665 0.289119 0.125823 0.519457 0.215167 0.395406 0.892949 0.319021 0.135458 0.48 0.818992 -0.000680428 -0.477952 0.317512 0.0268289 -0.0410618 0.0152905 2.28507 0.0808397 -5.02408 0.0594368 0.314 0.147194 0.51 0.371829 0.334 -0.81483 0.293665 -0.0882176 0.0843904 -0.0425144 -2.28507 -0.0808397 5.02408 0.0363744 5.6578e-07
2 0.0492577 0.0465552 0.700736 -0.122069 -0.644624 0.28023 0.660398 0.216005 -0.613647 0.375038 0.279578 0.118543 0.501341 -0.57805 -0.274414 0.768476 0.319021 0.135458 0.48 0.700736 -0.122069 -0.644624 0.28023 0.00712713 0.0140906 0.0214916 0.165302 -0.750565 -0.451114 0.0492577 0.314 0.147194 0.51 0.660398 0.216005 -0.613647 0.375038 0.0100955 -0.0113964 -0.0196634 -0.165302 0.750565 0.451114 0.0465552 1.59069e-09
3 0.0665661 0.03554 0.807723 -0.00672611 -0.480657 0.341332 0.366573 0.329118 -0.813484 0.309109 0.291601 0.126899 0.522138 0.388708 0.506659 0.769547 0.319021 0.135458 0.48 0.807723 -0.00672611 -0.480657 0.341332 0.0336934 -0.0492861 0.0175141 2.09863 0.0448685 -5.11968 0.0665661 0.314 0.147194 0.51 0.366573 0.329118 -0.813484 0.309109 -0.095125 0.0865415 -0.0423693 -2.09863 -0.0448685 5.11968 0.03554 1.60699e-07
4 0.0691477 0.0341736 0.808906 0.0116875 -0.462047 0.363383 0.381097 0.332136 -0.811393 0.293414 0.292231 0.128926 0.522355 0.423891 0.576167 0.698819 0.319021 0.135458 0.48 0.808906 0.0116875 -0.462047 0.363383 0.0399203 -0.0525982 0.0187477 2.10714 -0.134547 -5.22246 0.0691477 0.314 0.147194 0.51 0.381097 0.332136 -0.811393 0.293414 -0.0971756 0.089593 -0.0428021 -2.10714 0.134547 5.22246 0.0341736 6.19519e-07
5 0.0700535 0.0352396 0.816867 0.00108621 -0.453451 0.356524 0.379816 0.32988 -0.808323 0.305833 0.292181 0.127911 0.523306 0.433434 0.56651 0.700857 0.319021 0.135458 0.48 0.816867 0.00108621 -0.453451 0.356524 0.039298 -0.0534798 0.0187239 1.97036 -0.0757549 -5.1186 0.0700535 0.314 0.147194 0.51 0.379816 0.32988 -0.808323 0.305833 -0.0970983 0.0868925 -0.0414681 -1.97036 0.0757549 5.1186 0.0352396 1.46004e-07
6 0.058759 0.0214858 0.526393 -0.480576 -0.502378 0.489463 0.595692 0.243947 -0.696532 0.316992 0.29866 0.135 0.517439 0.486175 0.134509 0.863447 0.319021 0.135458 0.48 0.526393 -0.480576 -0.502378 0.489463 0.0187483 -0.010786 0.0146468 2.85409 -0.994988 -4.93111 0.058759 0.314 0.147194 0.51 0.595692 0.243947 -0.696532 0.316992 -0.0467712 0.071652 -0.0431476 -2.85409 0.994988 4.93111 0.0214858 1.84617e-07
7 0.0784488 0.0163969 0.664517 -0.239028 -0.551291 0.444254 0.592892 0.189189 -0.738563 0.259251 0.302126 0.139946 0.516587 0.697066 0.204126 0.687336 0.319021 0.135458 0.48 0.664517 -0.239028 -0.551291 0.444254 0.0217395 -0.0700024 0.0172376 2.23409 -1.1366 -5.40483 0.0784488 0.314 0.147194 0.51 0.592892 0.189189 -0.738563 0.259251 -0.0510737 0.10989 -0.037751 -2.23409 1.1366 5.40483 0.0163969 3.83852e-05
8 0.0884643 0.0466769 0.832787 -0.0548282 -0.471868 0.284254 0.356101 0.26828 -0.853097 0.271004 0.2827 0.125118 0.52726 0.580022 0.420887 0.697445 0.319021 0.135458 0.48 0.832787 -0.0548282 -0.471868 0.284254 0.026024 -0.0604895 0.0139566 1.46478 0.0979119 -3.47467 0.0884643 0.314 0.147194 0.51 0.356101 0.26828 -0.853097 0.271004 -0.0697407 0.0869881 -0.0316391 -1.46478 -0.0979119 3.47467 0.0466769 2.35529e-07
9 0.0921394 0.0162268 0.683954 -0.17623 -0.533125 0.465756 0.596559 0.155655 -0.714987 0.32967 0.302951 0.140163 0.517644 0.685372 0.404513 0.605503 0.319021 0.135458 0.48 0.683954 -0.17623 -0.533125 0.465756 0.0335137 -0.0695973 0.0251249 1.76493 -0.988165 -4.52876 0.0921394 0.314 0.147194 0.51 0.596559 0.155655 -0.714987 0.32967 -0.0570191 0.0998084 -0.0408773 -1.76493 0.988165 4.52876 0.0162268 0.000145651
10 0.0886771 0.0563258 0.823364 -0.0866294 -0.465011 0.313578 0.443419 0.26996 -0.802699 0.293556 0.274466 0.119291 0.532111 0.417512 0.309055 0.854499 0.319021 0.135458 0.48 0.823364 -0.0866294 -0.465011 0.313578 0.0215668 -0.0444082 0.0122738 1.18124 0.108386 -2.68046 0.0886771 0.314 0.147194 0.51 0.443419 0.26996 -0.802699 0.293556 -0.0562768 0.066388 -0.0266812 -1.18124 -0.108386 2.68046 0.0563258 9.26206e-07
11 0.0959364 0.066864 0.834875 -0.0440608 -0.492735 0.241359 0.510579 0.170095 -0.772828 0.336324 0.262509 0.117201 0.535895 0.223373 0.295881 0.928741 0.319021 0.135458 0.48 0.834875 -0.0440608 -0.492735 0.241359 0.0153937 -0.0322823 0.0121363 0.883863 0.000229265 -1.81519 0.0959364 0.314 0.147194 0.51 0.510579 0.170095 -0.772828 0.336324 -0.0367039 0.049685 -0.0225106 -0.883863 -0.000229265 1.81519 0.066864 1.03369e-07
12 0.0993415 0.0674319 0.839307 -0.0401592 -0.480919 0.250335 0.50125 0.171131 -0.781842 0.328916 0.262825 0.118062 0.537724 0.285026 0.346248 0.893797 0.319021 0.135458 0.48 0.839307 -0.0401592 -0.480919 0.250335 0.0167505 -0.0348346 0.0121664 0.893129 -0.00206692 -1.86063 0.0993415 0.314 0.147194 0.51 0.50125 0.171131 -0.781842 0.328916 -0.0385252 0.0522871 -0.022638 -0.893129 0.00206692 1.86063 0.0674319 1.41379e-07
13 0.105102 0.067239 0.839263 -0.0636432 -0.475711 0.255511 0.511263 0.172766 -0.785527 0.302834 0.263365 0.120965 0.539865 0.412182 0.353858 0.839578 0.319021 0.135458 0.48 0.839263 -0.0636432 -0.475711 0.255511 0.0163727 -0.0387674 0.0116503 0.875612 -0.0205713 -1.88275 0.105102 0.314 0.147194 0.51 0.511263 0.172766 -0.785527 0.302834 -0.0378519 0.0555834 -0.0218234 -0.875612 0.0205713 1.88275 0.067239 1.14505e-07
14 0.105681 0.067338 0.841127 -0.0635902 -0.472385 0.255567 0.509939 0.171018 -0.787536 0.300836 0.263269 0.121324 0.540051 0.419765 0.360304 0.833053 0.319021 0.135458 0.48 0.841127 -0.0635902 -0.472385 0.255567 0.0165283 -0.0392836 0.0117517 0.876166 -0.0274734 -1.8865 0.105681 0.314 0.147194 0.51 0.509939 0.171018 -0.787536 0.300836 -0.0378444 0.0560974 -0.0218966 -0.876166 0.0274734 1.8865 0.067338 2.37138e-07
15 0.0287478 0.0149998 0.900926 -0.107235 -0.191528 0.374366 0.466836 0.275006 -0.78263 0.306472 0.305341 0.135879 0.505252 -0.494635 -0.057271 0.867212 0.319021 0.135458 0.48 0.900926 -0.107235 -0.191528 0.374366 -0.00186843 -0.00904846 0.0019746 -0.831532 0.482799 0.789198 0.0287478 0.314 0.147194 0.51 0.466836 0.275006 -0.78263 0.306472 -0.00335335 -0.0119353 0.00536054 0.831532 -0.482799 -0.789198 0.0149998 1.74062e-07
16 0.107523 0.0674847 0.839014 -0.0573878 -0.474062 0.260822 0.510728 0.174243 -0.785008 0.304235 0.263911 0.121013 0.540895 0.440761 0.380059 0.813194 0.319021 0.135458 0.48 0.839014 -0.0573878 -0.474062 0.260822 0.0171596 -0.0392845 0.0116815 0.853483 -0.0204641 -1.86893 0.107523 0.314 0.147194 0.51 0.510728 0.174243 -0.785008 0.304235 -0.0384797 0.055506 -0.0215953 -0.853483 0.0204641 1.86893 0.0674847 4.21306e-07
17 0.0491972 0.0543145 0.714591 -0.062065 -0.602204 0.350511 0.640645 0.234424 -0.662119 0.31019 0.278103 0.112529 0.493356 -0.731659 -0.401856 0.550624 0.319021 0.135458 0.48 0.714591 -0.062065 -0.602204 0.350511 0.0158117 -0.0126332 0.0178619 -0.347276 -0.902832 -1.02625 0.0491972 0.314 0.147194 0.51 0.640645 0.234424 -0.662119 0.31019 -0.000771024 -0.00293737 -0.00925354 0.347276 0.902832 1.02625 0.0543145 1.05278e-09
18 0.0948246 0.0667704 0.857151 -0.0677989 -0.466321 0.207944 0.516479 0.185309 -0.802205 0.235323 0.258071 0.124197 0.532728 0.222958 0.22946 0.947438 0.319021 0.135458 0.48 0.857151 -0.0677989 -0.466321 0.207944 0.0124385 -0.0388276 0.0102649 0.9858 -0.0677838 -1.91741 0.0948246 0.314 0.147194 0.51 0.516479 0.185309 -0.802205 0.235323 -0.0329081 0.0587752 -0.0214941 -0.9858 0.0677838 1.91741 0.0667704 4.59998e-07
19 0.109137 0.0678615 0.841534 -0.0524274 -0.469801 0.261456 0.509626 0.171118 -0.786569 0.303825 0.26378 0.121441 0.541511 0.452646 0.400608 0.796634 0.319021 0.135458 0.48 0.841534 -0.0524274 -0.469801 0.261456 0.0176801 -0.0397318 0.0119005 0.84333 -0.031779 -1.85601 0.109137 0.314 0.147194 0.51 0.509626 0.171118 -0.786569 0.303825 -0.0385093 0.0557135 -0.0216385 -0.84333 0.031779 1.85601 0.0678615 1.19996e-07
20 0.0233373 0.0272428 0.858395 -0.137268 -0.454092 0.195236 0.449639 0.111501 -0.780751 0.419308 0.299907 0.132144 0.492821 -0.819274 -0.224928 0.527444 0.319021 0.135458 0.48 0.858395 -0.137268 -0.454092 0.195236 0.0237473 0.00455666 0.0324147 -1.53023 -2.20461 1.57481 0.0233373 0.314 0.147194 0.51 0.449639 0.111501 -0.780751 0.419308 0.0608734 -0.0425571 -0.00338733 1.53023 2.20461 -1.57481 0.0272428 3.00449e-07
21 0.117942 0.0747935 0.881151 -0.0777144 -0.321339 0.338047 0.440314 0.205537 -0.836616 0.252887 0.25378 0.131042 0.54027 0.359758 0.681687 0.637085 0.319021 0.135458 0.48 0.881151 -0.0777144 -0.321339 0.338047 0.0319036 -0.0386223 0.0242031 1.07759 -0.421434 -1.76389 0.117942 0.314 0.147194 0.51 0.440314 0.205537 -0.836616 0.252887 -0.039962 0.0620943 -0.0347341 -1.07759 0.421434 1.76389 0.0747935 1.38957e-06
22 0.120856 0.0746883 0.880881 -0.0777128 -0.361107 0.295993 0.472809 0.157963 -0.816963 0.289949 0.258691 0.125094 0.546316 0.494008 0.51864 0.697831 0.319021 0.135458 0.48 0.880881 -0.0777128 -0.361107 0.295993 0.0235475 -0.0443602 0.0163766 0.818325 -0.178726 -1.78252 0.120856 0.314 0.147194 0.51 0.472809 0.157963 -0.816963 0.289949 -0.0391057 0.0599607 -0.0250833 -0.818325 0.178726 1.78252 0.0746883 5.11152e-07
23 0.093072 0.070898 0.855628 -0.016265 -0.45868 0.239269 0.471654 0.19315 -0.813525 0.280023 0.256047 0.116274 0.530392 0.0342345 0.268303 0.962726 0.319021 0.135458 0.48 0.855627 -0.016265 -0.45868 0.239269 0.0166385 -0.0347784 0.0113338 0.926946 -0.0165798 -1.75961 0.093072 0.314 0.147194 0.51 0.471654 0.19315 -0.813525 0.280023 -0.0367922 0.0537526 -0.0221293 -0.926946 0.0165798 1.75961 0.070898 5.92196e-07
24 0.0507053 0.0226301 0.666318 -0.159075 -0.220237 0.694414 0.722976 -0.012093 -0.660516 0.202184 0.29389 0.142234 0.519096 0.0579191 0.607213 0.792425 0.319021 0.135458 0.48 0.666318 -0.159075 -0.220237 0.694414 0.0341441 -0.0315094 0.000181338 1.6861 -1.97471 -4.94015 0.0507053 0.314 0.147194 0.51 0.722976 -0.012093 -0.660516 0.202184 -0.0328813 0.0572903 -0.0100557 -1.6861 1.97471 4.94015 0.0226301 5.76425e-08
25 0.0776472 0.021107 0.656644 0.0201689 -0.596184 0.461494 0.745661 0.24103 -0.581044 0.219732 0.300702 0.138784 0.522936 0.64944 0.471961 0.596222 0.319021 0.135458 0.48 0.656644 0.0201689 -0.596184 0.461494 0.0240477 -0.0313972 0.00188371 1.51039 -0.469828 -4.08744 0.0776472 0.314 0.147194 0.51 0.745661 0.24103 -0.581044 0.219732 -0.0579237 0.0561878 -0.0172511 -1.51039 0.469828 4.08744 0.021107 5.25148e-06
26 0.0930745 0.0710787 0.856416 -0.0226159 -0.452342 0.247843 0.46843 0.187702 -0.815528 0.283293 0.25581 0.116382 0.530427 0.0235343 0.278996 0.960004 0.319021 0.135458 0.48 0.856416 -0.0226159 -0.452342 0.247843 0.0171745 -0.0348691 0.0118928 0.931474 -0.0358691 -1.76152 0.0930745 0.314 0.147194 0.51 0.46843 0.187702 -0.815528 0.283293 -0.036772 0.0539696 -0.0226446 -0.931474 0.0358691 1.76152 0.0710787 4.0711e-07
27 0.1057 0.0692189 0.825738 -0.0345141 -0.495006 0.268208 0.560196 0.175791 -0.755268 0.291288 0.260629 0.12107 0.541027 0.337942 0.379639 0.861202 0.319021 0.135458 0.48 0.825738 -0.0345141 -0.495006 0.268208 0.0158144 -0.0326997 0.0105576 0.803131 -0.0498076 -1.67756 0.1057 0.314 0.147194 0.51 0.560196 0.175791 -0.755268 0.291288 -0.0340083 0.0483714 -0.0197333 -0.803131 0.0498076 1.67756 0.0692189 5.64605e-08
28 0.0929708 0.0667126 0.839156 -0.113022 -0.480595 0.22819 0.532953 0.154305 -0.796926 0.238874 0.256079 0.126023 0.530635 0.143275 0.209385 0.96728 0.319021 0.135458 0.48 0.839156 -0.113022 -0.480595 0.22819 0.0113397 -0.0353263 0.0116487 0.968525 -0.151073 -1.79242 0.0929708 0.314 0.147194 0.51 0.532953 0.154305 -0.796926 0.238874 -0.0278437 0.0553831 -0.0222571 -0.968525 0.151073 1.79242 0.0667126 1.38032e-07
29 0.124967 0.0708758 0.857822 -0.0651367 -0.385228 0.333913 0.471046 0.18254 -0.81985 0.26952 0.260522 0.129464 0.543141 0.533365 0.597782 0.59848 0.319021 0.135458 0.48 0.857822 -0.0651367 -0.385228 0.333913 0.0279546 -0.0426899 0.0198178 0.879067 -0.291279 -1.7428 0.124967 0.314 0.147194 0.51 0.471046 0.18254 -0.81985 0.26952 -0.0396701 0.0603122 -0.0286723 -0.879067 0.291279 1.7428 0.0708758 5.29501e-07
30 0.0781734 0.0170419 0.75275 -0.0446827 -0.451078 0.477388 0.568866 0.3213 -0.712369 0.256297 0.303702 0.138003 0.517412 0.722364 0.363239 0.588428 0.319021 0.135458 0.48 0.75275 -0.0446827 -0.451078 0.477388 0.0503122 -0.0784975 0.01769 1.97445 -1.03396 -6.14465 0.0781734 0.314 0.147194 0.51 0.568866 0.3213 -0.712369 0.256297 -0.0914084 0.106882 -0.0356716 -1.97445 1.03396 6.14465 0.0170419 6.13267e-05
31 0.126322 0.0715131 0.85945 -0.0676832 -0.381101 0.333955 0.46747 0.184234 -0.821955 0.268178 0.260109 0.129468 0.543401 0.540271 0.596823 0.59322 0.319021 0.135458 0.48 0.85945 -0.0676832 -0.381101 0.333955 0.0280258 -0.0428992 0.0199443 0.870446 -0.290272 -1.72327 0.126322 0.314 0.147194 0.51 0.46747 0.184234 -0.821955 0.268178 -0.0395423 0.0603609 -0.0287027 -0.870446 0.290272 1.72327 0.0715131 5.65532e-07
32 0.0932332 0.0155325 0.695182 -0.111624 -0.567006 0.427511 0.593897 0.149997 -0.762485 0.208334 0.301567 0.142181 0.515504 0.677984 0.203696 0.70629 0.319021 0.135458 0.48 0.695182 -0.111624 -0.567006 0.427511 0.0308482 -0.0702214 0.0223362 2.02446 -1.33115 -4.2319 0.0932332 0.314 0.147194 0.51 0.593897 0.149997 -0.762486 0.208334 -0.04058 0.109709 -0.0394126 -2.02446 1.33115 4.2319 0.0155325 7.10048e-05
33 0.100527 0.0157941 0.74117 -0.134561 -0.524156 0.397266 0.57518 0.14191 -0.787852 0.168285 0.300784 0.142685 0.514653 0.683099 0.0192364 0.730072 0.319021 0.135458 0.48 0.74117 -0.134561 -0.524156 0.397266 0.024506 -0.0802714 0.0244276 1.79865 -1.51737 -3.89465 0.100527 0.314 0.147194 0.51 0.57518 0.14191 -0.787852 0.168285 -0.0246932 0.114678 -0.0379189 -1.79865 1.51737 3.89465 0.0157941 7.73039e-05
34 0.0669033 0.0355474 0.803383 -0.0173549 -0.501668 0.320317 0.326655 0.261417 -0.871916 0.254403 0.287218 0.131908 0.51894 0.377383 0.516578 0.768589 0.319021 0.135458 0.48 0.803383 -0.0173549 -0.501668 0.320317 0.0314331 -0.0534427 0.0203687 2.64211 -0.385574 -5.01289 0.0669033 0.314 0.147194 0.51 0.326655 0.261417 -0.871916 0.254403 -0.0786981 0.107539 -0.0494412 -2.64211 0.385574 5.01289 0.0355474 2.42853e-07
35 0.0595966 0.0207753 0.714115 -0.357914 -0.457791 0.390339 0.521421 0.258954 -0.797617 0.157704 0.296991 0.138973 0.515233 0.571473 -0.0390181 0.819693 0.319021 0.135458 0.48 0.714115 -0.357914 -0.457791 0.390339 0.00533019 -0.0658751 0.00972058 3.08738 -1.22072 -6.92132 0.0595966 0.314 0.147194 0.51 0.521421 0.258954 -0.797617 0.157704 -0.0499386 0.123748 -0.0398261 -3.08738 1.22072 6.92132 0.0207753 5.87054e-07
36 0.0583023 0.02302 0.660798 -0.257148 -0.41711 0.568542 0.664721 0.145799 -0.645606 0.346529 0.297675 0.137512 0.522183 0.422681 0.474549 0.772104 0.319021 0.135458 0.48 0.660798 -0.257148 -0.41711 0.568542 0.0304891 -0.0270126 0.0171727 2.17919 -1.35702 -5.47801 0.0583023 0.314 0.147194 0.51 0.66472 0.145799 -0.645606 0.346529 -0.0540695 0.0648856 -0.035935 -2.17919 1.35702 5.47801 0.02302 7.80305e-07
37 0.130606 0.0731979 0.870862 -0.0737302 -0.361581 0.324689 0.466249 0.174915 -0.826581 0.262261 0.257588 0.132614 0.543435 0.545057 0.627269 0.55628 0.319021 0.135458 0.48 0.870862 -0.0737302 -0.361581 0.324688 0.0289086 -0.0419179 0.0223146 0.871981 -0.364461 -1.63185 0.130606 0.314 0.147194 0.51 0.466249 0.174915 -0.826581 0.262261 -0.0371264 0.0598845 -0.0307186 -0.871981 0.364461 1.63185 0.0731979 6.62494e-07
38 0.0913261 0.0708773 0.872439 0.0229283 -0.353865 0.336309 0.461324 0.215028 -0.836969 0.201062 0.252691 0.121137 0.526374 -0.198344 0.522074 0.829517 0.319021 0.135458 0.48 0.872439 0.0229283 -0.353865 0.336309 0.0249171 -0.0351919 0.0131052 1.05607 -0.254908 -1.78318 0.0913261 0.314 0.147194 0.51 0.461324 0.215028 -0.836969 0.201062 -0.0381977 0.0579214 -0.0242197 -1.05607 0.254908 1.78318 0.0708773 9.41057e-07
39 0.0900573 0.0735558 0.868489 0.00895113 -0.369889 0.329891 0.460455 0.215255 -0.828736 0.234188 0.25236 0.114152 0.525366 -0.274378 0.360882 0.891337 0.319021 0.135458 0.48 0.868489 0.00895113 -0.369889 0.329891 0.0234645 -0.0349469 0.0121537 0.860517 -0.169174 -1.6569 0.0900573 0.314 0.147194 0.51 0.460454 0.215255 -0.828736 0.234188 -0.0378351 0.0524439 -0.0214036 -0.860517 0.169174 1.6569 0.0735558 7.06583e-07
40 0.0289644 0.0133304 0.893406 -0.0718256 -0.260506 0.358892 0.439624 0.291371 -0.785336 0.324164 0.306557 0.136938 0.506055 -0.443592 -0.016531 0.896076 0.319021 0.135458 0.48 0.893406 -0.0718256 -0.260506 0.358892 -0.0290755 0.0222503 -0.0104802 0.0790802 2.17345 2.71912 0.0289644 0.314 0.147194 0.51 0.439624 0.291371 -0.785336 0.324164 -0.00421594 -0.00622654 -0.00135976 -0.0790802 -2.17345 -2.71912 0.0133304 5.7336e-08
41 0.0490111 0.0247868 0.648092 -0.111758 -0.200084 0.726259 0.692493 -0.0808474 -0.696556 0.169488 0.290653 0.141537 0.516133 -0.203323 0.612271 0.764058 0.319021 0.135458 0.48 0.648092 -0.111758 -0.200085 0.726259 0.0252205 -0.0359849 -0.00988692 1.01734 -1.4838 -3.68883 0.0490111 0.314 0.147194 0.51 0.692493 -0.0808474 -0.696556 0.169488 -0.0239993 0.0479852 0.00539665 -1.01734 1.4838 3.68883 0.0247868 3.57075e-07
42 0.0899287 0.0753724 0.882337 0.0215984 -0.344198 0.320223 0.455822 0.222274 -0.83507 0.213255 0.250494 0.112654 0.522989 -0.367273 0.330788 0.869304 0.319021 0.135458 0.48 0.882337 0.0215984 -0.344198 0.320223 0.0239545 -0.0367844 0.0114048 0.766106 -0.187508 -1.58863 0.0899287 0.314 0.147194 0.51 0.455822 0.222274 -0.83507 0.213255 -0.0369738 0.0517918 -0.0194546 -0.766106 0.187508 1.58863 0.0753724 7.97178e-07
43 0.0240741 0.0292733 0.921616 -0.124564 -0.306022 0.203611 0.406388 0.2205 -0.752405 0.469164 0.300892 0.128022 0.493143 -0.759781 -0.439717 0.478938 0.319021 0.135458 0.48 0.921616 -0.124564 -0.306022 0.203611 0.062042 -0.0583408 0.0585371 -1.62623 -4.44567 -3.1226 0.0240741 0.314 0.147194 0.51 0.406388 0.2205 -0.752405 0.469164 0.0346805 -0.00612338 -0.0171317 1.62623 4.44567 3.1226 0.0292733 2.49959e-09
44 0.0871035 0.0663281 0.877979 -0.23904 -0.279419 0.306493 0.648425 0.191751 -0.651646 0.343707 0.260757 0.117757 0.534576 -0.0635793 -0.0413349 0.99712 0.319021 0.135458 0.48 0.877979 -0.23904 -0.279419 0.306493 0.0222425 -0.0339291 0.0208278 0.23828 -0.41245 -1.51902 0.0871035 0.314 0.147194 0.51 0.648424 0.191751 -0.651646 0.343707 -0.0276965 0.0334512 -0.0215536 -0.23828 0.41245 1.51902 0.0663281 5.22679e-08
45 0.0753576 0.0146903 0.654357 -0.19586 -0.727084 0.0693113 0.590296 0.045353 -0.573912 0.56579 0.305319 0.140443 0.519143 0.478932 0.600716 0.640129 0.319021 0.135458 0.48 0.654357 -0.19586 -0.727084 0.0693113 -0.00291019 -0.01929 0.030845 2.12794 -0.484949 -4.29551 0.0753576 0.314 0.147194 0.51 0.590296 0.045353 -0.573912 0.56579 -0.0329543 0.0615626 -0.0533842 -2.12794 0.484949 4.29551 0.0146903 5.01095e-06
46 0.0234891 0.0306615 0.919319 -0.132557 -0.308088 0.205822 0.401053 0.217174 -0.764835 0.454994 0.300541 0.128038 0.491334 -0.797239 -0.454769 0.396982 0.319021 0.135458 0.48 0.919319 -0.132557 -0.308088 0.205822 0.0663429 -0.0732859 0.0629213 -1.84701 -4.76582 -4.1949 0.0234891 0.314 0.147194 0.51 0.401054 0.217174 -0.764835 0.454994 0.0273996 -0.00318506 -0.0173174 1.84701 4.76582 4.1949 0.0306615 7.27034e-09
47 0.0888447 0.0782009 0.871858 -0.0001738 -0.38195 0.306558 0.466308 0.218102 -0.840212 0.170387 0.245819 0.112683 0.515587 -0.490323 0.198173 0.848711 0.319021 0.135458 0.48 0.871858 -0.0001738 -0.38195 0.306558 0.020056 -0.0386863 0.00976208 0.546435 -0.208358 -1.3841 0.0888447 0.314 0.147194 0.51 0.466308 0.218102 -0.840212 0.170387 -0.0300494 0.0481304 -0.0151291 -0.546435 0.208358 1.3841 0.0782009 5.84907e-07
48 0.0882325 0.0795665 0.874081 0.0109304 -0.37578 0.307657 0.457494 0.224295 -0.843559 0.169703 0.245878 0.109427 0.512971 -0.558279 0.143115 0.817217 0.319021 0.135458 0.48 0.874081 0.0109304 -0.37578 0.307657 0.0212686 -0.0397292 0.00967599 0.445409 -0.223904 -1.34167 0.0882325 0.314 0.147194 0.51 0.457494 0.224295 -0.843559 0.169703 -0.0302976 0.0463556 -0.0137793 -0.445409 0.223904 1.34167 0.0795665 6.63001e-07
49 0.0493919 0.0265996 0.71942 -0.215979 -0.439167 0.49287 0.730946 -0.0834531 -0.65914 0.155849 0.288061 0.142672 0.514492 -0.162157 0.421956 0.891997 0.319021 0.135458 0.48 0.71942 -0.215979 -0.439167 0.49287 0.00684964 -0.000917651 -0.0109888 0.829912 -0.717082 -1.88592 0.0493919 0.314 0.147194 0.51 0.730945 -0.0834531 -0.65914 0.155849 -0.00747069 0.0163467 0.00484891 -0.829912 0.717082 1.88592 0.0265996 6.80763e-08
50 0.134206 0.0785363 0.856051 -0.146655 -0.312906 0.384395 0.522414 0.144363 -0.818707 0.189638 0.246616 0.148043 0.539589 0.480051 0.703013 0.524714 0.319021 0.135458 0.48 0.856051 -0.146655 -0.312906 0.384395 0.0287782 -0.032524 0.0279783 0.915698 -0.658504 -1.27846 0.134206 0.314 0.147194 0.51 0.522414 0.144363 -0.818707 0.189638 -0.0240273 0.0535764 -0.0354191 -0.915698 0.658504 1.27846 0.0785363 1.18748e-06
51 0.143022 0.0795631 0.806465 -0.15905 -0.364836 0.437279 0.548366 0.0926749 -0.796739 0.236459 0.247565 0.146124 0.544266 0.53472 0.680504 0.500987 0.319021 0.135458 0.48 0.806465 -0.15905 -0.364836 0.437279 0.0260436 -0.0305617 0.0255615 0.771707 -0.549643 -1.15339 0.143022 0.314 0.147194 0.51 0.548366 0.0926749 -0.796739 0.236459 -0.0230908 0.0479223 -0.0318589 -0.771707 0.549643 1.15339 0.0795631 6.19668e-07
52 0.146199 0.080365 0.804328 -0.145274 -0.370777 0.440994 0.555082 0.0918892 -0.791207 0.23965 0.246701 0.146465 0.544457 0.52705 0.70451 0.475272 0.319021 0.135458 0.48 0.804328 -0.145274 -0.370777 0.440994 0.0263655 -0.0286111 0.025378 0.751955 -0.53675 -1.09197 0.146199 0.314 0.147194 0.51 0.555082 0.0918892 -0.791207 0.23965 -0.0230786 0.0456875 -0.0315084 -0.751955 0.53675 1.09197 0.080365 6.1375e-07
53 0.0753288 0.0143182 0.680215 -0.179157 -0.70517 0.0891377 0.55006 0.0585328 -0.626196 0.549442 0.305344 0.140123 0.51808 0.450978 0.616255 0.645638 0.319021 0.135458 0.48 0.680215 -0.179157 -0.70517 0.0891377 -0.000717677 -0.0329091 0.0309096 2.21341 -0.387202 -4.84969 0.0753288 0.314 0.147194 0.51 0.55006 0.0585328 -0.626196 0.549442 -0.0445832 0.0749635 -0.0549427 -2.21341 0.387202 4.84969 0.0143182 6.10314e-06
54 0.0911641 0.0758173 0.896293 -0.0537675 -0.232818 0.373582 0.521207 0.0710523 -0.80731 0.267479 0.248573 0.115114 0.525238 -0.557919 0.3892 0.732973 0.319021 0.135458 0.48 0.896293 -0.0537675 -0.232818 0.373582 0.0279526 -0.0368745 0.0167654 0.437883 -0.538147 -1.31583 0.0911641 0.314 0.147194 0.51 0.521207 0.0710523 -0.80731 0.267479 -0.0272511 0.0434048 -0.0192027 -0.437883 0.538147 1.31583 0.0758173 4.99373e-07
55 0.147201 0.0813426 0.804976 -0.15319 -0.369955 0.437813 0.557912 0.087114 -0.78618 0.251129 0.247022 0.14502 0.546948 0.541476 0.684213 0.488524 0.319021 0.135458 0.48 0.804976 -0.15319 -0.369955 0.437813 0.0255772 -0.0298001 0.0245307 0.716035 -0.503817 -1.10731 0.147201 0.314 0.147194 0.51 0.557912 0.087114 -0.78618 0.251129 -0.0234583 0.0457219 -0.0304048 -0.716035 0.503817 1.10731 0.0813426 5.9273e-07
56 0.148862 0.0810176 0.809076 -0.154698 -0.367258 0.431956 0.555568 0.0810539 -0.789613 0.247559 0.2469 0.146833 0.545872 0.55524 0.68688 0.46894 0.319021 0.135458 0.48 0.809076 -0.154698 -0.367258 0.431956 0.025726 -0.0296186 0.0254422 0.718777 -0.52821 -1.08495 0.148862 0.314 0.147194 0.51 0.555568 0.0810539 -0.789613 0.247559 -0.0226129 0.0457348 -0.031226 -0.718777 0.52821 1.08495 0.0810176 5.92618e-07
57 0.017894 0.0255182 0.665418 -0.261348 -0.504321 0.484331 0.404431 0.157707 -0.900633 -0.0206175 0.30471 0.135159 0.490558 -0.799383 -0.116688 0.589382 0.319021 0.135458 0.48 0.665418 -0.261348 -0.504321 0.484331 -0.0149449 0.0949055 -0.0641964 -2.60909 6.88167 10 0.017894 0.314 0.147194 0.51 0.404431 0.157707 -0.900633 -0.0206175 -0.0484232 -0.11197 0.0602676 2.60909 -6.88167 -10 0.0255182 1.35228e-08
58 0.151129 0.0823397 0.835693 -0.155244 -0.326741 0.413227 0.578609 0.0832779 -0.772834 0.24699 0.247399 0.147933 0.549543 0.573888 0.690066 0.440977 0.319021 0.135458 0.48 0.835693 -0.155244 -0.326741 0.413227 0.0268208 -0.0301912 0.0253391 0.668616 -0.536689 -1.0951 0.151129 0.314 0.147194 0.51 0.578609 0.0832779 -0.772834 0.24699 -0.0235725 0.0447517 -0.0304916 -0.668616 0.536689 1.0951 0.0823397 6.76944e-07
59 0.0508262 0.0545782 0.694944 -0.0551238 -0.610548 0.375825 0.596924 0.200129 -0.693625 0.350021 0.277491 0.111314 0.494796 -0.716786 -0.351225 0.602378 0.319021 0.135458 0.48 0.694944 -0.0551238 -0.610548 0.375825 0.0145593 -0.0098734 0.0161717 -0.0850123 -0.797291 -1.01325 0.0508262 0.314 0.147194 0.51 0.596924 0.200129 -0.693625 0.350021 -0.00253221 0.002236 -0.0111712 0.0850123 0.797291 1.01325 0.0545782 1.70418e-08
60 0.15473 0.0827151 0.83162 -0.168369 -0.325775 0.417049 0.584623 0.0849569 -0.765173 0.255946 0.249681 0.145464 0.553339 0.63132 0.629636 0.452762 0.319021 0.135458 0.48 0.83162 -0.168369 -0.325775 0.417049 0.0252823 -0.0331278 0.023637 0.599316 -0.477072 -1.11979 0.15473 0.314 0.147194 0.51 0.584623 0.0849569 -0.765173 0.255946 -0.0241122 0.0454854 -0.0282755 -0.599316 0.477072 1.11979 0.0827151 5.30743e-07
61 0.154794 0.0832325 0.834023 -0.168698 -0.319909 0.416659 0.578997 0.0845958 -0.769393 0.256203 0.248453 0.146499 0.552337 0.614872 0.652965 0.442232 0.319021 0.135458 0.48 0.834023 -0.168698 -0.319909 0.416659 0.0260509 -0.0320666 0.0246301 0.620089 -0.49931 -1.10111 0.154794 0.314 0.147194 0.51 0.578997 0.0845958 -0.769393 0.256203 -0.0239945 0.0451411 -0.0294008 -0.620089 0.49931 1.10111 0.0832325 6.06045e-07
62 0.0486001 0.0542952 0.725464 -0.0533674 -0.591823 0.347275 0.626374 0.239364 -0.670235 0.318033 0.278796 0.112154 0.492765 -0.734873 -0.420867 0.53182 0.319021 0.135458 0.48 0.725464 -0.0533674 -0.591823 0.347275 0.0177545 -0.0160098 0.0190735 -0.373863 -0.969155 -1.14075 0.0486001 0.314 0.147194 0.51 0.626374 0.239364 -0.670235 0.318033 -0.002068 -0.000933249 -0.00982014 0.373863 0.969155 1.14075 0.0542952 1.33072e-08
63 0.155197 0.0812049 0.837896 -0.178087 -0.308583 0.413512 0.585367 0.0850739 -0.763669 0.258684 0.25232 0.144929 0.554151 0.669964 0.597207 0.441013 0.319021 0.135458 0.48 0.837896 -0.178087 -0.308583 0.413512 0.0252534 -0.0356058 0.0236112 0.579312 -0.475556 -1.17084 0.155197 0.314 0.147194 0.51 0.585367 0.0850739 -0.763669 0.258684 -0.024728 0.0471069 -0.0280226 -0.579312 0.475556 1.17084 0.0812049 4.4551e-07
64 0.0513741 0.0212391 0.865958 -0.208713 -0.198458 0.408864 0.413251 0.176366 -0.860329 0.240735 0.296832 0.140368 0.516062 0.458933 0.407438 0.789541 0.319021 0.135458 0.48 0.865958 -0.208713 -0.198458 0.408864 0.0385897 -0.0929341 0.0350587 4.16439 -2.74646 -10 0.0513741 0.314 0.147194 0.51 0.413251 0.176366 -0.860329 0.240735 -0.0829459 0.163644 -0.0701441 -4.16439 2.74646 10 0.0212391 2.06368e-07
65 0.156384 0.0836325 0.832941 -0.167187 -0.326242 0.414516 0.57785 0.088103 -0.768715 0.259625 0.248991 0.144937 0.553592 0.630678 0.632062 0.45027 0.319021 0.135458 0.48 0.832941 -0.167187 -0.326242 0.414516 0.0252721 -0.0330523 0.0236677 0.595666 -0.464657 -1.10403 0.156384 0.314 0.147194 0.51 0.57785 0.088103 -0.768715 0.259625 -0.0242896 0.0453795 -0.0283258 -0.595666 0.464657 1.10403 0.0836325 5.48025e-07
66 0.0886989 0.0467329 0.802999 -0.0789711 -0.462014 0.368103 0.491319 0.215144 -0.825373 0.176292 0.275299 0.136931 0.526993 0.503833 0.478167 0.71938 0.319021 0.135458 0.48 0.802999 -0.0789711 -0.462014 0.368103 0.0272016 -0.0493411 0.0188329 1.61251 -0.61769 -2.9666 0.0886989 0.314 0.147194 0.51 0.491319 0.215144 -0.825373 0.176292 -0.0434874 0.0828224 -0.0346565 -1.61251 0.61769 2.9666 0.0467329 1.34136e-07
67 0.158559 0.0805898 0.843086 -0.176419 -0.297936 0.41148 0.577348 0.0966001 -0.767665 0.260823 0.253366 0.144589 0.553823 0.690862 0.595094 0.410576 0.319021 0.135458 0.48 0.843086 -0.176419 -0.297936 0.41148 0.0263412 -0.0362054 0.0242645 0.573257 -0.475436 -1.16724 0.158559 0.314 0.147194 0.51 0.577348 0.0966001 -0.767665 0.260823 -0.025777 0.0475429 -0.0286054 -0.573257 0.475436 1.16724 0.0805898 4.29979e-07
68 0.0584787 0.0232842 0.707161 -0.329392 -0.336225 0.527615 0.614635 0.0954477 -0.709333 0.331603 0.296071 0.139112 0.521105 0.477332 0.393887 0.785498 0.319021 0.135458 0.48 0.707161 -0.329392 -0.336225 0.527615 0.0308361 -0.0476314 0.0268172 2.42157 -1.8147 -6.29007 0.0584787 0.314 0.147194 0.51 0.614634 0.0954477 -0.709333 0.331603 -0.0502164 0.0886992 -0.0461265 -2.42157 1.8147 6.29007 0.0232842 8.14965e-07
69 0.0162051 0.0283685 0.641269 -0.188553 -0.560644 0.488773 0.504543 0.158671 -0.847272 0.0488813 0.305646 0.132508 0.488515 -0.812957 -0.253252 0.524371 0.319021 0.135458 0.48 0.641269 -0.188553 -0.560644 0.488773 -0.0291734 0.0929995 -0.0585153 -3.8705 6.11984 10 0.0162051 0.314 0.147194 0.51 0.504543 0.158671 -0.847272 0.0488813 -0.00459585 -0.145022 0.0732155 3.8705 -6.11984 -10 0.0283685 1.74604e-08
70 0.0858899 0.0559577 0.816 -0.191853 -0.426616 0.339609 0.459104 0.197724 -0.787592 0.360317 0.273841 0.119471 0.532541 0.361247 0.231119 0.903374 0.319021 0.135458 0.48 0.816 -0.191853 -0.426616 0.339609 0.0197151 -0.0410703 0.0170303 1.14555 -0.0409324 -2.62221 0.0858899 0.314 0.147194 0.51 0.459104 0.197724 -0.787592 0.360317 -0.0492618 0.0622719 -0.0302692 -1.14555 0.0409324 2.62221 0.0559577 1.9325e-07
71 0.0590264 0.0358733 0.830077 -0.107535 -0.465045 0.288342 0.450775 0.216901 -0.768162 0.399603 0.288465 0.126318 0.521234 0.170136 0.302756 0.937759 0.319021 0.135458 0.48 0.830077 -0.107535 -0.465045 0.288342 0.0220721 -0.0315549 0.0225583 1.93911 -0.317046 -4.3519 0.0590264 0.314 0.147194 0.51 0.450775 0.216901 -0.768162 0.399603 -0.0636355 0.0678792 -0.0437243 -1.93911 0.317046 4.3519 0.0358733 5.05337e-07
72 0.0571393 0.0165156 0.69315 -0.0712522 -0.537462 0.474975 0.4642 0.338267 -0.792335 0.205668 0.302318 0.13856 0.514026 0.531366 0.336057 0.777635 0.319021 0.135458 0.48 0.69315 -0.0712522 -0.537462 0.474975 0.0360131 -0.0613832 0.00816587 3.72058 -1.06667 -8.42758 0.0571393 0.314 0.147194 0.51 0.4642 0.338267 -0.792335 0.205668 -0.102921 0.13069 -0.0464762 -3.72058 1.06667 8.42758 0.0165156 3.8525e-06
73 0.105856 0.0627201 0.906915 -0.17418 -0.204873 0.324335 0.659405 0.157834 -0.678163 0.283493 0.273207 0.128239 0.55087 0.636891 0.237231 0.733547 0.319021 0.135458 0.48 0.906915 -0.17418 -0.204873 0.324335 0.0145583 -0.053031 0.0122063 0.538792 -0.187958 -2.35554 0.105856 0.314 0.147194 0.51 0.659405 0.157834 -0.678163 0.283493 -0.0365647 0.0573687 -0.017586 -0.538792 0.187958 2.35554 0.0627201 1.75988e-07
74 0.0116642 0.0613605 0.701888 -0.0858964 -0.509798 0.489981 0.482807 0.0586966 -0.873174 0.0319264 0.31037 0.128163 0.48141 -0.629895 -0.773901 -0.0656495 0.319021 0.135458 0.48 0.701888 -0.0858964 -0.509798 0.489981 0.0368062 -0.121315 0.0835033 -0.672862 -5.20648 -7.77989 0.0116642 0.314 0.147194 0.51 0.482807 0.0586966 -0.873174 0.0319264 0.0280819 0.0620699 -0.0494671 0.672862 5.20648 7.77989 0.0613605 3.51436e-05
75 0.0493457 0.0198572 0.738253 -0.400891 -0.461461 0.28517 0.500381 0.123433 -0.815757 0.262534 0.296533 0.140002 0.513295 0.300809 0.0774046 0.950538 0.319021 0.135458 0.48 0.738253 -0.400891 -0.461461 0.28517 0.00927946 -0.0309606 0.0202517 3.8747 -1.96246 -6.98744 0.0493457 0.314 0.147194 0.51 0.500381 0.123433 -0.815757 0.262534 -0.0324116 0.112121 -0.0558733 -3.8747 1.96246 6.98744 0.0198572 6.92743e-08
76 0.0113785 0.0346107 0.989291 -0.0770313 -0.028216 0.120722 0.771564 -0.060597 -0.629992 0.0642501 0.311321 0.133673 0.486759 -0.898996 -0.397659 0.183506 0.319021 0.135458 0.48 0.989291 -0.0770313 -0.028216 0.120722 0.0580387 -0.24071 0.0869581 -10 -5.11977 -6.89033 0.0113785 0.314 0.147194 0.51 0.771564 -0.060597 -0.629992 0.0642501 0.0146881 -0.136033 0.0725973 10 5.11977 6.89033 0.0346107 9.69999e-07
77 0.115772 0.0732472 0.757662 -0.253427 -0.303965 0.518968 0.429351 0.096407 -0.848355 0.294375 0.252072 0.137698 0.536964 0.357628 0.702341 0.615483 0.319021 0.135458 0.48 0.757662 -0.253427 -0.303965 0.518968 0.0311086 -0.0338191 0.0315779 1.2063 -0.6817 -1.64396 0.115772 0.314 0.147194 0.51 0.429351 0.096407 -0.848355 0.294375 -0.0299514 0.0617546 -0.0423128 -1.2063 0.6817 1.64396 0.0732472 1.14395e-06
78 0.0995506 0.0377347 0.895297 0.0722086 -0.435515 0.0596281 0.536051 0.103908 -0.740866 0.391115 0.289375 0.13455 0.531462 0.599762 0.671387 0.435344 0.319021 0.135458 0.48 0.895297 0.0722086 -0.435515 0.0596281 0.0250564 -0.0600808 0.0196089 0.897918 -0.248348 -3.2324 0.0995506 0.314 0.147194 0.51 0.536051 0.103908 -0.740866 0.391115 -0.0555421 0.07079 -0.0289002 -0.897918 0.248348 3.2324 0.0377347 1.02054e-06
79 0.0834331 0.0663888 0.858738 -0.289624 -0.263645 0.33042 0.542617 0.214821 -0.782184 0.218189 0.253685 0.125381 0.521714 -0.217966 -0.0783336 0.972808 0.319021 0.135458 0.48 0.858738 -0.289624 -0.263645 0.33042 0.0169969 -0.0447092 0.0208964 0.569999 -0.403339 -1.8235 0.0834331 0.314 0.147194 0.51 0.542617 0.214821 -0.782184 0.218189 -0.0262976 0.0526543 -0.0255611 -0.569999 0.403339 1.8235 0.0663888 2.04993e-07
80 0.15676 0.0852294 0.840062 -0.173025 -0.314197 0.406987 0.578943 0.0868952 -0.764071 0.271053 0.249707 0.14211 0.557066 0.645589 0.600189 0.472216 0.319021 0.135458 0.48 0.840062 -0.173025 -0.314197 0.406987 0.0239778 -0.0351401 0.0219672 0.553435 -0.412546 -1.13673 0.15676 0.314 0.147194 0.51 0.578943 0.0868952 -0.764071 0.271053 -0.0249423 0.0460362 -0.0263912 -0.553435 0.412546 1.13673 0.0852294 5.43021e-07
81 0.0802176 0.0658394 0.896245 -0.226095 -0.222422 0.310087 0.479752 0.33593 -0.760345 0.280828 0.261784 0.111824 0.521383 -0.155999 -0.294458 0.942846 0.319021 0.135458 0.48 0.896245 -0.226095 -0.222422 0.310087 0.025241 -0.049981 0.0200473 0.367277 -0.20969 -2.04591 0.0802176 0.314 0.147194 0.51 0.479752 0.33593 -0.760345 0.280828 -0.0429615 0.0507277 -0.023305 -0.367277 0.20969 2.04591 0.0658394 7.00957e-07
82 0.0696753 0.0297534 0.667324 -0.248835 -0.54703 0.439906 0.695935 0.166425 -0.627456 0.307043 0.292472 0.135299 0.525834 0.500411 0.35241 0.790819 0.319021 0.135458 0.48 0.667324 -0.248835 -0.54703 0.439906 0.0167127 -0.0194208 0.012911 1.61562 -0.630926 -3.54869 0.0696753 0.314 0.147194 0.51 0.695935 0.166425 -0.627456 0.307043 -0.0394333 0.0500732 -0.0287047 -1.61562 0.630926 3.54869 0.0297534 6.05715e-07
83 0.163286 0.0866211 0.847313 -0.196354 -0.297358 0.393807 0.575514 0.0436741 -0.781175 0.237996 0.242571 0.157535 0.547349 0.620584 0.692711 0.367461 0.319021 0.135458 0.48 0.847313 -0.196354 -0.297358 0.393807 0.0260073 -0.0274935 0.0288377 0.626586 -0.608025 -0.909168 0.163286 0.314 0.147194 0.51 0.575514 0.0436741 -0.781175 0.237996 -0.0184367 0.0417266 -0.0331388 -0.626586 0.608025 0.909168 0.0866211 8.58806e-07
84 0.164707 0.087196 0.848247 -0.195579 -0.296648 0.392716 0.574556 0.0485851 -0.781699 0.237639 0.242129 0.157435 0.547561 0.622693 0.691989 0.365246 0.319021 0.135458 0.48 0.848247 -0.195579 -0.296648 0.392716 0.026038 -0.0273464 0.0288084 0.621199 -0.599917 -0.897445 0.164707 0.314 0.147194 0.51 0.574556 0.0485851 -0.781699 0.237639 -0.018573 0.0414768 -0.033087 -0.621199 0.599917 0.897445 0.087196 8.6455e-07
85 0.0124257 0.0645439 0.712691 -0.0690112 -0.487848 0.499313 0.481837 0.0567018 -0.872384 0.0597 0.310282 0.127288 0.481842 -0.577154 -0.814923 -0.0528606 0.319021 0.135458 0.48 0.712691 -0.0690112 -0.487848 0.499313 0.0443764 -0.119201 0.0856169 -0.557131 -5.15345 -7.19258 0.0124257 0.314 0.147194 0.51 0.481837 0.0567018 -0.872384 0.0597 0.0258137 0.0663769 -0.0532052 0.557131 5.15345 7.19258 0.0645439 4.68859e-05
86 0.121283 0.0902226 0.884809 -0.200465 -0.294276 0.300547 0.580129 -0.0257816 -0.746017 0.325951 0.236701 0.133664 0.550523 0.110695 0.480096 0.870204 0.319021 0.135458 0.48 0.884809 -0.200465 -0.294276 0.300547 0.0153672 -0.0316102 0.018519 0.563376 -0.382455 -1.17103 0.121283 0.314 0.147194 0.51 0.580129 -0.0257816 -0.746017 0.325951 -0.0176369 0.0426323 -0.0232108 -0.563376 0.382455 1.17103 0.0902226 3.61377e-07
87 0.166675 0.0872152 0.846369 -0.199153 -0.300185 0.392285 0.570082 0.0470255 -0.786729 0.232061 0.24153 0.158995 0.545739 0.630489 0.689656 0.356171 0.319021 0.135458 0.48 0.846369 -0.199153 -0.300185 0.392285 0.0258977 -0.0265895 0.0295158 0.624672 -0.612634 -0.861176 0.166675 0.314 0.147194 0.51 0.570082 0.0470255 -0.786729 0.232061 -0.0176256 0.0410062 -0.0337713 -0.624672 0.612634 0.861176 0.0872152 8.65657e-07
88 0.167257 0.0905838 0.845687 -0.219299 -0.269962 0.404775 0.580604 0.0414154 -0.777962 0.236557 0.238465 0.160828 0.547107 0.597877 0.727404 0.336789 0.319021 0.135458 0.48 0.845687 -0.219299 -0.269962 0.404775 0.0266786 -0.0242688 0.0298093 0.620322 -0.623638 -0.820683 0.167257 0.314 0.147194 0.51 0.580604 0.0414154 -0.777962 0.236557 -0.0176011 0.0387582 -0.0339585 -0.620322 0.623638 0.820683 0.0905838 1.17311e-06
89 0.00930675 0.0546808 0.620979 -0.48111 -0.47458 0.397105 0.650599 0.347546 -0.578498 0.348243 0.310153 0.134386 0.478387 -0.877022 -0.332551 -0.34676 0.319021 0.135458 0.48 0.620979 -0.48111 -0.47458 0.397105 0.0420704 -0.103836 0.122881 -2.06738 -4.54045 -7.98275 0.00930675 0.314 0.147194 0.51 0.650599 0.347546 -0.578498 0.348243 0.000455913 0.00173665 -0.0758227 2.06738 4.54045 7.98275 0.0546808 2.32033e-06
90 0.00897174 0.0370457 0.918605 -0.275386 -0.282691 0.0203344 0.631871 0.314668 -0.686348 0.17507 0.311072 0.137646 0.482065 -0.991047 0.0729221 -0.11184 0.319021 0.135458 0.48 0.918605 -0.275386 -0.282691 0.0203344 0.0200097 -0.240669 0.109372 -6.14878 -6.67541 -10 0.00897174 0.314 0.147194 0.51 0.631871 0.314668 -0.686348 0.17507 -0.0170969 -0.0282166 -0.00369451 6.14878 6.67541 10 0.0370457 1.35835e-06
91 0.100894 0.0371425 0.902217 0.0717067 -0.41702 0.0834095 0.533862 0.136598 -0.731918 0.400785 0.291381 0.133295 0.531805 0.593503 0.695366 0.40524 0.319021 0.135458 0.48 0.902217 0.0717067 -0.41702 0.0834095 0.0286101 -0.0611603 0.0188384 0.801009 -0.195492 -3.27684 0.100894 0.314 0.147194 0.51 0.533862 0.136598 -0.731918 0.400785 -0.061203 0.0687391 -0.0272578 -0.801009 0.195492 3.27684 0.0371425 1.49504e-06
92 0.017759 0.0755728 0.766934 -0.114121 -0.464282 0.428055 0.575036 -0.0660038 -0.796626 0.174254 0.305866 0.125022 0.480217 -0.535086 -0.786399 -0.308642 0.319021 0.135458 0.48 0.766934 -0.114121 -0.464282 0.428055 0.0501463 -0.111809 0.0769692 -1.05118 -3.77134 -4.93224 0.017759 0.314 0.147194 0.51 0.575036 -0.0660038 -0.796626 0.174254 0.00510801 0.0555106 -0.0456982 1.05118 3.77134 4.93224 0.0755728 1.79275e-05
93 0.0180664 0.0765955 0.765203 -0.107933 -0.466005 0.430876 0.570463 -0.0559691 -0.799244 0.180687 0.305861 0.124588 0.480123 -0.515462 -0.796168 -0.316884 0.319021 0.135458 0.48 0.765203 -0.107933 -0.466005 0.430876 0.0518613 -0.110039 0.0762195 -0.975637 -3.73158 -4.82577 0.0180664 0.314 0.147194 0.51 0.570463 -0.0559691 -0.799245 0.180687 0.0034498 0.0565418 -0.0460347 0.975637 3.73158 4.82577 0.0765955 1.80435e-05
94 0.0222251 0.0802588 0.773628 -0.228329 -0.394869 0.439822 0.568796 -0.089622 -0.790267 0.209567 0.301373 0.124914 0.479692 -0.565688 -0.740115 -0.363631 0.319021 0.135458 0.48 0.773628 -0.228329 -0.394869 0.439822 0.0405513 -0.109166 0.0813442 -1.13762 -3.2764 -4.32623 0.0222251 0.314 0.147194 0.51 0.568795 -0.089622 -0.790267 0.209567 0.00696715 0.0533176 -0.0515436 1.13762 3.2764 4.32623 0.0802588 3.78153e-05
95 0.0803745 0.0126903 0.804782 -0.270797 -0.422204 0.317393 0.643369 0.0836989 -0.689464 0.322041 0.305113 0.142507 0.516536 0.721321 0.276991 0.634801 0.319021 0.135458 0.48 0.804782 -0.270797 -0.422204 0.317393 0.00420134 -0.0975293 0.0277768 1.85379 -1.31419 -6.37096 0.0803745 0.314 0.147194 0.51 0.643369 0.0836989 -0.689464 0.322041 -0.0395465 0.121157 -0.0429353 -1.85379 1.31419 6.37096 0.0126903 0.000174171
96 0.168421 0.0869651 0.84574 -0.200115 -0.301539 0.392113 0.568454 0.0498623 -0.788501 0.229436 0.241714 0.159411 0.54513 0.642116 0.68151 0.351043 0.319021 0.135458 0.48 0.84574 -0.200115 -0.301539 0.392113 0.0259083 -0.0264887 0.0298046 0.621069 -0.613918 -0.846545 0.168421 0.314 0.147194 0.51 0.568454 0.0498623 -0.788501 0.229436 -0.0174259 0.0408705 -0.0340114 -0.621069 0.613918 0.846545 0.0869651 4.19236e-07
97 0.0333401 0.0125269 0.783637 -0.124181 -0.488529 0.363085 0.491903 0.387811 -0.690153 0.362386 0.307478 0.13666 0.509608 -0.0876957 0.0527781 0.994748 0.319021 0.135458 0.48 0.783637 -0.124181 -0.488529 0.363085 -0.0294879 0.0793592 -0.0139861 3.65532 1.51738 -1.28999 0.0333401 0.314 0.147194 0.51 0.491903 0.387811 -0.690153 0.362386 -0.031173 0.0238241 -0.0365316 -3.65532 -1.51738 1.28999 0.0125269 3.87661e-07
98 0.0148376 0.0790278 0.826363 0.00879523 -0.429888 0.363653 0.430956 0.0402613 -0.869944 0.236332 0.309564 0.125375 0.480514 -0.422355 -0.823973 -0.377737 0.319021 0.135458 0.48 0.826363 0.00879523 -0.429888 0.363653 0.0902419 -0.126049 0.0837097 -0.233537 -4.62043 -5.71238 0.0148376 0.314 0.147194 0.51 0.430956 0.0402613 -0.869944 0.236332 -0.0186706 0.0903638 -0.0577719 0.233537 4.62043 5.71238 0.0790278 0.00019647
99 0.168744 0.0869648 0.845457 -0.19929 -0.302586 0.392336 0.567851 0.0512805 -0.788941 0.2291 0.241666 0.159375 0.544992 0.642509 0.68148 0.350382 0.319021 0.135458 0.48 0.845457 -0.19929 -0.302586 0.392336 0.0259275 -0.0263998 0.0298226 0.621252 -0.61258 -0.842971 0.168744 0.314 0.147194 0.51 0.567851 0.0512805 -0.788941 0.2291 -0.0174434 0.0408052 -0.0340383 -0.621252 0.61258 0.842971 0.0869648 8.51322e-07
100 0.0280248 0.084016 0.829643 -0.18441 -0.32629 0.413787 0.327163 0.0818278 -0.861831 0.378835 0.299101 0.122283 0.475514 -0.410593 -0.582876 -0.701191 0.319021 0.135458 0.48 0.829643 -0.18441 -0.32629 0.413787 0.0771682 -0.124904 0.0689121 -0.760635 -2.85246 -4.9739 0.0280248 0.314 0.147194 0.51 0.327163 0.0818278 -0.861831 0.378835 -0.049969 0.0771135 -0.0456642 0.760635 2.85246 4.9739 0.084016 1.80919e-05
101 0.02836 0.0856432 0.830847 -0.172151 -0.339736 0.405755 0.334606 0.0809424 -0.866558 0.361337 0.299328 0.121328 0.475486 -0.380392 -0.619135 -0.687003 0.319021 0.135458 0.48 0.830847 -0.172151 -0.339736 0.405756 0.075267 -0.120885 0.0699694 -0.637883 -2.88465 -4.75187 0.02836 0.314 0.147194 0.51 0.334606 0.0809424 -0.866558 0.361337 -0.0444964 0.0778915 -0.0480006 0.637883 2.88465 4.75187 0.0856432 2.08719e-05
102 0.0599839 0.0207329 0.776603 -0.32425 -0.385189 0.378654 0.465639 0.261809 -0.829591 0.162527 0.297343 0.138918 0.514817 0.617956 -0.0779487 0.782339 0.319021 0.135458 0.48 0.776603 -0.32425 -0.385189 0.378654 -0.00205242 -0.0897488 0.0106522 3.18893 -1.22039 -7.98434 0.0599839 0.314 0.147194 0.51 0.465639 0.261809 -0.829591 0.162527 -0.0550416 0.145331 -0.0419511 -3.18893 1.22039 7.98434 0.0207329 8.34762e-07
103 0.0736524 0.0149387 0.733107 -0.279694 -0.603886 0.140168 0.556328 0.101468 -0.677869 0.469785 0.304707 0.139304 0.517458 0.58144 0.421996 0.695592 0.319021 0.135458 0.48 0.733107 -0.279694 -0.603886 0.140168 -0.00398681 -0.0554792 0.0260735 2.28863 -0.505908 -5.70633 0.0736524 0.314 0.147194 0.51 0.556328 0.101468 -0.677869 0.469785 -0.0478066 0.0954893 -0.0503934 -2.28863 0.505908 5.70633 0.0149387 1.51258e-05
104 0.16806 0.0917551 0.84716 -0.22649 -0.265852 0.400431 0.568279 0.0478064 -0.783565 0.246576 0.238176 0.158946 0.548882 0.607422 0.709478 0.357322 0.319021 0.135458 0.48 0.84716 -0.22649 -0.265852 0.400431 0.026175 -0.0259717 0.0297426 0.613782 -0.600652 -0.847659 0.16806 0.314 0.147194 0.51 0.568279 0.0478064 -0.783565 0.246576 -0.0181038 0.0401295 -0.0339305 -0.613782 0.600652 0.847659 0.0917551 1.23728e-06
105 0.0595796 0.0238548 0.72544 -0.314891 -0.158622 0.591117 0.64121 0.210127 -0.641664 0.36464 0.299555 0.135895 0.524188 0.581918 0.362105 0.728184 0.319021 0.135458 0.48 0.72544 -0.314891 -0.158622 0.591117 0.0372248 -0.0683936 0.0291397 1.72519 -1.60458 -7.39776 0.0595796 0.314 0.147194 0.51 0.64121 0.210127 -0.641664 0.36464 -0.0759091 0.0830084 -0.041331 -1.72519 1.60458 7.39776 0.0238548 3.90638e-07
106 0.0346277 0.0212768 0.624001 -0.425708 0.00813941 0.655232 0.405951 0.317866 -0.795721 -0.317793 0.294828 0.146486 0.501257 -0.566041 0.0432536 0.823242 0.319021 0.135458 0.48 0.624001 -0.425708 0.00813941 0.655232 0.0247028 -0.0628553 -0.000784623 -0.274774 -0.753373 -4.34303 0.0346277 0.314 0.147194 0.51 0.405951 0.317866 -0.795721 -0.317793 -0.0530723 0.0328078 0.00779176 0.274774 0.753373 4.34303 0.0212768 9.69486e-10
107 0.121276 0.0960821 0.862379 -0.229128 -0.283764 0.351114 0.565571 -0.0321425 -0.72258 0.3962 0.231566 0.123256 0.549642 -0.118709 0.417065 0.901091 0.319021 0.135458 0.48 0.862379 -0.229128 -0.283764 0.351114 0.0177683 -0.0264012 0.0197115 0.41916 -0.366377 -0.942194 0.121276 0.314 0.147194 0.51 0.565571 -0.0321425 -0.72258 0.3962 -0.0178348 0.0342457 -0.0227915 -0.41916 0.366377 0.942194 0.0960821 2.05213e-07
108 0.0869179 0.0470095 0.86698 -0.0433127 -0.404361 0.288031 0.314875 0.28287 -0.86663 0.26418 0.283467 0.125064 0.527571 0.571934 0.473169 0.670077 0.319021 0.135458 0.48 0.86698 -0.0433127 -0.404361 0.288031 0.0319741 -0.0662825 0.0159881 1.50635 0.0623319 -3.81876 0.0869179 0.314 0.147194 0.51 0.314875 0.28287 -0.86663 0.26418 -0.0786618 0.0923009 -0.0339799 -1.50635 -0.0623319 3.81876 0.0470095 4.56866e-07
109 0.121022 0.0887235 0.846109 -0.306977 -0.206506 0.383693 0.595097 0.0399574 -0.747462 0.292513 0.239773 0.129641 0.551381 0.215868 0.173735 0.960842 0.319021 0.135458 0.48 0.846109 -0.306977 -0.206506 0.383693 0.0119986 -0.036577 0.0166943 0.531733 -0.294655 -1.29382 0.121022 0.314 0.147194 0.51 0.595097 0.0399574 -0.747462 0.292513 -0.0183436 0.0460333 -0.0214555 -0.531733 0.294655 1.29382 0.0887235 8.65134e-07
110 0.0880574 0.0802044 0.873958 0.00249006 -0.374746 0.309447 0.456393 0.225698 -0.841793 0.179306 0.246005 0.107851 0.512139 -0.576062 0.100471 0.811208 0.319021 0.135458 0.48 0.873958 0.00249006 -0.374746 0.309447 0.0219264 -0.0400477 0.0104285 0.391633 -0.242179 -1.32184 0.0880574 0.314 0.147194 0.51 0.456393 0.225698 -0.841793 0.179306 -0.0301744 0.0451604 -0.0138089 -0.391633 0.242179 1.32184 0.0802044 6.69514e-07
111 0.0286019 0.0826682 0.844179 -0.211133 -0.296593 0.393469 0.330725 0.109027 -0.862532 0.367115 0.297303 0.125127 0.474788 -0.477303 -0.470761 -0.742001 0.319021 0.135458 0.48 0.844179 -0.211133 -0.296593 0.393469 0.0675776 -0.137386 0.0638393 -1.09859 -2.45968 -5.27181 0.0286019 0.314 0.147194 0.51 0.330724 0.109027 -0.862532 0.367115 -0.0556583 0.0779607 -0.0385972 1.09859 2.45968 5.27181 0.0826682 1.03993e-05
112 0.0478732 0.0461044 0.712669 -0.0850455 -0.584274 0.378805 0.647824 0.251713 -0.625432 0.354682 0.28278 0.115158 0.502109 -0.566809 -0.307222 0.764423 0.319021 0.135458 0.48 0.712669 -0.0850455 -0.584274 0.378805 0.0122887 0.00259112 0.0174333 0.043397 -0.79543 -0.813531 0.0478732 0.314 0.147194 0.51 0.647824 0.251713 -0.625432 0.354682 0.00202689 -0.00537336 -0.0139493 -0.043397 0.79543 0.813531 0.0461044 8.46623e-07
