0  46.6181 -13.0814 -26.9676 -0.159632 0.42402
1  47.2742 -12.6344 -22.3437 0.631652 0.557845
2  51.6036 -12.8956 -19.9237 0.572938 0.598867
3  48.7616 -10.0948 -17.3624 1.09497 0.345272
4  47.7913 -7.62749  -13.331 0.782417 0.557613
5  50.8666 -12.7714 -27.5592 1.3925 0.969952
6  50.6359 -6.44047 -9.51962 1.0053 0.48589
7  53.1356 -7.29358 -5.63099 0.128741 0.464807
8   48.139  -3.4087 -13.4074 -1.4681 0.605737
9  54.8961 -13.4527 -29.9541 1.83284 0.620734
10  58.6661 -13.6667 -27.0373 2.22532 0.914223
11  56.2695 -8.80779 -29.7126 1.68985 0.312926
12  55.5974 -13.5661 -17.5592 1.22746 0.87617
13  44.4827 -14.8609 -30.8144 0.391745 0.634792
14  51.8782 -9.66113 -1.96363 -0.902387 0.805681
15  56.4244 -4.31864 -3.95349 0.677684 0.691665
16  60.6577 -4.60042   -1.555 0.48984 0.500584
17   47.7648 0.0669452  -10.0709 -1.2279 0.868227
18   49.3269 0.0838202  -15.9159 0.00154467 0.458621
