0 1 1 1 0 0 3 
1 2 1 1 0 0 3 
2 0 0 1 0 0 5.36055 
2 3 1 1 0 0 3 
3 1 0 1 0 0 3.60662 
3 0 0 1 0 0 6.43747 
3 4 1 1 0 0 3 
4 2 0 1 0 0 5.60617 
4 1 0 1 0 0 6.22399 
4 0 0 1 0 0 9.05527 
0 5 1 1 0 0 3 
5 1 0 1 0 0 4.03527 
5 2 0 1 0 0 4.84133 
5 3 0 1 0 0 6.63461 
5 4 0 0 0 0 9.46776 
4 6 1 1 0 0 3 
6 3 0 0 0 0 5.3579 
6 2 0 1 0 0 7.47829 
6 1 0 0 0 0 8.86887 
6 5 0 0 0 0 11.646 
6 0 0 0 0 0 11.7033 
6 7 1 1 0 0 3 
7 4 0 1 0 0 5.77661 
7 3 0 0 0 0 7.91507 
7 2 0 1 1 0 9.37218 
7 1 0 0 0 0 11.2183 
7 0 0 0 0 0 13.8949 
7 5 0 0 0 0 13.9832 
4 8 1 1 0 0 3 
8 6 0 0 0 0 3.83447 
8 3 0 1 0 0 5.24061 
8 7 0 0 0 0 6.36343 
8 2 0 0 0 0 7.62121 
8 1 0 1 0 0 8.15343 
8 0 0 1 0 0 10.3335 
8 5 0 0 0 0 10.9568 
5 9 1 1 0 0 3 
9 0 0 1 0 0 5.72271 
9 2 0 1 0 0 6.59937 
9 1 0 1 0 0 6.734 
9 3 0 1 0 0 8.84471 
9 4 0 0 0 0 11.6186 
9 8 0 0 0 0 12.9644 
9 6 0 0 0 0 13.4046 
9 10 1 1 0 0 3 
10 5 0 1 0 0 4.89854 
10 2 0 1 0 0 6.42578 
10 1 0 1 0 0 7.80848 
10 0 0 1 0 0 7.81247 
10 3 0 1 0 0 8.91925 
10 4 0 0 0 0 11.4655 
10 6 0 0 0 0 12.6782 
9 11 1 1 0 0 3 
11 10 0 1 0 0 3.85277 
11 5 0 1 0 0 4.41395 
11 0 0 1 0 0 6.93594 
11 2 0 1 0 0 7.23396 
11 1 0 1 0 0 7.60569 
11 3 0 0 0 0 8.83171 
11 4 0 0 0 0 11.3204 
11 8 0 1 0 0 12.092 
2 12 1 1 0 0 3 
12 3 0 1 0 0 4.73422 
12 1 0 1 0 0 5.9701 
12 10 0 1 0 0 6.18497 
12 4 0 0 0 0 6.56119 
12 5 0 1 0 0 6.70638 
12 6 0 0 0 0 7.22244 
12 9 0 1 0 0 7.62128 
12 11 0 1 0 0 8.04652 
0 13 1 1 0 0 3 
13 5 0 1 0 0 4.74577 
13 1 0 1 0 0 5.5789 
13 9 0 1 0 0 6.61706 
13 2 0 1 0 0 7.93925 
13 11 0 1 0 0 8.30159 
13 3 0 1 0 0 9.13794 
13 10 0 1 0 0 9.25831 
13 12 0 1 0 0 10.6235 
7 14 1 1 0 0 3 
14 6 0 1 0 0 5.42979 
14 4 0 0 0 0 7.73642 
14 8 0 1 1 0 8.29267 
14 3 0 0 0 0 9.92177 
14 12 0 1 0 0 10.341 
14 2 0 1 0 0 11.287 
14 1 0 1 1 0 13.0188 
14 0 0 1 1 0 15.6924 
7 15 1 1 0 0 3 
15 14 0 0 0 0 4.71388 
15 6 0 1 0 0 5.09031 
15 4 0 0 0 0 7.94903 
15 8 0 1 1 0 8.00852 
15 12 0 0 0 0 10.0299 
15 3 0 0 0 0 10.0461 
15 2 0 0 0 0 11.2941 
15 1 0 0 0 0 13.3321 
15 10 0 1 1 0 15.3573 
15 16 1 1 0 0 3 
16 7 0 1 0 0 5.46099 
16 14 0 0 0 0 6.42459 
16 6 0 0 0 0 7.8657 
16 4 0 0 0 0 10.6915 
16 8 0 0 0 0 10.7809 
16 12 0 0 0 0 11.6404 
16 3 0 0 0 0 12.4715 
16 2 0 0 0 0 13.2933 
16 1 0 0 0 0 15.6379 
8 17 1 1 0 0 3 
17 6 0 0 0 0 4.8035 
17 4 0 1 0 0 5.47818 
17 7 0 0 0 0 6.43351 
17 15 0 0 0 0 7.30062 
17 14 0 0 0 0 8.06647 
17 3 0 1 0 0 8.09721 
17 16 0 0 0 0 10.1017 
17 2 0 0 0 0 10.4511 
17 12 0 0 1 0 10.9417 
8 18 1 1 0 0 3 
18 17 0 1 0 0 3.95791 
18 4 0 1 0 0 5.14199 
18 6 0 0 0 0 5.74416 
18 3 0 1 0 0 6.41919 
18 7 0 0 1 0 7.95735 
18 2 0 0 0 0 8.40644 
18 1 0 1 0 0 8.78427 
18 15 0 0 0 0 8.93555 
18 12 0 0 0 0 9.39525 
