0 63 430 2662 2663 2664 2665 
1 1566 430 223 225 2640 2641 2642 2643 2644 2645 2646 2647 2648 2650 2651 2652 2653 2654 2655 2656 2657 2658 2659 2660 2662 2663 2664 2665 2666 2667 2668 2669 2670 2671 2672 2731 2733 2734 2746 2752 2753 2755 2757 2761 2766 2768 2777 2778 2780 2784 2785 2789 2791 2795 2799 2800 2805 2811 2812 2814 2841 2843 2949 3144 3148 3149 3150 3282 3295 3296 3297 
2 30 430 3152 
3 519 430 2766 2869 2870 2872 2908 2909 2930 2931 2936 2938 2943 2987 2988 2989 2991 2993 
4 918 430 2088 2090 2094 2097 2098 2869 2870 2872 2889 2892 2894 2896 2898 2908 2909 2930 2936 2938 2943 2983 2987 2989 2993 
5 296 430 2641 2642 2662 2663 2664 2665 2674 2675 2677 2798 2799 2802 2807 
6 1448 430 1835 1905 1982 1984 2000 2003 2004 2040 2049 2056 2085 2087 2093 2094 2095 2868 2890 2891 2893 2895 2929 2931 2935 2937 2945 2974 2978 2979 2982 2984 2985 3416 
7 1780 430 1745 1746 1748 1854 2078 3168 3378 3419 
8 1122 430 2817 2818 2820 2822 2824 2844 2847 2933 2934 2939 2940 2941 2944 2986 2987 2993 2996 2997 2999 3000 3001 3008 3147 3293 
9 107 430 2675 2742 2807 
10 74 430 2662 2663 2674 2799 
11 146 430 2688 2689 2741 2788 2797 2801 2808 
12 76 430 3152 3153 3295 
13 16 430 2662 
14 894 430 
15 1699 430 
16 2152 430 1679 
17 1072 430 2088 2090 2097 2098 2847 2869 2870 2872 2889 2890 2891 2892 2893 2894 2895 2896 2898 2908 2909 2930 2936 2938 2939 2940 2943 2976 2983 2984 3390 3394 3396 
18 753 430 
