0  46.6181 -13.0814 -26.9676 -0.159632 0.42402
1  46.7497 -13.0384  -22.059 -0.213877 0.637899
2  48.6236 -9.14594 -19.8174 -0.466126 0.490991
3  52.7715 -7.60866 -17.6177 -0.312951 0.516754
4  53.4279 -5.59218 -13.2505 -0.22693 0.866261
5  57.8791 -6.25034 -11.2766 -0.148286 0.685413
6  51.8966 -1.59792  -15.518 -0.624943 0.788722
7  51.3618 0.859651 -11.3013 -0.653173 0.54638
8  56.2335 -8.14901 -7.44966 -1.19495 0.904526
9  49.0999 -9.51172 -28.8306 0.372837 0.701812
10  50.2848  3.39867 -7.32915 -0.198161 0.508559
11  48.5101  1.61617 -3.37131 -1.07707 0.455959
12  46.5068 -2.56353 -1.87387 -1.45235 0.443812
13  46.5989 -9.93031 -15.3612 -0.364306 0.518162
14  50.1447 -1.57868  1.16982 -1.449 0.907323
15  45.9232  3.29578 0.183516 -0.395998 0.655731
16  50.2963  2.90369 -12.0759 -0.396666 0.606934
17  52.5473  1.44532 -19.2578 -0.47948 1.04732
18  57.0856 -8.93646  -10.833 2.63156 1.32217
19  48.9491 -11.1027 -20.8062 1.40573 1.55583
20  53.1752 -4.27608  2.68567 0.297677 0.64707
21    55.5651 -0.0817153    3.18154 -0.130408 0.633621
22 60.3095 0.86326 2.59082 -0.366455 0.490521
23 65.1203 1.66793 1.68637 -0.41911 0.555781
24  69.8523 0.983302 0.366162 -0.395982 0.651917
25  53.9882 -12.1175 -5.97025 -0.640143 0.840274
26 53.9176 3.91991 1.43758 -0.901484 0.865563
27  52.4754  1.51287 -23.9061 -1.24093 0.756698
28  74.4996 0.550861  1.15725 0.323263 0.730981
29   78.8892  -1.17632 0.0138575 0.722189 0.770727
30  82.8163 -1.59992 -2.66664 0.111856 0.839793
31  50.1909 -6.38949 -22.5952 1.27547 1.10274
32  59.6974 -2.13965  1.73449 0.680959 0.283707
33  82.5829 -4.45887 -6.64507 -0.146256 0.811974
34  54.6511 -6.05221  2.40445 -2.3049 0.312474
35  82.5877 -8.59656 -7.12903 1.87668 0.332599
36 55.5804 5.10556 3.48503 0.499563 1.11953
37  82.4469 -3.36665  -11.415 0.0805753 0.89929
38  48.6792 -6.30091  -1.8471 -2.80369 1.12354
39   47.7529   -10.727 -0.455019 -2.01829 1.10315
40  87.1027 -4.52334 -11.7538 -0.321879 0.729556
41  50.6349 -2.95099  -21.698 2.49881 0.762107
42    90.61 -7.46922 -10.0363 -0.00787621 0.718801
43  94.2316 -10.6044 -9.33641 -0.434917 0.768913
44  94.7669 -10.9632 -14.2085 -0.325613 0.621755
45  63.2462 -5.55108  1.90368 0.545704 0.37203
46  51.8406 -12.4554 -2.74824 2.65759 0.79848
47  46.9475 0.732099 -13.4909 1.35365 1.15252
48  59.858 2.64561 4.96216 -0.0972768 0.735811
49  46.3693 -10.3371 -21.3244 0.733877 0.668676
50  90.0947 -1.26233 -12.6749 0.920631 0.533466
51  61.0658 -7.91206 -6.54401 -1.00448 0.947693
52  93.6673  -10.631 -18.9744 -0.515426 0.51871
53  48.7166  -11.458 -30.8264 0.397295 0.0643134
54  50.8253 0.732603 -12.6541 -2.82292 0.679243
55  93.6671 -11.0751 -5.17702 1.70996 0.952525
56  49.6042 -5.75213  -5.5299 -0.167783 0.269322
57   51.638 -1.99099 -12.0912 2.90435 1.50596
58   94.828 -6.16541 -20.0254 -0.934465 0.903056
59   95.378 -6.93657 -11.2011 -2.14146 1.24853
60  61.8187 -9.81989   1.4121 1.93584 0.345965
61  48.4376  4.27522 -11.5834 -0.00102588 1.16672
62  90.5058 -12.4975 -11.7995 -0.61888 1.03186
63  49.8996  -10.877 -3.58234 0.462771 1.31518
64  63.6381 -6.09281  1.23876 2.86279 0.668445
65  64.9788   3.5472 -2.72063 -0.0592214 0.816756
66  93.5861 -7.11925 -2.26649 1.83016 0.808461
67  97.0727 -3.87646 -22.9982 0.918909 0.933462
68  55.1428  -11.529 -8.30186 -0.791586 1.28613
69  53.5537 -4.99565 -14.1879 2.83384 0.270422
70  49.3881 -6.79398  2.21333 1.23995 0.988162
71  91.0725 -11.4165 -11.9593 1.8959 0.0266298
72  66.0409 -11.2344  1.90231 0.904503 0.875272
73  80.8555 -6.51863 -6.22341 1.19357 0.87574
74  55.2269 -4.25251 -22.9191 2.69333 0.787837
75  97.3153 -12.0952 -21.8938 -0.337225 0.38614
76  96.0424 -9.18725  1.03045 1.06857 0.376555
77  98.4434 0.337339 -24.1539 -0.222792 0.81328
78  97.3329 -5.20985 -27.4931 1.76718 0.998023
79 93.7279 -7.7489  1.4719 2.65549 1.06303
80    56.27 -9.24705 -6.33621 -2.15651 1.20936
81  94.5082 -5.59771 -22.5856 0.49499 0.0434053
82  46.4392 -1.57271  3.74433 -0.0298231 0.862637
83  74.7544 -3.75511  1.58411 -1.61331 0.790692
84  90.2192 -6.58952 -24.0951 -0.288495 0.298745
85  45.0876  5.24129 0.407439 -1.31018 1.34831
86  94.4234 -3.94437  2.75941 -0.0427323 0.990031
87  96.8069 -12.5501   2.2704 -2.0633 1.25037
88  49.2034 -6.70864 -18.6552 -0.146359 0.894306
89  59.5275 -11.5548 -6.92906 0.989917 0.636703
90  52.6122 -4.50731 -12.7847 -0.0607817 1.12452
91  98.4151 -3.00577 0.772052 1.16588 1.11117
92  47.5886  -11.888 -7.34307 1.85048 1.28787
93  59.4206 -6.55639 -23.6807 2.38535 0.944446
94   45.3842  0.802271 -0.022901 0.760976 1.17523
95  88.0828  1.49891 -15.5938 -0.263226 0.19793
96   92.543 -12.3469  2.05807 1.13999 0.828769
97   61.064 -6.31626 -2.45208 -0.439425 1.17575
98 96.7358 1.43431 1.85776 0.82058 1.15701
99 64.5519  1.0457 1.83501 2.95121 1.39191
100 70.9249 2.13835 1.66118 -0.201765 0.42225
101  88.7676 -7.51429 -5.87253 -0.883842 0.25481
102  59.8097 -4.82213  2.84472 -3.05591 1.35144
103  89.7665 -13.3571  1.39504 -2.33935 1.26801
104  86.0941  -13.493 -1.87826 -2.36132 1.48198
105 98.7256  2.6941 -2.0462 -0.404049 1.05959
106  95.7684 -8.30282 -30.6245 1.12712 0.651555
107  94.7259 -7.99687 -2.77052 -3.0491 0.72377
108    81.96 -8.00015 -2.60257 -1.16063 1.32607
109  63.9602  3.94124 -4.73489 -2.52073 0.262511
110  53.9768 0.188794 -7.69828 -1.85103 0.842027
111  48.8483    4.347 -24.1997 -2.3656 0.718659
112  92.4533 -11.2446 -30.1687 -0.331825 0.477111
113  55.4944 -3.39028 -20.0479 1.99548 0.601627
114  55.9267 -9.53722 -10.3507 -2.47655 0.70295
115  95.0066  2.75364 -25.5446 -1.66993 0.536403
116  58.8497 -13.7001 -2.64494 1.18155 0.345293
117  82.9141  2.33817 -3.91227 -1.78517 0.13146
118  90.8056 -12.1864 0.987666 1.3947 0.0170012
119  100.036    4.777 -24.2476 -0.623731 0.830793
120  88.3873 -15.1067 -3.83856 1.75159 0.858985
121  67.4136  4.28881 -8.15055 -2.78435 0.135182
122  65.8138 -11.4139  1.04315 0.603011 0.871819
123     79.5 -11.1414 -8.68404 0.0980861 0.675573
124  44.3851 -12.0544 -28.9477 0.773349 0.863023
125  55.2178 0.979711 -9.17183 2.27555 0.951522
126  54.3401 -2.18742  2.34555 1.73762 0.59905
127  48.8454  4.79189 -2.74752 -2.3148 0.545031
128  96.5023 -12.9362   -6.709 2.87385 1.07056
129  59.3023 -11.7726 -11.8744 1.18777 0.176838
130  49.3443 -3.83828 -12.8904 -1.29982 1.46571
131  90.9781   2.1121 -26.7944 0.0794534 0.987698
132 71.5508 -4.5368  3.7239 1.11835 1.26587
133  98.0909 -6.44967 -13.7693 1.06565 0.75758
134  97.8614 -12.4136 -30.6913 0.333193 0.28564
135  64.9107 -4.00249  2.59876 -1.99459 0.561374
136   53.6882   2.09973 -0.853019 -1.09111 0.0109367
137  56.9852 -14.5047 -5.10029 2.91159 1.34112
138  49.8567  4.15288 -3.35166 0.0414446 1.00976
139  96.3623  -13.922 -9.55346 0.590327 0.545626
140  68.4491 -14.3031 -1.37037 1.75956 0.814474
141  79.7071 -2.41146 -3.85952 -1.96937 1.00026
142  82.2955   4.1108 -7.71079 0.281522 0.353241
143  52.3017  -14.308 0.911725 1.18598 0.0947499
144  71.4348 0.957818  4.24387 0.514823 0.265594
145  101.741 -4.25405 -22.5238 1.6967 1.03218
146  95.6622 -5.09559 -25.8519 0.536188 0.966676
147  48.5826 -5.37901 -7.06885 -0.00896931 0.830441
148  51.9758 -11.2063 -22.0924 -1.05917 1.24323
149  52.5734 -12.9696 -29.6683 1.82632 0.731603
150  48.3115 -5.25683 -22.8239 -2.08904 0.0836287
151  50.1432 -2.20645  4.37665 2.8482 0.77102
152  50.9003 -3.91391 -6.72289 0.892571 1.38848
153  55.4464  -4.0846 -22.0337 2.76049 0.408222
154   95.9421 -0.832179  -19.6278 1.38952 1.15624
155  71.5305 -5.10406  4.56631 -0.344184 0.615263
156  55.9512 -8.36123 -6.55155 2.77783 0.405326
157  60.6655 -2.48447 -5.26844 -0.609249 0.661982
158  84.4787  -12.019 -3.03295 -0.726779 1.13989
159 62.2357 2.13099 -8.8563 -2.20836 0.488746
160  70.4109 -1.08036 0.409353 0.850714 1.25949
161  50.1322 -12.3228 -17.8115 -2.88945 1.22392
162  96.5233 -13.3457 -6.72847 -0.529674 1.51568
163  87.5548 -10.8122  3.56481 1.43069 0.778937
164  69.8366 -11.1311 -4.43319 1.165 0.276425
165  48.8022  5.46381 -22.4422 -1.56411 0.58834
166  103.447  3.37906 -1.51316 -0.747586 1.31585
167  92.7829 -5.93442 -16.9331 1.98607 0.287897
168 97.4234 1.13296 3.94314 -1.0812 1.36676
169  99.2297 -6.69696 -17.8793 2.86354 1.14347
170  58.0187 0.449979 -21.1143 2.23185 1.21219
171  100.584  1.97635 -25.1105 -2.04643 1.40252
172  72.1991 -11.9498 0.685535 1.87942 1.0508
173  46.0818 -5.10449  4.71138 -0.00196648 1.15711
174  100.052 -14.9697  2.11856 0.488258 0.954912
175  51.2232  5.03361 -4.36665 -0.999742 0.30122
176    46.6423  -0.322009 0.00999745 0.48116 0.0862653
177  73.8914 -14.4206  3.90137 2.69854 0.0530567
178  47.1126 -14.1036 -14.1543 1.25074 0.256846
179  58.2156 -13.9434 -14.5557 0.55575 0.105742
180   67.2127  -13.6497 -0.887985 2.91493 1.22701
181  55.6222   1.1685 -11.8053 0.618988 0.971443
182  83.9404 0.201236 -3.68185 2.90011 0.75252
183   77.0634 0.0180305  -2.06558 -1.58426 1.46753
184  96.9971  4.41142 -6.19123 0.0570992 0.94517
185 65.3299 4.12895 4.70425 1.67811 1.44722
186  92.0952  -14.451 -33.5337 0.308417 0.102699
187  60.7005  4.37531 -12.6214 -1.81336 1.16083
188  95.5911 -4.46977 -3.35424 -1.26469 0.354794
189  93.9933  -10.403 -19.0931 0.337508 0.845828
190  86.8247  4.02038 -2.15456 -1.48876 1.01803
191  90.7633 -12.5112 -4.97076 -0.449394 1.187
192  96.1243  2.97382 -10.5909 -0.693335 0.826057
193  96.4217  5.47398 -10.7782 -3.0441 0.237732
194 68.3988 3.86053 2.24517 -1.82214 0.280688
195  102.691 -7.10468 -20.2198 -1.74158 1.2347
196  46.6456 -11.1368 -31.8735 -0.239047 0.123657
197  54.3135 -8.80887    -23.2 -0.052669 1.34786
198  59.5607 -5.18447 -24.3673 2.58599 1.01383
199   101.14 -5.18958  3.72901 0.055693 1.27402
200  56.2796  1.08322 -11.8642 1.66231 1.12595
201  78.5602 -11.1222 -1.42465 -0.718633 1.36202
202  88.4808  2.05535 -3.21135 -2.39395 0.342229
203  92.4459  1.78279 -16.6682 -1.34585 0.608312
204   54.476 -13.6922 -11.6221 -2.63424 1.26527
205  93.0883 -14.0013 -2.76536 0.663101 1.40024
206  46.0595  3.55137 -21.4026 -0.0575031 0.823782
207 44.1245 1.74825 -14.532 0.11418 1.08092
208  61.5362 -7.44371 -6.77365 0.352368 0.0889546
209    91.44 -3.98319 -18.4951 -0.479543 0.447052
210 59.7435  3.9174 2.82664 -2.66823 0.883198
211  104.722 -8.55048 -21.0262 -0.548114 1.52452
212  77.8467 -5.77312  3.56698 0.547808 1.05593
213  47.1079 -7.01059  2.68539 1.69382 0.181647
214 47.4834 2.44554 3.84902 0.51826 0.909294
215   58.7442 0.0487033  0.242094 2.45674 1.16557
216    91.49 -11.6354 -1.28623 2.68655 0.482627
217  45.3291 -7.03848 -6.70223 0.647237 0.395829
218  100.537 -1.98378  4.80539 -0.86526 1.04583
219  102.391  1.43287 -23.4016 -2.60482 0.678315
220  87.6031 -9.26181 -20.9385 -0.0498157 0.21885
221   68.956 -6.97817  3.40947 -3.05412 1.21737
222  76.5245 -14.9183   2.4531 0.0606473 1.04397
223    56.37 -13.7646 -13.1603 2.92803 0.345324
224  96.1193 -6.68083  -28.786 0.310097 0.840798
225   51.441  2.55187 -12.6903 -1.60913 1.01524
226  93.2408 -13.3475 -13.2399 1.23934 1.2945
227  57.5199  3.93107 -0.37221 -2.99644 0.616807
228 62.5076 3.94087   2.133 0.863709 1.24704
229  54.1239 -6.79973 -17.0658 -0.783241 1.4185
230   48.387 -11.8894 -18.7883 -0.0106332 0.794253
231  95.5078 -11.9937 -12.4298 2.6236 0.736037
232  93.2368 -11.8948 -20.7747 -1.11698 1.19232
233   57.719 -9.48566 -3.75783 1.75181 0.156466
234  78.3811  1.57261 -3.29803 -1.56359 0.0344652
235  103.502 -3.07505 -17.6689 -2.13434 1.32928
236  99.8877 -9.54212 -1.65722 1.70358 0.126117
237   44.2925  -4.96171 -0.236269 -1.14729 1.22085
238  104.036 -9.99468  -16.522 -1.95518 1.09448
239   48.9169  -4.41575 -0.764617 2.55563 0.799274
240  59.9647 -6.42736  3.66219 -0.807508 0.736094
241  90.1099 -6.08423 -8.54664 -1.77446 0.66718
242  49.8098 -15.3431 -22.5301 2.32573 1.10701
243  56.7599 -6.56761 -12.7665 1.44078 1.46448
244  49.0452 0.143857 -23.8552 -1.9123 0.22451
245  46.6877 -8.01096 -1.85156 0.296855 1.3964
246 93.4679 -1.5903  4.6593 1.3221 1.2428
247 93.3355 1.79638 -8.1594 1.90003 1.27288
248  73.8816 -8.39139 -4.81126 1.07689 0.487913
249  51.3233 -8.55573 -12.1244 1.90079 0.287933
250  45.5611 -15.5626  -20.456 1.83087 0.63629
251  85.1836 -11.2718 -9.49872 0.711887 0.91634
252  88.7589 -1.94207 -9.59062 -0.372042 0.652566
253   53.087 -6.43802  -23.418 0.876861 1.48957
254 52.6347 4.27783 -12.181 -1.99014 0.914197
255  95.7278 -8.99741  3.83049 2.9751 0.848831
256 57.8862 -8.4396 2.43353 1.65547 1.52795
257   54.251 -5.73731  1.46292 2.53669 0.271678
258 46.0065 2.78298 -5.1517 -1.54447 0.340645
259  102.603 -4.72814 -17.4418 -0.764161 1.55577
260  45.3895 -10.1946 -1.75938 1.69244 0.132754
261  66.8793  5.91434 -4.34371 -2.71262 1.03439
262  57.9489 -6.63483 -26.9203 1.94882 0.120038
263   84.604  2.82751 -18.6167 -0.821652 0.145586
264  103.884 -7.26901 -22.8578 -2.41546 1.49247
265  73.6547 -10.1168  3.00328 1.00274 0.211921
266 50.7612 1.04973 2.00336 2.99606 1.34384
267  69.0677 0.561241 -10.1221 -1.60002 0.361873
268  102.884 -1.25605 -22.5936 0.367953 1.24224
269  47.5153 -5.97078 -6.78693 -1.47965 1.40957
270  95.5812 0.338641 -6.76411 2.71383 1.44283
271  60.1087 -9.80819 -13.6543 2.49717 1.06563
272  76.1758 -12.4588  1.02818 -0.96609 1.26438
273  74.9321 -11.2003  3.53007 1.52955 1.44793
274  52.1278 -10.6428 -19.7564 -0.581244 1.03104
275  96.7399   2.9108 -14.6311 -2.66158 0.773673
276  56.1734  1.40582 -26.3381 -2.65996 0.457799
277  95.5349 -9.32299  3.42513 -1.5057 1.19123
278  61.6803 -14.9988 -3.20858 1.46333 0.157887
279   46.844 -6.86301  4.17127 -1.74832 0.46525
280  92.1242 -12.6537 -3.18344 2.07573 0.768535
281  99.4949 0.627483 -9.12852 -2.26808 0.479165
282  89.0766 -10.6465  3.00715 -0.747924 0.55429
283  59.5937  1.65005 -2.43915 -0.253821 1.43668
284  104.492 -12.9972 -22.9006 -0.128122 1.43779
285 87.3371 1.90095 1.91587 -1.39519 1.48669
286  52.7683   -5.955 0.662826 -1.06511 0.165979
287  73.4814 -3.28225  3.76086 -1.57124 1.30759
288  104.865 -15.7511 -20.7252 3.05908 1.48549
289  55.1631  4.25475 -5.52075 -1.03806 0.651801
290  69.1265 -9.42817 -8.92068 0.878033 0.119367
291  94.0247  1.59602 -3.97092 -1.62633 1.09074
292 90.8661 -4.4909 -3.9597 0.17707 1.43673
293 52.3392 2.37613 -4.7321 -0.100789 1.23206
294 61.4733 2.08916 1.57424 -2.86275 1.0322
295  74.0816 -6.81431 -2.68084 2.79725 0.664534
296  60.7263  2.31852 0.246526 2.93854 1.40265
297  104.783 -1.54736 -26.5731 -2.60937 0.580085
298  50.8021   -13.48 -13.5349 -0.0548605 0.826418
299  54.3843  -11.016 -26.4401 2.94016 0.652033
300  68.8046 -4.78336 -7.65229 0.359741 0.114535
301   47.6748 -0.790328  -19.3774 0.924157 0.676558
302  97.3236 -1.98954  -20.549 -0.507927 1.37183
303  46.4115 -6.61153 -33.2012 -1.02165 0.175517
304  51.7398 -11.7146  3.97082 0.325046 1.4943
305  98.5992 -1.82001 -7.44567 -1.29669 0.0480088
306  88.5411 0.198087  4.70129 -1.25752 1.5078
307   49.739 -5.84852 -23.2227 -2.44581 0.879706
308  62.4237 -5.03819   4.4333 0.693998 1.10583
309   98.1265 -0.528675  -27.2302 -1.02635 1.04986
310  100.723 0.766151 -27.0809 -2.30549 1.52895
311   47.298 -5.47659 -4.94325 1.0779 0.871237
312  51.7263 -11.0409 -5.22702 1.3739 0.161743
313  91.6577  4.73311 -2.28114 0.228584 1.40247
314  94.8059 -2.22992 -5.78677 -0.872467 0.244643
315  92.7105 -11.2914 -4.94224 -2.55993 1.1932
316   104.77 -9.95242 -11.7021 -1.80807 0.868741
317   88.879 -8.58768 -8.08543 -1.18229 1.00749
318  52.6065 -15.1633 -27.3199 1.61133 0.325898
319  47.1499 -15.2282 -12.7055 0.13038 1.08361
320   54.6314 -0.634767   4.53816 -2.89802 0.550014
321   72.8657 -0.764872  0.894547 -2.22711 1.54222
322   56.253 -14.0067 -7.47446 2.09142 1.46021
323  45.1961  5.93308 -2.08782 -0.4921 0.625095
324  68.8744 -12.8921 -11.4752 2.82926 0.233996
325 92.8898 3.10814 4.69604 1.81619 1.54667
326  73.0696 -5.96625 -8.50463 0.689338 0.297467
327  53.2817  4.16684 -16.0554 -0.488267 1.47312
328    70.637   2.21618 -0.616749 -0.288319 1.51041
329    54.96 -4.43876 -12.1369 -2.98276 0.157554
330 84.7425 1.19892 -5.6105 2.70763 0.646368
331  46.0578 -2.74431 -14.7054 1.22775 1.40426
332  53.6379  3.75598 -16.6867 -0.492795 1.36414
333 49.6667 2.54089 3.98837 0.319011 0.787333
334  94.8035 -5.81328 -16.7138 1.39743 0.0867795
335  74.6957 -10.9345 0.639543 2.32653 1.39368
336  65.1432 -10.5888   3.6047 -2.01574 1.31903
337  63.2817  3.62999 0.999466 0.701029 1.1899
338  50.6538 -4.61893 -6.51518 1.91244 1.22907
339  98.8537 -7.78025 -14.4858 -1.40679 0.438211
340  49.1371 -6.16905 -24.2478 -0.565856 1.51764
341  66.6036 -11.2172 -5.16359 -0.0657592 0.790527
342  60.8024 -15.3909 -12.4836 2.44231 0.353993
343    47.945 -0.530701  -27.5954 -0.143673 1.1428
344   101.925 -0.520225  -12.1773 0.0162442 1.0013
345  94.2099  3.30341 -15.7924 -0.987571 0.603033
346  50.0416 -5.73893 -15.2867 -0.203727 0.66599
347  48.2932  2.04568 -25.7953 -0.851313 1.05002
348  47.6021 -13.6658 -12.5758 -0.179397 0.606436
349  62.9533 -11.4114  4.64325 1.01763 0.696479
350  48.0852  1.29133 -3.76981 -1.77308 1.33905
351  56.7444 -11.1296   3.5819 -2.74003 0.812935
352  56.0105 -2.46572 -13.5682 -2.95094 0.0751784
353  95.5239  3.38353 -1.00858 1.97749 1.38398
354  52.1687 -2.79744 -16.0052 -2.69555 1.10774
355  56.8302  2.37475 -10.7647 -2.49665 0.401459
356  95.0525 -6.31482 -31.6039 0.255563 0.199436
357 77.8344 3.31629  3.4189 0.448728 0.944261
358  97.1921 -15.4463 -15.1112 1.68899 0.747043
359   54.872  5.06802 -8.07126 0.326383 1.29315
360  102.084  2.02324 -23.8921 -1.87007 0.383246
361    51.735 -0.119267  -13.2343 -2.02182 0.413562
362  57.4345 -7.89763  3.84695 0.304011 0.683677
363  92.7802 -8.34394 -22.5217 -0.000617414 0.0654359
364  54.4269 -6.96851 0.452871 -1.26302 0.81679
365   95.5793   5.31139 -0.647334 -1.41779 0.664849
366  51.9125   1.5798 0.521257 -2.31573 1.05888
367  81.4447 -9.47066 -0.20052 0.170237 0.548187
368  100.86 1.47048 -15.864 1.70989 1.33816
369  95.3091 -8.01956 -12.9074 2.40967 1.14327
370  85.8661  2.65569 -12.3132 -0.10341 0.19073
371  55.1192 -3.22792 -2.18108 -0.740297 1.41315
372  94.8036  2.53615 -24.8665 -0.056112 1.05048
373  88.3636  -5.9131 -2.32758 -0.554248 0.31529
374  81.9308 -4.99429  -3.3291 1.95534 0.870714
375  99.0341 -10.0778 -11.3049 1.07712 0.543461
376 73.8099 -3.6481 -4.0846 2.30133 1.40057
377  104.882  2.97746 -19.5856 -2.07094 0.709326
378  82.7617 -7.06689   2.7127 0.670196 0.0891512
379  83.7945 -5.54238 0.682614 0.828959 1.3182
380  90.8083  4.01435 -4.21784 -2.43092 1.19023
381  55.6796 -3.90981 -29.8357 2.47595 0.820521
382   92.4148 -0.659692  -1.38992 -2.44712 0.679083
383  48.2486 -1.48265 -7.83894 -0.762628 1.37329
384  94.1083 -9.41731 0.571302 -2.24387 1.52229
385  55.3041 0.992466 -13.0681 0.174511 1.36766
386  60.2866 -12.7761 -12.4372 2.90923 0.845638
387  86.7258 -8.80559   2.0162 -2.91436 1.03283
388  63.3517  2.76074 -7.60202 -1.06402 0.716364
389 90.1375  2.2523 1.87259 -2.39317 0.0280864
390  100.161   3.4538 -29.3872 -2.23915 0.350403
391  54.8145  1.03019 -14.6611 -1.90949 1.4003
392  91.6571  1.22526 -25.3666 0.770862 0.701527
393  102.577 -12.8586 -20.1185 1.81305 1.03006
394  64.1786  5.29504 -2.13768 -0.439991 0.613293
395  76.7039 -12.6306 -3.85918 2.24887 0.838155
396  97.1905 -8.53459  3.28832 1.77637 1.06475
397  94.8127 -4.11154 0.594255 -1.16134 1.51114
398   71.8261 -0.509368  -6.81937 -2.79915 0.176398
399  50.2495 -10.8426 -19.0641 -2.70358 1.08467
400   91.814 -12.4946 -8.61817 0.41975 1.30001
401  49.8264 -3.77698 -7.19779 0.846707 0.251478
402  86.1505 -5.41052 -9.02627 -0.868361 0.928205
403  101.442   1.9389 -20.7717 -2.38085 0.452832
404  85.7986 -2.84264 -6.50229 -1.05885 0.332639
405 45.6494 5.42747 4.03023 -0.99288 0.0673361
406  81.0314 -3.61283  1.61747 1.81264 0.595158
407  90.3321 -6.15877 -9.90614 -0.397963 0.952641
408  55.5394 -15.0341  1.32376 0.535586 1.30723
409  54.6659 -6.31966 -19.8636 -2.79038 1.41361
410  55.8834 -8.71431 -10.3615 -2.60441 0.112816
411  74.5112 -15.1391  -1.4416 1.80749 0.438219
412  91.1324 -8.06222   2.1934 -0.579571 0.839736
413  89.7461  4.78102 -1.20667 -2.32071 0.153699
414  47.8168 -2.60651  0.82601 -1.03091 0.447519
415  91.1637 -6.57579   1.5424 -0.300486 0.811784
416  57.7893 -2.87267  4.24883 2.15336 1.17308
417  98.8361  -8.7003 -12.9113 0.583682 1.50468
418  69.2238  1.22363 -1.51305 1.36722 1.30105
419  77.3473 -10.8011 0.403821 2.63618 0.90438
420  47.7625 -10.4846 -23.9234 -0.623358 1.45696
421 73.9379 -12.286 1.12563 0.0249241 1.42296
422  55.7409 -12.2451 -1.48876 -1.79558 1.51051
423  72.2862  1.35018 -5.34828 -0.276839 0.202311
424  97.7542 -13.8505 0.123227 2.04566 1.35106
425   99.5392 -0.950187  -19.1001 -2.81059 1.33939
426  95.111 -6.6522 -15.276 3.01271 1.31759
427  73.1837  -6.9983 -1.65531 2.50043 0.904882
428  80.4647  4.29823 -10.8675 -1.16074 0.503255
429  55.8727 -14.4006 -7.15057 1.45824 1.04274
430  46.0119 -6.99457 -18.0781 -1.65792 1.1867
431  70.1393 -4.13005 -8.41109 -1.58604 0.391653
432  46.7766  5.40174 -17.6195 -2.11249 0.952901
433  52.6773   5.6243 -3.07383 -2.66427 0.928139
434    104.2 -4.84074 -19.6313 1.41143 1.11949
435  50.6965  -14.128 -22.0188 0.163623 1.50485
436  99.2885  3.46584 -21.9715 -1.61296 1.51754
437  53.5849 0.219768 -30.2513 -2.93064 0.247024
438  97.5497 -4.97263 -22.1607 -1.3491 1.45278
439  101.415 -1.62528  1.02882 3.07497 0.701963
440  70.0396 -10.2426  -8.2308 0.4253 0.0183201
441  58.8966 -11.7586  1.59915 -2.50675 0.76132
442   45.4364   5.36851 -0.730963 -1.29114 1.44131
443  93.1528  1.58436 -8.61613 -1.95595 1.00317
444  65.1303 -14.4242  2.65281 0.379905 1.28916
445   61.103 -9.24274   4.9375 0.643271 1.37357
446  91.3352 -10.3599 -9.85802 -2.00977 1.46402
447 81.2978 3.69403  3.7965 -0.471186 0.156366
448  68.4904 -7.35989  1.77767 2.61054 1.33981
449  44.2134 -14.0034 -13.4234 0.817443 0.426753
450  51.6533  1.66131 -23.3145 -2.91613 1.08761
451  67.6841 -14.9939  1.05628 -1.24128 1.40225
452   51.424 -7.85605  2.86735 -1.20517 0.724615
453  52.5128 -7.12372 -7.76315 -2.51969 0.633511
454  51.3332 -11.5644 -11.7536 -0.294386 0.766578
455  84.9217 -6.78993 -14.2588 1.5739 0.0500947
456  50.9015 -10.4334 -11.4423 2.71184 0.528588
457  103.905  1.07652 -21.9807 -0.355066 1.44068
458  71.2307 -12.9207 0.831139 -0.240731 0.782609
459  90.7731 -15.6987  -4.0007 1.90864 0.840413
460  48.3032 0.673018 -26.5288 -0.69666 0.50331
461 68.8266 2.20522 1.38541 -2.15464 1.40482
462  67.4709 -14.9248 -2.51564 1.70729 0.451774
463  93.9051  5.56937 -21.7181 -1.44921 0.387675
464  92.4748 -10.2418 -23.3512 0.992633 0.22483
465 73.9739 -1.7175 2.93207 0.0602061 0.476369
466  65.5622   4.9789 -6.77838 -1.81648 0.562237
467  84.1824 -6.98075  4.85468 -0.744921 0.00159977
468  102.512 -4.61636  2.92951 -1.71966 1.39865
469   96.565 -14.2311 -13.9143 1.16079 0.247418
470  50.7183  4.59451 0.275073 0.295539 0.422394
471  94.5646 -7.35614 0.838192 2.75157 0.673376
472  53.1444  4.57195 -17.0051 0.0505229 1.37378
473  61.3059 -8.88264 -11.3445 1.16947 0.660179
474  63.6161 -6.00374  2.10422 1.36444 1.10924
475   59.384  3.36163 -9.20063 -0.272591 1.38737
476  81.0971 -3.35747  -3.2895 -1.89841 0.7222
477  53.6727 -6.95534 -11.5011 0.126972 0.979232
478  45.0924 -3.17155  4.91157 1.07718 0.577644
479   56.341  5.02168 -6.01593 -0.266193 1.16073
480  102.939 -1.69592 -25.6718 1.56175 1.365
481  62.9559  2.07846 -2.15358 1.10843 1.39595
482  57.5756 0.350964 -26.8345 -2.34655 0.872311
483  47.1744  2.27826 -10.3241 -1.29765 0.115222
484  50.7299  1.34232 -15.8432 2.79682 1.26047
485  51.3321 -14.3746 -23.4633 2.05968 1.30448
486  48.2434 -9.12626 -22.0629 1.43142 1.49717
487  86.7181   3.7474 -6.13813 -1.27956 0.514205
488 64.4687 1.17188 -6.7058 -2.5032 0.791921
489  54.4095 -5.28076 0.525439 -2.72821 0.363433
490  50.4945 -4.78979  3.20241 1.43511 1.14297
491    92.6598   0.935362 -0.0284939 -1.06502 1.43089
492   75.5879 -0.611003  -7.97948 -2.81333 0.553517
493  47.0089 -3.33104  -11.154 -2.7537 1.35543
494  56.2559 -6.62377  0.12368 -2.33516 0.930836
495  80.8912 -9.54011  1.88048 1.98552 0.141224
496  93.8257 0.417554 -1.53384 -2.19124 0.095505
497  74.6527 -1.25297 0.367004 -2.77265 1.05062
498  93.2407 -9.37476 -17.9418 -1.89716 1.29493
499    53.337  -13.0579 -0.370446 0.705423 0.810815
500  93.5388 -8.69796 -7.17213 0.877048 0.0402138
501  96.8159 -1.40714  4.53997 -2.80488 0.67343
502   60.591 -7.02339  -7.6618 -0.627713 1.1786
503  44.2551 -10.0197 -8.03553 0.444919 1.27493
504  69.8781 -1.19037 -6.24564 -2.37818 0.586955
505  47.7821  2.77137 -12.1088 0.452195 1.09294
506  86.3734   1.4065 -6.98038 -1.83296 0.0700637
507   76.3867  -13.1438 -0.346972 0.978175 0.150593
508  77.1091 -3.32166 -4.43602 2.5919 0.835796
509   49.781  4.00911 -5.67798 1.20619 1.31919
510  74.0211 -13.2565  2.94017 -2.03536 1.49818
511  50.9858 -3.78288 -18.3306 -0.345174 1.35979
512  92.2105 -5.09928  2.98243 2.81592 0.435171
513    91.384 -0.209541  -27.3644 -0.691402 0.400198
514 67.9376 3.18852 1.30605 -2.7705 1.2226
515   62.626  3.18057 -3.15796 -0.0604909 0.146885
516   76.008  3.72084 -4.56372 -1.91227 1.14189
517   55.0068 0.0739494  -3.05224 0.449671 0.232557
518  81.9059 0.106548 -12.2313 0.185408 0.0704877
519  99.5834 -5.88549  -18.858 2.8078 1.02704
520  97.9037   1.6143 -33.0633 -1.92318 0.0535434
521  91.9118  -10.327 -25.4745 -0.678934 0.472304
522 66.4151 2.47093 2.79051 1.3654 1.30069
523  91.5614 -3.65714 -33.7308 0.53261 0.294582
524   48.8058 -0.662443  -0.60908 -2.68823 1.44533
525  92.6342 -1.36233  4.99127 2.98841 1.07369
526 93.0562  -10.99 1.27727 -0.636468 0.962131
527  89.9925 -9.64455 -0.44629 -2.56342 0.780115
528  57.7255  4.02589 -6.59137 -1.20608 0.280498
529  101.587 -13.9667 -10.1951 1.33729 0.151176
530 62.3205 1.74665  4.9212 -2.44393 0.220469
531  60.1945 -11.9398 -6.66513 1.57474 1.04805
532  89.9733  3.16078 -4.32292 -1.06906 0.84442
533  45.1792 -5.53631 -7.98287 -0.731976 0.94309
534  91.2784 -4.24489 -15.2739 1.21056 0.274824
535  100.346   -10.92 -29.4733 1.42409 0.675998
536  95.8601  2.09667 -29.0594 -1.10607 0.217617
537  44.4137 0.868422 -3.02183 -1.06352 0.850909
538  49.8587 -10.7671 -7.17723 -0.0980503 1.44774
539  46.8526 -6.81736  1.33324 -1.4815 0.0489026
540  51.5852 -3.74455 -10.1573 -0.75229 1.2893
541  72.2718 -12.0236  4.57883 1.04957 0.186601
542  94.8186 -1.51216 -3.71035 -0.851251 0.601899
543  103.637 -13.2248  -20.351 0.892579 0.87692
544 95.0771 3.32588 3.77235 -0.954421 0.591249
545  52.3429 0.509655 -24.2129 -1.48027 0.623667
546  102.606 -5.74633 -14.2377 -1.5789 1.29558
547  56.9559 -6.84501  2.03056 1.7003 0.75701
548  96.0939 -12.8824 -11.1584 0.875822 1.407
549  61.1128 -12.2593 -7.06582 2.24033 0.435308
550  91.8555 -13.6695 -10.1474 0.973198 0.786471
551  67.776 -5.3438 1.52024 2.70398 0.868472
552  95.1647 0.860689 -28.7691 -0.368561 0.62504
553   77.2099  -2.41539 -0.599567 1.68182 1.49054
554  65.7892 -11.0665 -9.70436 -0.105147 0.128003
555  60.2668 -5.55426  -7.4821 -3.11929 1.11018
556  60.2752  2.16729 -4.79716 -2.05804 0.00237627
557  104.834 -4.46686 -13.3383 -2.16878 0.737108
558  92.9142  -14.188 -7.59431 0.717418 0.702801
559  45.4178 -3.65456 -26.2507 1.23703 0.39561
560  91.6774 -2.24827 0.962912 2.42091 1.38599
561  45.9097 -4.17682 -2.04814 -0.86622 1.36188
562  83.3044  3.26301 -3.11986 -0.124615 1.02126
563  81.1829 -2.81098 -11.6411 -1.12771 0.10394
564  53.7732  1.01803 -14.0798 -1.7763 0.045568
565  45.7537 -3.02132  -3.9092 -1.87165 0.771394
566   100.953 -0.867824  -14.0523 1.00097 1.1479
567  99.7978 -12.3603 -13.6269 1.45873 0.338851
568  101.703 -2.85989 -20.3991 -0.482452 1.08795
569  77.1353 0.805295  4.00292 0.734764 0.642674
570  66.7614 -11.6871 0.909234 1.51441 0.933081
571  88.9188 -12.1875 -1.23319 0.283917 0.182921
572  45.5178 -10.2303 -10.6671 1.57137 1.53449
573   92.345 -8.86321 -7.75014 -1.87583 1.40749
574  51.8272  3.16067 -6.41732 0.300278 0.568245
575  55.0949  2.40132 -19.3578 -1.50075 0.536695
576 95.4535 1.29793 -1.2057 -2.49598 1.32243
577  47.8823 -2.14112 -27.9614 -0.290643 0.477247
578  53.2831 -3.70649 -10.9883 -1.7733 0.528119
579  99.4016 -3.29911 -28.0287 -2.78452 1.2767
580  80.3283  4.13501 -11.8947 -0.647985 0.428552
581  55.1608 -15.1449 -6.65292 2.93894 0.701825
582  92.3661  5.18703 -2.57473 -2.05452 1.00207
583    49.2175 -0.0706878   -12.7537 -2.09368 0.677616
584  98.0568  -5.1931 -24.6276 0.125054 1.29583
585  44.7683 -3.49969 -22.8699 -0.653298 1.01697
586  50.7481 -13.5982 -5.27692 0.785356 0.503901
587  45.0077 -11.1123  -7.9231 0.787922 1.49121
588  50.3667 -4.21418 -14.9365 2.03557 0.20953
589  90.0525 -8.26272 -16.1138 1.37899 0.103403
590  85.9356 0.772969 -19.6462 -0.446978 0.0358451
591  54.3522  3.70734 -18.5563 -2.68438 0.907235
592  79.9925 -11.0891  1.50301 0.802635 0.516729
593  50.0353 -14.5056 -6.08569 3.10832 1.1925
594  103.849 -6.27001 -15.7577 -1.06611 1.17957
595  80.4538  3.40494 -1.16276 1.00136 1.08575
596    104.5 -8.99565  -23.172 -2.84998 0.286431
597  74.6496 -9.91026  2.60727 2.91303 0.416769
598   98.4089  -14.2471 -0.331356 -1.05171 1.39966
599  54.1074  5.68855 -13.6031 -0.515332 1.40023
600   97.092 -5.48721 -10.4187 -0.814651 0.313404
601   92.452 -11.9774 -4.33472 -1.62565 1.36464
602 75.4729 2.50599 3.35711 1.40879 1.18933
603    92.597  -15.0254 -0.184276 -3.11569 0.754082
604  103.643 -10.7692 -20.2874 3.11141 1.53885
605  101.515   4.7857 -7.84955 -2.0854 0.906755
606  83.4562 -11.8511  3.28775 -3.08627 1.56781
607  105.279 -14.1857 -8.68882 2.70244 1.04094
608  74.4234  5.13311 -5.28757 -0.808887 0.287295
609  70.0457 -12.6642   4.7269 -0.180932 0.789477
610  53.3276 -7.54507  3.82684 -0.237885 1.46178
611  48.1799 -13.9604 -17.2129 0.965836 1.27188
612  56.5661  2.98609 -13.3497 -1.66364 0.333206
613  94.3799 -8.27011  4.92071 1.03474 1.20099
614   58.599 -7.73521 0.499653 1.40169 1.17533
615  70.9233 -12.5345 -4.29473 1.53952 0.242771
616  45.3871  4.48699 -9.93196 0.0239618 0.946217
617  105.036 -12.2583  -7.2869 1.22756 1.25195
618  76.5459 -1.93061  2.93416 1.12243 0.648978
619  60.5014 -12.5187 -14.9601 2.73149 0.718946
620  52.5318   -14.41 -13.7019 2.63217 0.411393
621  73.3304  2.99994 -5.63837 -2.70362 0.339688
622  104.279  5.33694 -30.7349 -1.61848 0.144522
623  44.8618  2.55372 -26.1225 -0.730635 1.39892
624  70.6702 -9.58097 -7.40392 2.23083 0.47535
625  61.2757  -8.7869 -1.20828 0.767817 1.52548
626  61.4073 -9.02797 -3.29829 -0.268812 1.49555
627 65.6221 4.84587 3.58834 -0.882031 0.464217
628  95.7681 -12.6632  -18.675 1.98775 0.270805
629  47.4431 -13.4632   4.6657 -0.22859 1.11983
630 75.3715 2.93858  2.8938 -1.97335 1.4815
631  50.4214 -8.93854 -19.2602 0.644534 0.621479
632  66.8545 -8.55922  2.44175 -0.54244 0.107143
633 53.3329  4.9141 -22.081 -2.41735 0.20075
634  55.1979 -13.1342 0.904213 2.8717 0.100259
635  59.7634  -1.7422 -8.53764 -2.35505 0.693269
636  61.5366 -13.3082 -11.2408 1.90485 0.315082
637  85.7084 -7.05138 -7.48111 -2.1976 0.855311
638  48.5248 -6.44012 -21.9601 -1.23078 0.433565
639  83.1865 -5.42594 -11.5108 1.36168 0.249534
640  95.4509  3.17965 -25.0116 0.126654 0.571746
641  100.555  1.03555 -19.3553 -2.82304 0.476114
642  94.7702  -14.736 -6.53462 -0.0723055 0.352909
643  89.8454  -1.3867 -11.9614 0.526731 0.687262
644    44.657   5.60961 -0.334324 -1.56635 1.26688
645  92.7481 -7.35643  2.30278 2.18524 1.05061
646  90.6744 -2.14693  3.42433 -0.316138 0.914222
647   84.0397   5.72504 -0.488652 -2.14312 0.605827
648  86.2993  1.74773 -2.99069 -1.25215 0.449664
649  104.382 -11.2168 -15.6748 -1.98372 0.830747
650 100.735 3.46571 2.54824 -1.80772 1.36549
651  54.9834 -2.30295 -25.2027 -1.55465 0.419955
652  70.4424 -5.64676    2.509 2.43756 0.38056
653    49.356 -0.956109  -2.83876 0.842774 0.997976
654  90.4922 0.637128  3.67018 -1.40778 1.35059
655  99.5239  3.20065 -11.0958 2.30045 1.54683
656  56.1355 -12.1153 -5.41434 0.770999 1.35093
657  57.8909  4.09902 -5.05804 -3.06627 0.0775474
658   81.9408  -8.31517 -0.606676 -2.4279 0.91756
659  46.8122  5.55382 -16.9749 -2.30628 1.34888
660  61.6636 -6.26532 -8.77215 0.78143 1.02566
661  101.099 -1.50134  4.60956 -1.24917 0.696517
662  98.2601  4.21895 -11.2031 -3.05194 0.471764
663  94.3171 -2.21202   3.3606 -0.857416 0.121579
664  63.3403 -14.3107 -18.1199 1.97164 0.309502
665  48.1879 -3.51703 -5.46817 1.9521 1.37871
666  96.5367 -6.37151 -31.7179 0.69275 0.451838
667  101.429   5.0923 -12.2955 2.44386 1.17246
668   85.846 -15.6536  4.36284 -2.84299 0.664886
669  92.2548  -1.1065 -6.72544 -0.879901 0.427749
670  91.8415  2.02536 -2.20573 -2.87862 0.681117
671  60.8191 0.938124  -12.645 -2.76819 0.88647
672  94.8835 -12.3316 -27.1068 -0.0331376 1.24621
673  98.2253 -8.37687 -24.2632 1.1102 1.4221
674  53.4602  1.97757 -7.49424 -0.701894 0.928594
675  85.0064 -3.30749 -11.8664 -0.0117543 0.934771
676  92.4656 -0.32798 -1.24342 0.290146 1.48918
677   97.832 -2.14116   3.2283 1.17696 0.792733
678  65.0536 -14.6617 -5.00117 2.44107 1.04289
679  46.6389 -4.11973 -25.3696 1.28456 0.596165
680  47.6116 -14.1477 -18.6234 1.30315 0.692981
681  48.6023 -5.06673 -18.7548 2.14909 1.01733
682  67.2127 -1.55787 -8.00552 -1.30925 0.159933
683   51.941 -3.99033 -15.3185 1.4602 0.129544
684  69.9791 -8.55504  3.55397 -2.81183 0.462271
685  94.1423  2.77949 -4.16283 0.172562 0.959767
686  53.9543   4.7855 -16.6934 -1.80194 0.0453182
687  53.0753 -2.65998  2.70458 1.00592 0.119167
688  103.807 -7.19859 -11.8752 -1.15799 1.47261
689  52.3486 -4.28082 -30.3789 2.1934 0.655597
690  93.2425 -14.4831 -13.9391 1.29652 0.24377
691  50.8109  1.69339 -9.46706 2.02102 1.12854
692  45.2319 -4.92454 -13.2845 1.89637 1.14201
693  57.0209 -6.93982 -33.1978 2.8953 0.401643
694  59.6319 -1.12828 -8.46997 -1.2966 0.0528394
695  85.0855 -1.76517 -6.55233 -3.13745 0.550961
696  98.4819 -14.8889 -24.4006 2.37991 0.877168
697  47.1921 -9.22681 -27.5114 0.121512 0.806019
698  93.9514 -5.36431  3.39409 0.724541 1.0485
699  65.2645 -4.77207 -9.96783 -0.234794 0.101627
700 48.0753 4.71006 1.91315 -2.10706 0.882883
701  54.4364 -15.1737 -8.66865 0.239188 1.3316
702  52.3053 -2.99404 -19.6878 -3.04155 1.0098
703  60.9222 -2.04164  4.24824 -2.29138 0.519132
704  53.6734 0.638789 -5.50978 2.8983 1.1974
705 90.2472 4.04744 1.46001 -2.44851 0.344565
706  50.2124 -7.63934 0.702302 2.67621 0.96798
707  87.7033 -14.1715  3.14618 -2.66905 0.911485
708  105.259  1.93548 -27.4951 -2.51189 0.378232
709  98.6131 -4.84296 -3.76512 2.42527 1.3755
710   58.0155   2.36747 -0.889132 -2.92407 1.20993
711  89.8551 -7.37309 -7.51192 2.23576 0.526016
712  104.495 0.298321 -4.10995 -2.62616 0.684488
713  87.5745 -10.2871  1.56455 -0.994968 1.42839
714 72.7469 3.53361 2.20648 -3.07335 1.18719
715  53.4292 -3.07373  1.91186 -2.99655 1.1986
716 64.6168 4.98281 4.77303 -2.29656 0.744435
717   90.4345  -13.1102 -0.993362 -0.0255477 0.670486
718   46.5628 -0.917194  -24.6471 -2.18037 1.0823
719  64.9032  3.22058 -2.71164 -2.48035 0.693753
720  80.7095 -7.48787 -3.99262 2.78292 0.881509
721  96.5694 -15.2066 -6.42402 2.66459 1.32182
722 73.8633 0.77175 4.86967 -1.24371 0.34571
723  94.1152  1.91519 -9.78165 -0.570761 0.807017
724  62.0951 -6.81187  3.15386 1.75291 0.90747
725  88.6876 -2.17566  3.51169 -0.0951497 1.21358
726  48.3685 -10.3412  2.82316 2.53154 1.399
727  60.1646 -5.25192 -3.08156 2.11392 1.19416
728  102.746  3.90349 -16.6103 2.60478 0.994695
729  47.0716 -9.83407 -15.4532 -0.607831 0.0570078
730  51.3033 -13.7507 -4.33856 -0.476687 1.19138
731  93.9624 -2.58959 -3.67191 1.52261 0.606433
732  83.3028 -8.64673  2.18439 1.8724 1.48581
733  85.9464 -8.17123 -7.50077 1.68052 1.52656
734  95.8193 -14.4589 -7.69798 2.4178 0.618478
735  51.2874 -1.82938 -12.4083 -0.959589 1.34641
736   52.6519 -0.632516  -8.93795 2.3628 1.1707
737  81.4623 -9.64469 -6.27553 -2.15036 1.42579
738  76.4554 -8.24625  3.44088 0.463495 0.350615
739  44.1662 -2.92504 -22.3966 -1.60761 1.56634
740  93.7577 -5.38996 -2.76762 -0.897908 0.0920725
741  47.0182 -5.92397 -3.11538 -1.7418 0.85876
742   64.107 -11.6367 -19.7721 2.51719 0.139549
743  93.1111 -13.6626 -11.7904 2.72008 0.668235
744  48.0754 -10.5631 -10.9715 1.20406 1.49821
745  51.3823 -5.90773  -11.734 1.1931 0.182569
746  98.4638 -6.65923 -22.6607 -0.37953 0.8338
747  80.2679  -9.3773 -5.30664 2.94557 1.0378
748   52.213 -10.6021 -10.9026 0.780315 0.803844
749  63.1793 -3.41126 -8.43321 2.25633 0.278101
750  49.2825 -7.55357 -4.41786 0.72973 0.0885786
751   49.7661 -0.883844  -9.45517 0.646766 1.31689
752   103.422 -0.885022  -14.1787 2.15265 1.15693
753  88.1315 -6.60042  1.43924 1.31668 1.33641
754 93.2491 5.40339 3.99897 -1.09463 0.421177
755  99.9882  2.46235 -3.80794 -2.29347 1.24635
756  98.9481  4.99557 -23.5716 -0.123883 1.00356
757  100.805  5.44763 -20.1576 -0.781724 0.686425
758  96.1185 -8.68838 -13.7562 1.42554 1.11295
759  83.4546 -5.50958  4.15532 -0.627021 0.731433
760  49.1686  3.19886 -4.12208 0.0362316 1.25264
761 65.7461 2.88628 4.59171 2.79731 0.619917
762  64.3925 -6.06921 -7.86374 -2.41557 0.39671
763    48.443 0.0994431  -9.42243 -0.152985 0.314253
764  48.6482 -14.6342  0.76772 0.94346 0.88565
765  70.6991  5.52045 -3.33726 -2.89886 0.619167
766   99.453 -10.4776 -17.1986 2.09953 0.567902
767  84.9823 -4.58678  1.40819 0.873675 0.960911
768  46.4544 -9.72558 -21.3426 0.937674 0.142209
769  51.2656   2.3269 -20.8893 -1.91569 0.482867
770  97.5471  5.11929 -24.0985 -1.10856 0.592979
771   55.9737  -12.7578 -0.534909 0.152372 0.268424
772  51.5544 -14.9077 -14.4788 0.508242 0.0712124
773  53.0093 -1.52431 0.843713 -2.56543 0.562266
774  75.6132 -1.04729 -2.28974 -1.62726 0.764545
775  98.8967 -15.9536 -13.6257 1.76847 0.740719
776  98.5173  1.36572 -22.6916 -0.614694 0.808035
777   67.751 -6.05426 0.397737 2.33923 0.669489
778  85.3955 -6.32073 -7.61891 -2.48861 0.513698
779   72.545 -5.09768   1.4542 -0.326372 1.51052
780  76.8136 -6.31161 -8.56216 1.25021 0.370046
781  68.1916 -6.23403  3.54181 1.01036 0.331627
782 96.7429 2.36098 1.54943 -2.48386 0.230612
783  105.194  5.86118 -7.13945 -3.01992 0.0949782
784  54.5824  3.30216 -7.19636 -0.455064 0.861338
785  49.3862 -13.4025 -6.41778 1.64891 0.530526
786  65.0901  4.41647 -4.42881 -0.88055 0.830111
787  102.363 -15.4298 -10.4136 2.16926 0.52602
788  62.9416   1.6899 -16.8826 -3.01858 0.532725
789  67.4523  3.92304 0.348751 -1.14217 0.431776
790  67.3399  -14.021 -1.19802 1.31684 1.24548
791  50.7301 -15.0873 -10.3351 -0.0127048 0.227876
792  46.3964 -5.17905 -5.24689 1.96617 0.627922
793   73.6219   3.78911 -0.017792 0.209121 0.720813
794  67.3216 -4.83131 0.279772 -2.35615 1.07785
795  48.8216 -15.6009 -27.3555 1.64124 0.149769
796  93.7215 -3.72056  1.53948 -3.08152 0.765896
797   55.386 -2.82282 -7.59897 2.91358 1.26309
798  81.7037 -3.57208  1.50146 -1.39318 0.550529
799  47.2867 -4.99549 -16.6396 -0.099438 0.885852
800  63.6796  -14.897 -5.81453 2.20236 0.532561
801  48.6957  5.32861 -25.5039 -1.6089 0.470172
802   88.117 -12.3541 -2.57956 1.62308 1.56779
803   48.3068 -0.970355   1.49622 3.11234 0.982047
804  62.4928 -11.7826 0.731195 -3.12517 1.22544
805  58.3979 -2.39604 -6.98722 2.24802 1.3293
806   96.5769 -0.583048   -20.581 1.12037 0.0183765
807  51.8917 -6.00853 -16.0515 0.583458 0.422161
808  88.2609 -11.2914 -14.1616 1.79564 0.0718918
809  51.4151 -9.12148  1.51093 1.85742 1.38638
810   69.5084 -0.532088  -4.16048 2.90984 0.665352
811  102.017 -10.4447 -23.0917 1.07301 1.27634
812  60.8684 -1.94026 -4.83749 -0.596474 0.881946
813  51.3631 -3.22484 -15.0957 -1.00791 0.879547
814  75.7903 -3.54374 -1.34642 -2.91986 0.828886
815  91.5397 -9.13328 -23.4895 -0.74397 0.725761
816  85.2079  -5.4359 -8.84118 0.530378 0.769505
817  56.6001 -1.45949 -1.78481 -0.335537 0.653874
818   83.0771  -7.72192 -0.371712 2.32568 0.772872
819  83.1885 0.994183 -3.23793 -0.529825 1.0072
820 65.2521 -7.1945 2.70934 1.03553 0.235626
821  55.4686 -13.2788 -22.5053 2.33314 0.947501
822  99.1431  1.98879 -12.9116 -2.8416 0.722357
823  65.4813 -2.70078 -5.82139 2.92972 0.972136
824  59.6798 -1.66864 -14.5892 -1.82783 0.65043
825  46.3726 -1.01024 -17.2956 0.403102 0.656673
826    99.45 -13.0339 -1.31118 2.16271 1.49295
827  90.6743 -8.04621  2.94563 -2.58667 0.949734
828   51.284 -8.37308 -20.5618 0.93219 0.704322
829  88.6041 -13.1208   3.6412 1.4864 1.20642
830  52.4489 -3.39939 -4.82032 -0.478117 0.148905
831  94.1886    5.623 -3.32369 -0.0816557 1.03268
832 102.873 4.59062 4.42379 1.96369 1.51027
833   53.1102 -0.660254  -12.4183 2.79465 1.29144
834   54.974 -8.46665 -8.81597 -2.44996 1.02967
835    48.7043   -13.7002 -0.0528003 2.50426 1.50461
836    55.8463 -0.0351774   -2.51254 -2.51634 1.12797
837    89.152 -0.990392   4.00293 -1.36281 0.675977
838 93.9294 -4.0773 3.75384 -1.43634 0.795193
839  96.9151  1.80685 -5.38947 -1.66939 1.46668
840   99.1944 0.0727618   -17.499 2.58982 1.50001
841  72.9726 0.713335  1.07071 -1.79802 1.45197
842  56.6612 -3.21527 -8.70109 0.151075 0.255972
843  49.5476 -6.59684  4.42693 3.11569 0.944095
844   96.296  1.88851 -1.02115 -1.65053 0.52125
845  48.2317 -11.2985 -8.62765 2.56359 1.35416
846   73.8475 0.0166525   1.35988 2.65413 1.33528
847  92.1479 -8.78551 -13.1802 0.0461351 0.243298
848  88.018 5.08498  1.0941 -0.556415 0.015744
849  60.8598 -10.9861 -3.26684 -1.50459 1.33198
850  101.522 -1.33176 -12.9973 1.95385 1.11335
851 100.335 4.92607 -6.1332 -2.655 1.56966
852  67.0135  1.19596 -10.3669 -3.13847 1.04712
853   47.845  5.41452 -15.3168 -1.35439 0.0871816
854  55.8881 -13.3199 -9.15078 2.12895 0.510612
855  53.5825 -13.0905  4.92881 2.54687 0.617144
856  80.0329 -6.40512 -5.04725 1.46473 1.00105
857   95.4326 0.0660858  -2.89632 -1.36934 0.352311
858  52.4675  -11.649 -24.7546 2.59132 0.742338
859  103.143 -2.32432 -10.7471 2.99309 0.183107
860  78.3942  5.16134 0.417547 -1.94493 1.01208
861  54.6707 -6.43266  3.67821 0.126655 0.148482
862  49.1928 -6.63149  2.33234 1.94311 0.632056
863 64.6609 4.44947  -7.386 -2.67112 0.426992
864  93.9858  -10.223 -6.55079 -1.00017 1.43217
865  50.2622  -13.675 -4.66791 1.65336 1.56814
866  103.741 -7.60063 -14.3137 -2.64183 1.19794
867  70.9503  5.38885 0.120059 0.283976 1.54895
868  49.2141 -9.09705 -7.06548 -2.04308 0.704404
869  99.8537 -12.5068 -10.8861 0.515167 1.24646
870  67.1874  1.39446 -9.51626 -3.09386 0.493788
871   56.8605  -2.93234 -0.768727 -1.95556 1.31337
872  73.6908 -14.0693  3.08308 1.10376 0.670927
873  57.5623  1.30221 -3.28799 0.616798 1.54036
874  80.0597  2.63765 -4.42571 -1.71221 0.953635
875  65.3166 -12.6909   1.7985 1.08247 0.115096
876  102.745  -3.1092 -2.67936 2.69512 1.01702
877  101.648 -6.97785  -13.021 1.851 0.865005
878   78.576 0.504618 -9.61566 -0.0290366 0.167608
879  48.0083    4.819 -17.3366 -1.19506 0.360005
880   94.052 -9.07243 -9.06686 2.04596 0.20378
881  48.8363  3.88896 -20.0843 -2.47356 1.47566
882  88.9087   -4.819 -17.9452 0.636622 0.386824
883  97.8562 -12.1468  0.55797 -0.696085 1.39208
884  101.665 -4.87687  -9.6988 -1.83259 0.814734
885   81.591  3.64573 -5.39958 -0.249398 0.123086
886  58.5853 -12.0841  2.14325 -0.981803 1.32039
887  45.9469  3.86977 -1.58446 0.381729 0.541322
888  68.0259 -3.65463  3.41871 -2.96681 0.516694
889  45.5365  2.08242 -16.4677 1.13355 1.21187
890  102.979 -1.35087 -14.1135 -0.943363 1.37075
891 55.9241 -6.6552 2.24409 -2.30224 0.544094
892  52.7324  1.44989 -6.98437 2.0074 0.993713
893  50.5498 -11.2365 -16.7747 -1.8307 0.99019
894  60.0847 -14.4965 -14.7248 1.90425 0.0847042
895  96.2055 -10.7045 -7.40137 -0.705682 1.15648
896  84.3221   4.1802 -4.05804 -0.696216 0.723558
897 87.3726 4.78132 1.71662 -2.40494 0.991585
898  76.0474 -4.83062 -7.29302 1.69825 0.382724
899  99.7451 -15.5913 -17.8661 -0.0370151 1.07289
900 97.0743 5.75732 -17.367 -2.07229 0.919434
901   89.576 -6.97482  2.68124 2.97926 1.37379
902  98.6876 -14.2866 -23.4302 1.10441 0.641637
903  46.6768 -4.84026 -6.88605 0.237113 1.34157
904  93.4675 -8.27557 -3.18739 3.05875 1.16678
905  48.0347 -5.38029 -5.19337 -0.525266 0.817603
906  94.5737 -7.38024 -9.67454 -0.463677 0.375642
907  85.6062 -15.8912 -9.74103 0.654662 1.01069
908  44.7783 -3.23603 -25.1118 -0.0078707 1.05171
909  58.7974 -13.0439  2.63311 1.14983 1.45765
910  94.7323  -8.8822 -17.7365 1.12505 0.608099
911 51.6279 -9.0768 1.19676 -0.159913 1.22921
912  58.3302  1.74703 -3.35441 -2.73864 0.443843
913 90.5671 -1.2692 2.60452 1.84596 0.717026
914  76.2724 -8.92988 -4.00538 -2.23817 0.158506
915  51.3973 -11.5341  1.89579 2.55011 0.0574623
916  85.9171 -3.81866 -5.19926 0.631684 1.56982
917   77.4077  -1.16922 -0.626043 -1.3168 0.954099
918  48.2382 -8.86647 -25.5465 0.323182 0.530812
919  97.6506 -3.55747 -21.5169 -0.198352 0.242856
920   57.3711    2.2413 -0.224655 -0.274103 1.24106
921  91.8612 -9.10704 -13.2977 -0.572609 1.37032
922  95.7314 0.557799  4.48842 -0.563019 0.800946
923  103.628 -8.15171 -8.10619 -0.0109696 1.52265
924  89.9467 -13.5902 -20.5853 1.27073 0.112734
925  46.8672 -2.67226 -19.2437 1.98142 1.02602
926  63.9256 -1.22351 -4.83137 1.35195 0.866311
927  102.341  -14.286 -13.0063 0.815459 1.55736
928  102.779 -14.3158 -16.8048 1.6195 0.76532
929  85.9489 -4.62925 -3.65014 -0.646347 1.31677
930  101.745 -10.6556 -18.6934 1.22634 0.114854
931  94.6729 -9.17516  2.28683 0.0496698 0.19876
932 100.723 -15.603 1.65182 0.596019 1.29574
933  104.539 0.795591 -29.0615 -1.95136 0.778385
934  98.9914 -1.23465 -9.65153 -0.275329 0.811176
935  46.4024 -5.58662 -15.1004 -0.509652 1.05983
936  60.8738 -3.23658 -4.30057 2.25719 1.11395
937  72.8925 -13.4004  1.56718 0.216912 0.146868
938  57.3601 -7.75176  -21.411 -1.92647 0.120049
939  51.1386  5.90694 -8.56067 -1.83312 1.36956
940  55.7011 -8.64633  -11.538 -0.106703 0.673221
941  64.7129  -10.358 -19.4866 2.91213 0.374516
942  79.6244  -4.4106 -3.47308 -2.41208 0.0241222
943  82.1608 -8.17332 -9.26376 1.74689 0.368559
944  98.7135 -1.17133 -1.70976 -1.90434 1.07759
945  78.8586 0.103211   2.0487 2.7359 1.43798
946   90.202 -2.19645  -2.9595 3.03774 1.07025
947  104.482 -7.62435 -12.2607 -2.75976 0.807329
948  53.3032 -8.36327 -17.3324 -1.99791 1.09174
949   46.9295 -0.097558  -10.4191 1.61746 1.14797
950  45.5161 -8.38972 -18.5442 1.92718 0.330078
951 84.1667  -7.329 -9.0377 -0.252195 0.0542325
952  52.8613  5.38521 -8.54991 -2.75541 0.87504
953    91.8771 -0.0404237    2.17537 -2.95872 0.7705
954  63.1888 -1.47206  4.13776 0.717713 0.883812
955   102.57 -7.38213 -27.6783 1.97732 1.47819
956  59.8315  0.50681 -3.12956 -2.80527 0.0766583
957  45.8015 -4.40601  2.79573 0.692434 1.09243
958  59.7981 -10.3663 -4.90678 0.638812 1.21719
959 95.5152 5.85176    1.83 -0.534445 1.49013
960  101.288 -4.65759 -8.83126 2.55804 1.20647
961  89.1205  1.94093 -4.86049 -1.9425 0.339812
962  89.6818  2.38236 -1.53125 0.448901 1.22385
963  76.7954  1.34278 -2.72018 0.347447 1.43785
964  93.4117  1.65636 -7.22183 1.01718 1.49069
965   62.279 0.994808 -5.88394 -1.92364 0.272335
966     99.4 -12.6216 -18.5619 1.97079 1.20588
967  48.1392 -4.35369 -18.6693 0.184489 0.667041
968  54.8931  -12.944 -25.5759 1.53012 0.243416
969  50.0552 -8.22107 -15.3808 1.16514 0.638432
970  75.7973 -6.82003 -9.57137 2.87204 0.194922
971 49.5491 4.80448 2.02766 -1.7091 0.0934993
972   52.741 -4.14589 -16.2066 0.526262 1.53043
973  62.1131 -6.96685 -7.43471 -1.96313 0.634725
974  90.1821 -5.96874  -8.3614 -0.823407 1.35246
975  59.4333 -4.70567 -17.7492 2.42909 0.274665
976  65.0253 -13.5632  1.67569 1.82933 0.575818
977  90.7014  2.31076 -23.0183 -0.967865 0.136575
978  93.3642 -15.4277 -12.9094 0.0851266 0.646943
979  101.048 -3.77738  3.29206 1.07865 1.19424
980  47.7001 -4.87131 -27.4288 -1.39618 0.203702
981  70.6303 -8.40438  1.51083 1.22402 1.25165
982  51.0991 -13.9874 -12.2236 1.08238 1.39851
983   52.8949  0.834498 -0.963628 -1.5268 0.0948989
984   87.6713 -0.827335   2.73647 -0.883894 0.90246
985  77.6686 -13.6649 0.913633 0.834813 1.53603
986    60.2033 -0.0208202   -17.1932 -1.54063 0.289811
987  97.4471 -9.74581 -7.95729 2.9236 0.904716
988  56.3035  -13.926 -8.04108 0.444727 0.715779
989  52.7766 -13.8197 -32.3762 2.26778 0.327868
990   103.07 -10.4405 -21.0322 1.51616 0.33012
991  77.8889 -3.22686 -7.46361 -0.637558 0.516961
992  100.928 -5.46164 -9.18823 -1.47352 0.161685
993  74.9411 -2.59895 -12.3899 -2.83556 0.21806
994  82.9477 -13.8812 -5.79796 2.436 0.30782
995     68.1891 -0.00887475     2.64367 1.85948 0.979997
996  102.291 -5.11896  4.84894 -3.11124 1.52058
997  90.4233 -11.9278  4.84834 1.21719 0.249001
998  64.3428 -13.5785  2.81232 0.441297 0.617955
999  52.9523 -1.28526 -12.2274 -0.292403 0.757237
1000  52.3875 -9.20862 -23.4681 2.59212 0.741297
1001  67.0888 0.517842 0.733822 0.253941 0.431222
1002  85.4145 -3.39378  -3.5588 0.926993 0.05965
1003  72.7421 -7.54281  2.22785 -0.0579699 1.37256
1004   91.4536  -12.4203 -0.655317 0.0340992 0.358558
1005  68.0517 -13.4079 -10.6706 2.61075 0.782269
1006  105.154 0.438092  -20.779 -1.55172 1.10615
1007  45.3121 -6.24957 -15.7836 -1.21717 0.0971849
1008  51.1023 -11.0507 -17.7701 2.65183 0.333778
1009    67.474  -11.2905 -0.350637 2.55165 1.18764
1010  81.3358 -8.69147 -5.35291 -0.114885 0.789479
1011   46.624 -4.11684 -13.0079 0.69455 1.13112
1012   51.137 -10.9276  4.99466 0.573103 0.66727
1013  92.6515 -11.3316 -9.62737 0.186441 0.80335
1014   87.9169  -5.43463 -0.411099 1.909 0.111631
1015 54.8528 -7.3684 -4.9184 1.0241 0.555227
1016  63.3991 -13.1873 -4.70112 2.76211 1.25244
1017  91.8029  4.55923 -7.47692 -2.34322 0.813087
1018  77.2999 -5.81143  -5.8026 2.32865 0.34007
