0 2.58464 -0.18377 -2.67397 0.438863 0.849683 
1 2.52245 -0.216961 -2.60597 0.457064 0.840961 
2 2.47259 -0.224244 -2.53464 0.409464 0.851358 
3 2.46121 -0.230814 -2.51069 0.333162 0.792777 
4 2.37414 -0.19667 -2.49745 0.30051 0.789414 
5 2.30994 -0.151574 -2.44595 0.310914 0.822331 
6 2.2982 -0.145284 -2.3492 0.289818 0.826525 
7 2.2555 -0.157006 -2.30904 0.343782 0.76724 
8 2.27585 -0.160455 -2.28812 0.356584 0.672515 
9 2.22114 -0.0824196 -2.27505 0.363113 0.645988 
10 2.20085 -0.0369428 -2.23994 0.306811 0.590149 
11 2.17144 -0.0370818 -2.15467 0.266248 0.604929 
12 2.1305 -0.01016 -2.0779 0.271883 0.564018 
13 2.05633 -0.0214377 -2.06019 0.224226 0.606281 
14 2.05787 0.0605263 -2.01424 0.234404 0.63891 
15 2.02045 0.0598646 -1.92894 0.26647 0.656082 
16 1.97829 0.0916009 -1.89367 0.203635 0.611101 
17 1.89812 0.0451021 -1.86346 0.191893 0.592133 
18 1.8176 0.049826 -1.83521 0.186088 0.540527 
19 1.83097 0.0926187 -1.78739 0.219043 0.472572 
20 1.79549 0.110325 -1.72885 0.238402 0.404561 
21 1.81528 0.137049 -1.66617 0.276703 0.345413 
22 1.73946 0.0287399 -1.819 0.209645 0.591822 
23 1.85137 0.162725 -1.58146 0.265556 0.372575 
24 1.66029 -0.0197127 -1.7931 0.219418 0.566956 
25 1.81247 0.150296 -1.50123 0.283805 0.412112 
26 1.80248 0.147323 -1.42155 0.229684 0.38735 
27 1.5842 -0.0591522 -1.80608 0.267184 0.581274 
28 1.7539 0.132556 -1.37566 0.1935 0.324048 
29 1.69164 0.0971415 -1.3268 0.163909 0.283977 
30 1.65275 0.0330769 -1.27546 0.172239 0.243011 
31 1.65654 0.0282992 -1.20755 0.100514 0.228629 
32 1.67895 -0.0285021 -1.13593 0.0787916 0.254503 
33 1.52266 -0.0241033 -1.81193 0.214042 0.627387 
34 1.60231 0.0777844 -1.17645 0.133404 0.178025 
35 1.54125 0.0815811 -1.19778 0.179337 0.11726 
36 1.53005 0.103539 -1.15668 0.121653 0.051105 
37 1.61107 -0.0610772 -1.07952 0.0875045 0.287265 
38 1.6837 -0.0924479 -1.12918 0.0254283 0.199774 
39 1.57416 0.0663324 -1.17857 0.261804 0.0783431 
40 1.81088 0.171458 -1.35623 0.273969 0.443201 
41 1.51107 0.0858977 -1.19646 0.0557964 -0.00728322 
42 1.61086 -0.076215 -1.00374 0.148926 0.303266 
43 1.43274 0.0375795 -1.17185 0.0805327 -0.0249449 
44 1.81713 0.226483 -1.30144 0.334009 0.461254 
45 1.35401 0.0254777 -1.1157 0.0641839 -0.0095932 
46 1.54416 -0.113255 -0.959994 0.16837 0.346717 
47 1.67598 -0.0859851 -1.07939 -0.05878 0.217915 
48 1.50841 -0.0949766 -0.933854 0.226677 0.412327 
49 1.51743 0.170403 -1.19951 0.0450189 -0.0591762 
50 1.47582 -0.184137 -0.923059 0.221726 0.441439 
51 1.32546 0.0492667 -1.06457 0.00775527 -0.0627006 
52 1.44011 -0.165573 -0.8593 0.264381 0.491388 
53 1.28731 0.0496004 -0.984254 -0.029292 -0.0895664 
54 1.229 0.0844952 -0.920587 -0.0350956 -0.125554 
55 2.58934 -0.115233 -2.68214 0.499047 0.809786 
56 1.35621 -0.164482 -0.812804 0.292153 0.496609 
57 1.26163 0.116257 -0.844359 0.00320766 -0.151015 
58 1.81078 0.190974 -1.70587 0.305554 0.277125 
59 1.78759 0.306457 -1.25862 0.336091 0.491152 
60 1.83281 0.392444 -1.24419 0.319092 0.483166 
61 1.31244 -0.226025 -0.826764 0.355337 0.486146 
62 1.31972 0.155742 -0.801041 -0.00817015 -0.206343 
63 1.34776 -0.112182 -0.751198 0.341817 0.527129 
64 1.33855 0.201582 -0.824024 -0.0130833 -0.28996 
65 1.20045 0.167737 -0.788221 0.0126416 -0.1319 
66 1.34556 0.193672 -0.781837 0.0410649 -0.361908 
67 1.2967 0.199762 -0.708183 0.0749412 -0.393592 
68 1.51974 -0.0314582 -1.79408 0.274245 0.70481 
69 1.33438 0.134925 -0.645575 0.0652687 -0.412658 
70 1.12868 0.217189 -0.75301 -0.0156987 -0.112892 
71 1.38111 -0.171524 -0.690322 0.345521 0.567712 
72 1.21855 0.196366 -0.683962 0.0584786 -0.448567 
73 1.36601 0.0541383 -0.631424 0.0895478 -0.453687 
74 1.85063 0.44301 -1.1748 0.323723 0.531008 
75 1.89166 0.489439 -1.1506 0.366376 0.592297 
76 1.40052 0.0814815 -0.548372 0.0929824 -0.487624 
77 1.13788 0.171565 -0.641009 0.0906236 -0.448578 
78 1.30489 -0.196951 -0.658783 0.303806 0.596174 
79 1.05397 0.155587 -0.590189 0.0802598 -0.452331 
80 1.00701 0.195185 -0.532981 0.0300729 -0.473186 
81 1.31917 -0.21622 -0.610378 0.247628 0.658831 
82 1.8318 0.222434 -1.71256 0.370097 0.211111 
83 1.83459 0.535151 -1.15862 0.361483 0.659864 
84 1.00285 0.257888 -0.462551 0.0350528 -0.505833 
85 1.23026 -0.215882 -0.612122 0.26499 0.701143 
86 0.982301 0.310572 -0.449926 0.0962936 -0.559613 
87 0.934235 0.223678 -0.41179 0.00263574 -0.483598 
88 1.84975 0.588653 -1.11316 0.315697 0.712256 
89 1.17716 -0.250051 -0.592037 0.333354 0.731728 
90 1.10749 0.266911 -0.767848 -0.0969917 -0.128706 
91 1.17354 -0.278815 -0.517774 0.289082 0.772771 
92 0.900422 0.227851 -0.334502 0.0078242 -0.536878 
93 1.78669 0.656161 -1.15095 0.320432 0.716274 
94 0.918922 0.308263 -0.462304 0.172484 -0.564051 
95 1.2095 -0.331401 -0.4801 0.225198 0.793779 
96 1.17199 -0.401514 -0.432439 0.262499 0.789987 
97 1.44796 0.136625 -0.495342 0.11117 -0.527199 
98 2.47454 -0.279939 -2.61719 0.516531 0.849709 
99 2.02682 0.138048 -2.05656 0.241387 0.67335 
100 0.831497 0.246274 -0.275966 0.0462824 -0.53898 
101 0.940793 0.373465 -0.458523 0.235151 -0.600503 
102 0.877081 0.342002 -0.454685 0.302584 -0.620226 
103 0.809976 0.300003 -0.207501 0.0534654 -0.582696 
104 1.14776 -0.450134 -0.354733 0.237118 0.770838 
105 0.783687 0.264552 -0.171078 -0.0284364 -0.58688 
106 1.45139 0.077403 -0.497227 0.1692 -0.582966 
107 1.73247 0.709899 -1.10036 0.339958 0.751372 
108 0.746946 0.281492 -0.090537 -0.0165727 -0.545221 
109 0.739048 0.370597 -0.0473088 -0.0183127 -0.533986 
110 0.647759 0.389401 -0.0117905 -0.0239603 -0.529575 
111 2.54056 -0.0636415 -2.69552 0.568181 0.810007 
112 1.15696 -0.484951 -0.281648 0.183517 0.792941 
113 1.70394 -0.105614 -1.11133 -0.141811 0.187598 
114 1.0547 0.260595 -0.817067 -0.153297 -0.168456 
115 0.790936 0.38595 0.00885276 -0.0567228 -0.583407 
116 1.18475 -0.477639 -0.202852 0.237936 0.794985 
117 0.843684 0.390192 -0.426101 0.359886 -0.669842 
118 0.965523 0.466693 -0.463193 0.221535 -0.622636 
119 1.47987 0.101022 -0.42194 0.0678732 -0.505944 
120 1.11979 -0.507934 -0.176396 0.289947 0.83317 
121 0.807065 0.312174 -0.444739 0.384731 -0.709938 
122 1.48991 0.0350967 -0.445621 0.221286 -0.619713 
123 1.84591 0.227574 -1.7365 0.45151 0.160384 
124 1.87626 0.195187 -1.76471 0.463513 0.0761816 
125 0.597645 0.362874 0.040925 -0.0802582 -0.500652 
126 0.545441 0.353915 0.116922 -0.090053 -0.464278 
127 1.75587 -0.148868 -1.11857 -0.207538 0.220145 
128 1.86917 0.243063 -1.7876 0.500924 0.000458446 
129 0.641993 0.483364 -0.0333123 -0.0498567 -0.527635 
130 0.511144 0.415318 0.175435 -0.0992416 -0.424971 
131 0.46007 0.422895 0.215904 -0.0341817 -0.386715 
132 0.552948 0.438173 0.223904 -0.172487 -0.428951 
133 0.749831 0.353024 -0.458039 0.437244 -0.755995 
134 0.579287 0.483498 0.292238 -0.136659 -0.464989 
135 0.556982 0.492757 0.351368 -0.204457 -0.501374 
136 1.15424 -0.49722 -0.0961912 0.291454 0.880746 
137 0.501212 0.528971 0.382461 -0.171432 -0.56071 
138 1.75083 -0.228478 -1.16563 -0.205065 0.182519 
139 1.71979 0.707535 -1.11387 0.433585 0.78112 
140 2.4705 -0.288988 -2.51519 0.254792 0.811947 
141 0.531176 0.482176 0.410867 -0.186168 -0.637446 
142 0.399594 0.361586 0.236224 0.0107615 -0.374423 
143 1.71829 0.773013 -1.07266 0.27729 0.717888 
144 1.13836 -0.55355 -0.0378974 0.345718 0.895981 
145 1.7636 -0.315709 -1.17376 -0.251543 0.181433 
146 0.480021 0.612566 0.367642 -0.140288 -0.597767 
147 1.76414 0.704997 -1.09661 0.508052 0.827842 
148 0.40949 0.647633 0.315519 -0.172351 -0.604894 
149 1.7963 -0.351697 -1.21919 -0.32566 0.172562 
150 0.472284 0.454327 0.471299 -0.199945 -0.681199 
151 0.442818 0.663141 0.432915 -0.0981008 -0.601985 
152 1.80433 -0.301224 -1.26395 -0.39899 0.169883 
153 1.5333 -0.00332587 -0.386892 0.230728 -0.675415 
154 0.391785 0.420108 0.462064 -0.199534 -0.728775 
155 1.82982 -0.324302 -1.2833 -0.42597 0.0820456 
156 0.687735 0.385145 -0.497781 0.496261 -0.748936 
157 1.10859 -0.269668 -0.626076 0.387302 0.760795 
158 0.363806 0.33884 0.478381 -0.24483 -0.745943 
159 2.5005 -0.292633 -2.59467 0.592704 0.903144 
160 1.56008 0.0303785 -0.341002 0.305071 -0.698083 
161 0.403328 0.319441 0.54129 -0.308707 -0.741047 
162 0.322024 0.31441 0.537484 -0.201505 -0.793768 
163 1.73039 0.808113 -1.02876 0.196379 0.730053 
164 1.148 -0.587979 -0.0562077 0.42731 0.937566 
165 0.413262 0.269905 0.596778 -0.361965 -0.701904 
166 0.646687 0.38237 -0.481433 0.584844 -0.735034 
167 0.419595 0.707779 0.451482 -0.0150275 -0.587078 
168 1.60755 0.0352069 -0.273519 0.257531 -0.728228 
169 0.389425 0.773841 0.434742 0.0488034 -0.606341 
170 0.343793 0.379126 0.265274 0.0579707 -0.315211 
171 1.07277 -0.591923 -0.0628137 0.43817 1.00209 
172 0.342679 0.336589 0.3141 0.132996 -0.328499 
173 0.329944 0.689743 0.286426 -0.187428 -0.633626 
174 0.345591 0.806662 0.465484 0.108013 -0.656843 
175 1.72305 0.874742 -0.982553 0.180417 0.78588 
176 1.67361 0.942864 -0.997559 0.173916 0.837331 
177 1.06226 -0.652785 0.00763224 0.460711 1.02883 
178 1.51363 -0.0930581 -0.354206 0.233135 -0.697484 
179 0.270351 0.806162 0.471227 0.17302 -0.647912 
180 1.77613 0.774876 -1.12091 0.57425 0.828742 
181 1.83565 -0.340052 -1.32387 -0.500642 0.03208 
182 0.71111 0.425281 -0.545251 0.497212 -0.823691 
183 1.83449 0.280468 -1.83762 0.566702 0.0243096 
184 0.464404 0.206063 0.623549 -0.398435 -0.666379 
185 1.03728 -0.621519 -0.00574041 0.466318 1.11931 
186 1.66633 0.990572 -0.925522 0.173954 0.887149 
187 1.68611 1.04155 -0.961963 0.123205 0.942885 
188 0.383028 0.85488 0.53126 0.144988 -0.680923 
189 1.08983 -0.731183 -0.0392359 0.488735 1.01827 
190 0.503523 0.234127 0.665512 -0.448399 -0.724901 
191 1.53696 -0.150484 -0.353994 0.188251 -0.761851 
192 1.79382 0.797092 -1.04543 0.633376 0.829301 
193 0.417956 0.172935 0.685522 -0.403014 -0.61268 
194 0.207199 0.858746 0.48576 0.14967 -0.598008 
195 1.01304 -0.665867 0.0122235 0.388275 1.15144 
196 0.373738 0.190594 0.731801 -0.423461 -0.540756 
197 0.695615 0.477893 -0.603823 0.460623 -0.870834 
198 1.84916 -0.295895 -1.31637 -0.57024 -0.0223966 
199 0.322061 0.303294 0.3734 0.202133 -0.341531 
200 0.379726 0.144359 0.777836 -0.475958 -0.48643 
201 0.34547 0.151031 0.843069 -0.538094 -0.512236 
202 1.71779 1.09887 -1.00247 0.073584 0.982984 
203 0.970112 -0.562533 -6.18475e-06 0.486651 1.15885 
204 0.271288 0.722514 0.242109 -0.233574 -0.596314 
205 0.147508 0.884286 0.513828 0.205865 -0.640893 
206 1.83263 0.780655 -1.00806 0.702274 0.874909 
207 1.60137 1.05894 -0.991221 0.146195 0.976543 
208 1.01852 -0.670015 0.089204 0.34992 1.202 
209 0.879291 -0.532742 -0.00498092 0.51008 1.17589 
210 0.223319 0.747382 0.181672 -0.268761 -0.643108 
211 0.115553 0.869046 0.572581 0.276087 -0.659959 
212 0.628724 0.32535 -0.473981 0.64569 -0.683379 
213 0.275756 0.143726 0.864611 -0.604602 -0.498116 
214 1.72007 1.18194 -0.985953 0.0726809 0.929881 
215 0.0404084 0.91205 0.546496 0.318719 -0.657493 
216 0.574625 0.295947 -0.437849 0.709809 -0.711519 
217 0.014665 0.976173 0.617555 0.306616 -0.652049 
218 1.74024 1.13218 -1.04995 0.0057973 1.02219 
219 0.318393 0.0778418 0.893016 -0.654353 -0.474464 
220 0.244654 0.799965 0.205052 -0.347656 -0.640156 
221 1.1373 -0.773579 -0.0279386 0.547827 1.06655 
222 0.375876 0.0184803 0.915815 -0.681449 -0.518257 
223 0.321243 0.123707 0.872151 -0.733265 -0.439454 
224 1.53157 1.11069 -1.03259 0.121731 0.988358 
225 1.18407 -0.823506 -0.0540767 0.609872 1.03849 
226 1.18049 -0.899161 -0.0625144 0.601532 0.974286 
227 0.553802 0.253805 0.666956 -0.518046 -0.772144 
228 1.45746 1.15707 -1.07559 0.0993993 0.991175 
229 1.03823 -0.726168 0.15238 0.364056 1.24961 
230 1.06459 0.321046 -0.859316 -0.202782 -0.213334 
231 1.88139 0.847716 -0.956414 0.706041 0.853843 
232 1.04867 -0.739826 0.208803 0.292479 1.287 
233 1.11351 -0.741682 0.262166 0.305219 1.33975 
234 0.178645 0.830786 0.206961 -0.370357 -0.704762 
235 1.55741 -0.210698 -0.317215 0.146749 -0.815525 
236 1.86618 0.895014 -0.946637 0.770978 0.910582 
237 0.109771 0.836087 0.167464 -0.394657 -0.649285 
238 1.10247 -0.727436 0.352342 0.308717 1.37888 
239 1.05812 -0.678312 0.396733 0.267288 1.42284 
240 0.595781 0.316776 -0.439269 0.803243 -0.731183 
241 1.75549 1.22728 -0.921006 0.0229716 0.93055 
242 1.77393 1.30213 -0.955835 0.043369 0.979828 
243 1.54259 -0.223946 -0.306021 0.0797796 -0.886198 
244 1.80745 1.34044 -0.881276 0.0274695 1.01979 
245 0.00434065 1.0167 0.624399 0.377158 -0.595233 
246 0.0444139 1.03381 0.702757 0.369463 -0.551621 
247 0.0617846 1.06485 0.759314 0.361368 -0.477655 
248 0.546014 0.25901 -0.451549 0.865902 -0.720719 
249 0.00760685 1.04059 0.799813 0.415988 -0.434607 
250 1.00637 -0.547538 -0.0203315 0.541349 1.22996 
251 1.58141 -0.135619 -0.383438 0.258799 -0.651873 
252 1.13044 -0.927302 -0.0271865 0.64874 0.917485 
253 1.37378 1.16467 -1.10724 0.089588 1.0341 
254 0.03495 1.11467 0.804883 0.29325 -0.468686 
255 1.08048 -0.698344 0.473876 0.312026 1.4567 
256 2.57573 0.025168 -2.69748 0.590153 0.829732 
257 1.33396 1.19526 -1.0768 0.122818 1.10791 
258 0.0184611 1.17113 0.86742 0.271943 -0.51533 
259 0.563652 0.277206 -0.413155 0.952277 -0.70015 
260 1.00828 -0.689419 0.515025 0.36297 1.47715 
261 1.59556 -0.288386 -0.328214 0.185103 -0.845813 
262 0.505975 0.317378 -0.451261 1.01032 -0.684716 
263 1.92392 -0.328859 -1.34067 -0.597339 -0.0671083 
264 1.87222 0.335987 -1.84415 0.585405 -0.0471161 
265 1.78564 1.35552 -0.828408 -0.0441464 1.05685 
266 0.971785 -0.650069 0.580523 0.32382 1.51316 
267 0.411933 0.906844 0.548921 0.155888 -0.758599 
268 1.2576 1.21343 -1.06917 0.0897167 1.15973 
269 1.66304 -0.292876 -0.289254 0.232673 -0.886378 
270 0.976644 -0.636221 0.651271 0.376415 1.55803 
271 1.20563 1.23647 -1.12301 0.0772321 1.22067 
272 0.690859 0.563644 -0.608524 0.479623 -0.918174 
273 0.299521 0.257227 0.590185 -0.170611 -0.843687 
274 0.943712 -0.595572 0.724797 0.419447 1.56031 
275 0.994563 -0.570791 0.782586 0.371173 1.59392 
276 1.89934 0.865819 -0.980612 0.806907 0.985435 
277 0.559895 0.296525 0.723247 -0.525323 -0.84226 
278 1.69057 -0.361175 -0.293365 0.300098 -0.882619 
279 1.74521 1.07944 -1.07205 -0.0221719 1.09915 
280 1.72703 -0.430671 -0.31204 0.357767 -0.86971 
281 0.969014 -0.515546 0.840593 0.414949 1.62577 
282 0.913563 -0.556237 0.903969 0.44878 1.61536 
283 1.72335 1.03418 -1.10354 -0.0938474 1.13582 
284 1.75038 -0.500261 -0.266595 0.316023 -0.898071 
285 0.0600068 1.24851 0.858139 0.318075 -0.506816 
286 0.597217 0.251925 0.786554 -0.493803 -0.882469 
287 0.603903 0.32641 -0.37428 0.997606 -0.749067 
288 0.648274 0.291075 0.842182 -0.522031 -0.926844 
289 1.13181 1.2646 -1.13121 0.0250296 1.25176 
290 0.694205 0.228841 0.887007 -0.550878 -0.961136 
291 0.674252 0.229842 0.958678 -0.489836 -0.988302 
292 0.597048 0.365602 -0.340652 1.04686 -0.818783 
293 0.844476 -0.607957 0.930164 0.471799 1.57881 
294 0.459546 0.969003 0.535988 0.145133 -0.818484 
295 0.0670864 1.28552 0.860173 0.392881 -0.561406 
296 1.82261 1.40536 -0.778897 -0.102061 1.03832 
297 0.661159 0.415157 -0.36061 1.09915 -0.836134 
298 1.07975 1.32761 -1.16168 0.0722954 1.23925 
299 0.894659 -0.484252 0.954208 0.489282 1.63258 
300 0.64739 0.592825 -0.668337 0.45461 -0.973452 
301 1.21995 -0.955569 -0.118206 0.641324 0.998275 
302 0.732982 0.28688 0.915933 -0.599829 -1.00467 
303 0.0950216 1.33677 0.868637 0.469764 -0.58612 
304 1.88476 0.432315 -1.85864 0.599003 -0.0601114 
305 2.48985 -0.316609 -2.62855 0.534049 0.76035 
306 1.83244 1.47497 -0.732918 -0.0882141 0.985857 
307 1.80168 1.47741 -0.658647 -0.131553 1.02652 
308 0.795859 0.21933 0.930714 -0.629033 -1.02497 
309 1.83977 1.52556 -0.610859 -0.190988 1.00616 
310 0.781643 -0.652013 0.938688 0.529709 1.55264 
311 0.733157 0.345467 0.96712 -0.615426 -1.06553 
312 0.11832 1.39631 0.835895 0.533994 -0.559385 
313 0.094856 1.45 0.813007 0.611519 -0.553723 
314 0.0106057 1.27773 0.903834 0.322614 -0.439014 
315 1.86624 1.49319 -0.585482 -0.277801 0.997683 
316 1.94475 0.193803 -1.76634 0.524906 -0.0284374 
317 0.58886 0.315663 -0.311246 1.07899 -0.893225 
318 0.768606 -0.737855 0.966801 0.502884 1.58348 
319 1.85118 1.58999 -0.623946 -0.219953 1.07477 
320 1.1129 -0.738759 0.499497 0.232699 1.47585 
321 0.989361 1.34806 -1.1459 0.0506276 1.26559 
322 0.873036 -0.450583 1.03256 0.459315 1.66949 
323 1.28515 -1.00721 -0.0887539 0.688352 0.999995 
324 0.917177 1.34116 -1.17433 0.10778 1.29142 
325 0.139169 1.4995 0.78375 0.673036 -0.584475 
326 0.800629 -0.385929 1.01342 0.467387 1.68155 
327 0.755426 -0.373346 1.09762 0.493923 1.67945 
328 1.82752 1.49453 -0.571593 -0.368167 0.985853 
329 1.76044 1.04363 -1.15578 -0.169394 1.14577 
330 0.867487 1.32113 -1.22785 0.0525326 1.32626 
331 1.92817 1.44629 -0.59404 -0.293469 0.937296 
332 0.902378 1.29536 -1.11171 0.121342 1.35124 
333 0.6745 -0.346779 1.12966 0.534782 1.68643 
334 0.648708 0.393337 -0.375026 1.19372 -0.821334 
335 1.34901 -1.05524 -0.138964 0.660979 1.01858 
336 1.7475 -0.42196 -1.23083 -0.36154 0.208049 
337 0.833688 1.28707 -1.27672 0.122992 1.34481 
338 0.598313 0.409257 -0.439198 1.24672 -0.838033 
339 0.636001 -0.297217 1.17824 0.594138 1.69979 
340 0.765211 -0.805389 1.02718 0.477178 1.61696 
341 0.619258 0.674167 -0.701465 0.4877 -0.953459 
342 0.745995 1.25678 -1.30748 0.13782 1.32976 
343 0.673969 0.716188 -0.738114 0.491553 -1.01577 
344 0.686465 0.710152 -0.76915 0.41928 -1.07594 
345 0.596333 -0.299779 1.22739 0.65007 1.64616 
346 1.74525 -0.445382 -0.310043 0.452768 -0.890271 
347 0.599216 0.260552 -0.253374 1.10037 -0.948447 
348 2.50942 -0.281799 -2.58282 0.691 0.902418 
349 1.96711 0.141234 -1.81168 0.551961 -0.0912756 
350 0.518117 0.395515 -0.45617 1.28517 -0.878208 
351 0.506869 -0.283888 1.20654 0.614024 1.64928 
352 0.842736 1.37182 -1.25188 0.00423742 1.26375 
353 0.31523 0.189408 0.897901 -0.803833 -0.437363 
354 0.32364 -0.0177515 0.988156 -0.66469 -0.539344 
355 0.877301 0.201899 0.929208 -0.674052 -1.05713 
356 0.109448 1.54493 0.811007 0.716187 -0.651169 
357 0.42833 -0.240828 1.21851 0.650545 1.67164 
358 0.0870497 1.59603 0.879294 0.76148 -0.664321 
359 0.0602902 1.62489 0.964608 0.730403 -0.678685 
360 0.919138 0.140617 0.948288 -0.733892 -1.08057 
361 1.95046 -0.331635 -1.38214 -0.5877 -0.153568 
362 0.0464266 1.49385 0.803023 0.625636 -0.480011 
363 0.741433 0.413474 1.01846 -0.665655 -1.07768 
364 1.78847 -0.453053 -0.226548 0.485532 -0.885037 
365 0.343255 -0.233808 1.22458 0.598828 1.67045 
366 1.3437 -1.10764 -0.183617 0.599548 1.05677 
367 1.0061 -0.467377 0.86985 0.376078 1.56302 
368 0.825477 1.34833 -1.22962 -0.0776096 1.30797 
369 0.740195 0.480267 1.03637 -0.720625 -1.12453 
370 0.274094 -0.230897 1.20022 0.65882 1.70232 
371 0.953613 -0.413338 0.854944 0.345593 1.50669 
372 0.561446 0.230082 -0.19672 1.16139 -0.975135 
373 0.33908 -0.0927584 1.0354 -0.624752 -0.556906 
374 0.776397 1.35872 -1.27262 -0.152638 1.30573 
375 1.84775 1.38973 -0.93259 0.0555388 1.07004 
376 1.7996 -0.521327 -0.20094 0.519774 -0.94323 
377 0.728411 0.710756 -0.838581 0.383274 -1.12202 
378 1.81327 -0.565265 -0.170446 0.504634 -1.02523 
379 0.707573 0.49421 1.11913 -0.761652 -1.11012 
380 0.77981 0.777286 -0.829786 0.369895 -1.17375 
381 0.72176 0.810663 -0.892583 0.38087 -1.21186 
382 1.78725 -0.561933 -0.243167 0.251154 -0.907026 
383 0.153777 1.63895 0.881508 0.786715 -0.719666 
384 0.666333 1.2294 -1.34495 0.131993 1.36806 
385 1.93615 0.896743 -0.932337 0.849497 1.04497 
386 0.958151 -0.506533 0.962817 0.550594 1.67306 
387 0.241634 -0.225728 1.2585 0.716333 1.65524 
388 0.764606 0.513835 1.15816 -0.828575 -1.09113 
389 0.716167 1.31867 -1.29937 -0.208618 1.33604 
390 0.025683 1.60909 0.876319 0.839228 -0.661174 
391 1.93347 0.881471 -0.95295 0.725406 0.777938 
392 1.80777 -0.647467 -0.216298 0.535262 -1.01211 
393 0.673192 1.37225 -1.34076 -0.247727 1.29088 
394 0.362224 -0.153591 1.10171 -0.660447 -0.547312 
395 0.269543 0.244122 0.917825 -0.849145 -0.387675 
396 1.77349 1.0286 -1.12239 -0.247685 1.19435 
397 1.78252 1.48928 -0.614505 -0.076047 1.09332 
398 0.692635 -0.85771 1.00754 0.507723 1.59096 
399 1.40269 -1.10689 -0.0722987 0.660378 1.01611 
400 0.547335 0.156088 -0.186736 1.226 -0.982295 
401 1.78098 1.5322 -0.516806 -0.426018 0.994072 
402 0.61176 1.40096 -1.38535 -0.298682 1.26229 
403 0.998751 -0.46981 0.987436 0.602604 1.73383 
404 0.00955838 1.31233 0.946328 0.272955 -0.371711 
405 0.232961 -0.160243 1.22318 0.782437 1.65963 
406 0.794726 0.539012 1.2424 -0.855625 -1.06603 
407 0.576386 1.23191 -1.36142 0.153159 1.40247 
408 1.83611 1.51316 -0.563349 -0.021797 1.06174 
409 0.302555 -0.261565 1.25877 0.525961 1.70354 
410 0.81743 0.576302 1.3187 -0.813169 -1.04435 
411 1.76185 1.5656 -0.45889 -0.489289 1.02814 
412 2.55473 -0.199189 -2.71633 0.415793 0.930557 
413 1.06976 -0.516387 1.01424 0.639927 1.75984 
414 1.83646 -0.686135 -0.160127 0.574637 -1.06666 
415 0.833961 0.810803 -0.836263 0.307367 -1.21839 
416 1.88954 1.41544 -1.00053 0.0760934 1.12058 
417 1.82016 -0.725897 -0.219564 0.642226 -1.05944 
418 1.14253 -0.740967 0.539122 0.153996 1.51263 
419 1.12913 -0.485146 1.07193 0.674181 1.72826 
420 0.58602 0.153867 -0.124476 1.26492 -1.03804 
421 1.34383 -1.1076 -0.223833 0.662273 1.12347 
422 0.546012 0.732582 -0.70718 0.522103 -0.950937 
423 1.82666 -0.680639 -0.0899033 0.591204 -1.13499 
424 1.99284 0.102584 -1.8345 0.620128 -0.143014 
425 2.03439 0.0454648 -1.85023 0.640009 -0.209106 
426 1.7975 1.54077 -0.375329 -0.512713 1.00403 
427 0.608135 0.453365 -0.396385 1.31493 -0.799654 
428 1.96797 -0.278774 -1.35607 -0.663327 -0.0361285 
429 1.19205 -0.731432 0.551931 0.0838392 1.46394 
430 0.829384 0.599352 1.36199 -0.884016 -1.09368 
431 1.94226 0.932438 -0.922079 0.941535 1.03437 
432 0.035799 1.64113 1.01991 0.77046 -0.745565 
433 1.50433 -0.278127 -0.349465 0.0653964 -0.945411 
434 0.665245 0.506638 -0.382357 1.34798 -0.850757 
435 0.223987 1.62847 0.936012 0.816061 -0.753262 
436 0.918311 1.39599 -1.12952 0.156182 1.24003 
437 1.80194 1.50987 -0.304908 -0.547812 1.05727 
438 0.200399 0.913501 0.206722 -0.408579 -0.739748 
439 0.890163 0.877899 -0.874424 0.282926 -1.20148 
440 0.878623 0.60434 1.40026 -0.824062 -1.14359 
441 0.814913 -0.858276 1.09182 0.488295 1.5962 
442 1.4117 -1.0882 -0.263355 0.704013 1.16487 
443 1.13203 -0.508042 1.10837 0.746803 1.67473 
444 1.47253 -1.12754 -0.256719 0.771941 1.17457 
445 1.17837 -0.788003 0.53508 0.0070273 1.48464 
446 0.295339 1.65532 0.981554 0.815201 -0.799228 
447 1.81686 -0.780632 -0.259081 0.710554 -1.08706 
448 1.13991 -0.578489 1.09947 0.806209 1.7117 
449 1.71864 1.62802 -0.438776 -0.47152 1.08745 
450 0.171121 -0.132721 1.2668 0.841723 1.65888 
451 0.54369 0.175099 -0.0808989 1.34133 -1.03348 
452 0.243625 0.295943 0.943975 -0.898556 -0.328366 
453 0.842369 0.593167 1.40578 -0.823035 -1.23594 
454 1.14466 -0.610099 1.156 0.872032 1.74979 
455 1.07777 -0.418188 0.902876 0.341041 1.55183 
456 0.51134 0.106781 -0.0817916 1.38408 -1.08306 
457 0.935903 0.0662185 1.0041 -0.728252 -1.11277 
458 0.970582 0.0145663 1.06068 -0.781706 -1.12116 
459 0.253223 0.955421 0.182115 -0.477751 -0.731868 
460 0.825056 0.670921 1.38308 -0.870465 -1.26577 
461 0.263407 1.0338 0.216483 -0.526395 -0.717529 
462 1.9099 1.5259 -0.500021 -0.00231219 1.06319 
463 0.178338 -0.088581 1.23509 0.92349 1.64133 
464 1.40448 -1.15442 -0.0259339 0.730826 0.99111 
465 1.75023 -0.849857 -0.253155 0.710169 -1.11414 
466 0.540241 1.45494 -1.37265 -0.312591 1.22208 
467 2.47078 -0.360595 -2.52771 0.206759 0.861022 
468 0.941922 0.912737 -0.91077 0.226735 -1.24184 
469 0.238423 -0.263866 1.29872 0.464196 1.72524 
470 1.74327 -0.905604 -0.210133 0.683419 -1.17954 
471 1.03177 -0.0517296 1.08189 -0.807274 -1.14867 
472 2.0256 -0.280308 -1.31437 -0.73153 -0.019245 
473 0.969635 0.966875 -0.919492 0.154029 -1.27248 
474 1.01715 1.02609 -0.889924 0.101074 -1.24887 
475 1.23847 -0.818263 0.525148 -0.0258326 1.55018 
476 1.85088 1.47574 -0.283108 -0.619963 1.08482 
477 0.0287608 1.64988 1.10765 0.773635 -0.792106 
478 2.44719 -0.331157 -2.58859 0.747526 0.880922 
479 0.488862 1.44708 -1.31947 -0.343805 1.2812 
480 1.68449 0.083394 -0.301451 0.278606 -0.751365 
481 1.90608 0.463439 -1.89573 0.555022 -0.132685 
482 0.516501 1.26529 -1.40304 0.208985 1.38125 
483 0.954314 0.948103 -0.980321 0.143079 -1.34726 
484 1.41361 -1.17128 -0.308856 0.811175 1.19351 
485 0.387144 -0.231644 1.15141 -0.684619 -0.532056 
486 1.97358 0.00703488 -1.90863 0.648533 -0.245759 
487 1.72012 -0.96424 -0.234221 0.730552 -1.23632 
488 0.203352 -0.062749 1.30021 0.957136 1.69907 
489 1.74071 -0.988498 -0.167008 0.797115 -1.23002 
490 1.25844 -0.863368 0.571855 -0.0967827 1.53144 
491 1.18763 -0.589406 1.14922 0.943105 1.80106 
492 1.67462 -1.01683 -0.103318 0.823591 -1.23858 
493 2.0573 -0.303152 -1.28775 -0.818351 -0.034296 
494 0.668481 0.555204 -0.390504 1.40692 -0.7868 
495 1.99945 0.0434791 -1.93294 0.730705 -0.271449 
496 1.89068 1.45959 -0.256916 -0.697144 1.1237 
497 1.02798 -0.120561 1.077 -0.866434 -1.19019 
498 0.892586 0.604973 1.38024 -0.945172 -1.05008 
499 1.73492 0.124281 -0.22879 0.29281 -0.733954 
500 1.20684 -0.90146 0.555093 -0.171467 1.52621 
501 0.912649 0.154607 0.897909 -0.81739 -1.09645 
502 1.00558 -0.154373 1.09077 -0.93273 -1.2516 
503 0.737377 0.770626 -0.93941 0.43207 -1.26964 
504 1.23925 -0.953249 0.58749 -0.239738 1.54981 
505 0.534719 0.0754998 -0.0110043 1.43107 -1.1185 
506 0.21813 1.05473 0.187083 -0.546119 -0.796639 
507 1.17244 -0.981723 0.531445 -0.279164 1.55538 
508 0.228319 1.0529 0.130517 -0.591914 -0.864433 
509 1.09546 -0.169341 1.1082 -0.96972 -1.24652 
510 0.23388 -0.205449 1.31019 0.389623 1.7548 
511 0.894237 1.30426 -1.06308 0.173505 1.4203 
512 1.72256 -1.02084 -0.0784367 0.852677 -1.31746 
513 0.682452 0.707612 -0.965657 0.429624 -1.31778 
514 0.887196 1.31892 -1.00719 0.24499 1.45904 
515 1.08067 -0.0634624 1.15033 -0.778474 -1.10442 
516 1.89399 1.40361 -0.254132 -0.668754 1.20143 
517 1.0582 1.07122 -0.903532 0.0298943 -1.28091 
518 0.0250358 1.61909 0.923319 0.913591 -0.614691 
519 0.873876 0.732287 1.42017 -0.861718 -1.31474 
520 1.70053 -1.05627 -0.0828698 0.876106 -1.40515 
521 0.241967 1.05602 0.0937063 -0.598658 -0.956103 
522 0.549189 0.28436 -0.50134 1.04339 -0.626059 
523 0.718284 0.601357 -0.399173 1.45227 -0.843872 
524 1.9218 -0.00357154 -1.98391 0.631662 -0.281159 
525 0.911483 0.792263 1.45657 -0.874419 -1.37392 
526 1.67176 -1.10166 -0.00916716 0.914805 -1.41866 
527 0.22998 1.06871 0.0654141 -0.670056 -1.01772 
528 1.946 1.34892 -1.02613 0.105252 1.15029 
529 0.530949 1.02413 0.561049 0.138896 -0.853065 
530 0.0519848 1.36565 1.00098 0.229215 -0.350326 
531 1.13704 -0.0760418 1.20401 -0.798041 -1.0461 
532 1.78606 -0.513227 -1.23846 -0.365836 0.218401 
533 0.744631 0.674428 -0.417503 1.51243 -0.840544 
534 1.83712 1.51581 -0.238338 -0.750523 1.15156 
535 0.976638 0.79964 1.43918 -0.93413 -1.41673 
536 0.231453 0.0225959 1.33726 0.937003 1.71124 
537 0.701226 0.725709 -0.411546 1.56928 -0.887654 
538 1.72142 -1.07132 0.0516515 0.968431 -1.41242 
539 0.779196 0.721154 -0.423746 1.61733 -0.925632 
540 1.88701 1.46497 -1.06334 0.122003 1.08201 
541 0.199504 -0.0874549 1.34126 1.03302 1.65513 
542 1.78869 1.07183 -1.18268 -0.304253 1.16171 
543 1.66335 -0.968194 -0.284188 0.700342 -1.29421 
544 0.191025 -0.0450183 1.3903 1.10594 1.63501 
545 0.624431 0.770634 -0.447463 1.59731 -0.890548 
546 0.584368 0.0861829 0.0146832 1.48284 -1.18238 
547 1.60982 -1.00001 -0.347933 0.73528 -1.32317 
548 1.47464 -1.18093 0.0121226 0.779028 1.01567 
549 1.02038 0.867889 1.38915 -0.96067 -1.4316 
550 1.3082 -0.963537 0.559695 -0.305147 1.54039 
551 1.29113 -0.940077 0.597264 -0.392921 1.54691 
552 1.96079 1.41104 -0.193074 -0.709143 1.21251 
553 1.18045 -0.298741 -0.477477 0.141883 0.827566 
554 0.399445 -0.269645 1.23991 -0.696294 -0.552939 
555 0.66204 0.188381 0.996353 -0.413007 -1.01676 
556 0.969134 0.916423 1.42152 -1.01519 -1.46318 
557 0.219646 0.317602 0.965489 -0.939623 -0.245864 
558 0.205776 -0.180667 1.26117 0.316917 1.78493 
559 1.74417 -1.04405 0.127729 1.01225 -1.38031 
560 1.28135 -0.929205 0.660607 -0.45585 1.58949 
561 1.8572 -0.0575571 -2.02882 0.621798 -0.309423 
562 0.887402 1.34307 -1.02239 0.21415 1.54979 
563 0.93554 -0.192224 1.06786 -0.938989 -1.30725 
564 0.0804671 1.45604 0.986989 0.206958 -0.332251 
565 0.492669 1.27919 -1.44655 0.290952 1.40629 
566 1.20747 -0.558835 1.11268 1.01674 1.84482 
567 1.96741 -0.263192 -1.41913 -0.556353 -0.20531 
568 0.0293922 1.50063 0.995235 0.235478 -0.265007 
569 0.539053 0.0920313 0.0879073 1.52745 -1.20606 
570 0.241236 -0.0404689 1.45506 1.16208 1.62438 
571 1.41698 -1.11093 -0.306474 0.890754 1.19635 
572 1.81727 1.53534 -0.254834 -0.835801 1.11057 
573 1.08174 1.05308 -0.922288 -0.0596629 -1.30819 
574 0.532675 0.129462 0.097599 1.53287 -1.2979 
575 0.923643 0.98815 -1.0014 0.17342 -1.4253 
576 0.474661 0.074848 0.123759 1.56769 -1.33979 
577 0.10826 -0.0150524 1.39843 1.13078 1.67462 
578 1.75509 1.58528 -0.318022 -0.485742 0.957029 
579 0.227625 1.12471 0.000941941 -0.718202 -1.03731 
580 2.06113 -0.239056 -1.29369 -0.888091 -0.0655695 
581 0.00675317 1.62073 0.961902 1.0029 -0.628782 
582 0.217724 -0.0377931 1.48482 1.23033 1.56196 
583 0.613698 0.843443 -0.425518 1.65525 -0.91785 
584 2.60372 0.0911704 -2.70296 0.659652 0.829826 
585 0.231246 0.00925859 1.53959 1.29 1.52968 
586 1.78729 -0.066895 -2.05168 0.566078 -0.346825 
587 2.08745 -0.072542 -1.99277 0.19216 0.577199 
588 1.24931 -0.993802 0.656047 -0.501236 1.53734 
589 1.63713 -1.14887 0.00684375 0.858261 -1.4745 
590 0.227883 0.354164 1.02141 -0.97312 -0.179937 
591 0.856294 -0.939242 1.09376 0.502032 1.63544 
592 0.249299 0.0469152 1.55867 1.36335 1.47955 
593 1.23864 -1.0077 0.630413 -0.595041 1.55272 
594 1.81137 0.126251 -0.265349 0.316601 -0.686531 
595 0.225397 -0.0155082 1.51847 1.40634 1.43408 
596 1.22714 -0.542659 1.12785 1.10737 1.87493 
597 0.888309 0.947902 1.46599 -1.03706 -1.4678 
598 0.0159037 0.00447508 1.40434 1.10589 1.69547 
599 1.91648 1.37856 -1.05749 0.119256 1.23438 
600 0.192472 -0.0760753 1.54577 1.3814 1.37179 
601 0.0747131 1.51704 1.04803 0.210095 -0.19985 
602 1.2663 -1.05527 0.708521 -0.509464 1.48155 
603 1.56562 -1.03165 -0.41129 0.694461 -1.36011 
604 0.929796 1.01155 1.5058 -1.05009 -1.51754 
605 1.97667 0.877738 -0.919784 1.01529 1.01493 
606 0.589028 0.87986 -0.45732 1.71577 -0.859612 
607 0.891568 -0.186746 1.04269 -0.985724 -1.37949 
608 0.800217 0.973613 1.48365 -1.07233 -1.47255 
609 0.976476 0.949666 -1.0176 0.180426 -1.4989 
610 1.80981 -1.05918 0.140801 1.07457 -1.34281 
611 1.27528 -1.04312 0.590749 -0.665036 1.58321 
612 0.712802 0.955327 1.48842 -1.10624 -1.50173 
613 1.12898 1.06019 -0.930591 -0.141353 -1.33943 
614 0.890788 -0.25726 1.02733 -1.04732 -1.41106 
615 0.204119 0.395261 1.02117 -1.02316 -0.10753 
616 0.240054 0.375258 1.01834 -1.08218 -0.0381246 
617 0.359193 1.62618 1.00097 0.831476 -0.865797 
618 0.209149 0.424567 1.01798 -1.16202 -0.0226649 
619 1.16956 1.01203 -0.962532 -0.178133 -1.39993 
620 1.03889 0.925374 -1.04365 0.222433 -1.55432 
621 0.237118 -0.115687 1.62553 1.37474 1.36613 
622 1.00117 -0.521453 -0.00324246 0.635446 1.21786 
623 0.837259 -0.314517 0.98348 -1.08967 -1.4229 
624 1.97362 0.937726 -0.87751 1.07315 1.05039 
625 0.896033 1.47299 -1.16148 0.168236 1.19097 
626 0.233173 -0.108047 1.31028 0.295204 1.818 
627 0.655453 0.931016 1.51726 -1.05109 -1.54913 
628 0.647601 0.946824 -0.473925 1.75335 -0.879538 
629 0.574889 0.977367 1.51258 -1.04203 -1.58458 
630 0.513931 0.873965 -0.499249 1.74695 -0.89955 
631 2.04099 0.0318705 -1.94647 0.741309 -0.360012 
632 1.52388 -1.03685 -0.45325 0.756897 -1.41083 
633 0.962736 1.10218 1.50253 -1.05496 -1.54335 
634 0.220163 -0.130417 1.67571 1.45736 1.37848 
635 1.65018 -1.20383 0.0203104 0.797359 -1.52853 
636 2.44014 -0.369175 -2.60217 0.821364 0.93448 
637 1.5946 -1.25587 0.0773374 0.824824 -1.54251 
638 1.86052 1.52086 -0.229427 -0.903449 1.05863 
639 1.98877 1.42943 -0.0997322 -0.71644 1.22315 
640 1.1656 -0.173449 1.10056 -1.01245 -1.3029 
641 1.21975 -0.0744666 1.24994 -0.766703 -1.05411 
642 2.49395 -0.45056 -2.5016 0.188857 0.880193 
643 0.932757 1.18482 1.49498 -1.02726 -1.50531 
644 1.90544 1.43306 -1.12964 0.103874 1.27264 
645 0.158807 -0.194753 1.65588 1.48018 1.3441 
646 1.72507 0.196098 -0.218081 0.348993 -0.772349 
647 0.881247 1.2687 1.50728 -1.01509 -1.50871 
648 1.97388 0.947008 -0.92159 1.13991 1.10966 
649 0.468401 0.0613225 0.217334 1.58882 -1.36378 
650 2.51588 -0.486241 -2.46018 0.125137 0.929886 
651 0.169972 0.479316 1.07354 -1.2098 -0.0127599 
652 0.730842 0.199855 1.01915 -0.347277 -1.03392 
653 1.24256 -0.148314 1.30752 -0.744069 -1.06822 
654 1.90013 1.5456 -0.286582 -0.969248 1.07354 
655 1.86751 -1.02099 0.126111 1.14114 -1.31906 
656 1.04669 0.983926 -1.11138 0.259667 -1.5775 
657 0.931955 0.802803 1.51703 -0.801287 -1.3955 
658 2.10009 -0.215802 -1.24877 -0.919752 -0.135725 
659 1.21613 1.02785 -1.01777 -0.238107 -1.43047 
660 1.98251 1.48131 -0.0162502 -0.73375 1.22398 
661 1.33404 -1.01901 0.573327 -0.739371 1.59492 
662 0.869326 1.33364 -1.33003 0.13042 1.40534 
663 1.36919 -0.972482 0.598572 -0.814393 1.57664 
664 1.98845 0.992902 -0.982082 1.19744 1.08296 
665 1.86288 -0.556591 -0.272816 0.237178 -0.963382 
666 0.959445 0.811838 1.55383 -0.728582 -1.44573 
667 1.71691 -0.0796873 -2.07195 0.631337 -0.332231 
668 0.218562 -0.0420177 1.31818 0.231594 1.8543 
669 0.684588 1.01039 -0.509671 1.78859 -0.925056 
670 1.80137 -1.11257 0.200047 1.1303 -1.36431 
671 0.126871 -0.0562928 1.33342 0.200979 1.83947 
672 0.0646246 1.56545 1.08111 0.207213 -0.119527 
673 1.23231 -1.12781 0.712232 -0.54016 1.43031 
674 1.2639 -0.613046 1.16938 1.13632 1.84128 
675 2.07016 0.964856 -0.954117 1.22939 1.05588 
676 2.0215 1.51031 -0.0200883 -0.738342 1.31118 
677 1.29685 -0.67171 1.20632 1.18648 1.88118 
678 1.90853 1.58041 -0.349073 -1.02126 1.02764 
679 0.455248 0.882916 -0.564106 1.7914 -0.882408 
680 1.24609 1.09095 -0.991572 -0.288204 -1.47433 
681 0.252354 -0.100631 1.71907 1.50784 1.31808 
682 1.91895 -0.601553 -0.231666 0.192195 -0.92994 
683 1.92568 -0.976369 0.12588 1.20468 -1.34333 
684 1.30265 1.11517 -1.00474 -0.352897 -1.51742 
685 1.6832 0.983844 -0.834743 0.182867 0.850407 
686 1.80333 -1.18114 0.174744 1.18679 -1.40258 
687 1.96913 1.56679 -0.491488 0.0511134 1.1067 
688 0.501431 0.994377 1.55851 -1.08892 -1.58196 
689 1.02766 0.934491 -1.1864 0.251369 -1.61618 
690 1.35364 -1.0054 0.542358 -0.886912 1.59261 
691 1.1134 1.04877 -1.1348 0.287645 -1.57377 
692 1.88979 0.898187 -0.909339 1.15858 1.11643 
693 1.34912 1.13241 -1.01005 -0.438643 -1.50465 
694 1.1754 -0.49011 1.17313 0.757476 1.61566 
695 1.41504 1.18866 -1.05136 -0.410943 -1.50873 
696 1.71804 -1.24582 -0.0192561 0.810744 -1.57197 
697 1.59211 -1.3103 0.102041 0.762009 -1.59227 
698 2.44788 -0.374325 -2.62122 0.882686 0.858384 
699 0.224418 1.16471 -0.0242325 -0.784444 -1.09535 
700 2.02749 1.54739 0.0464181 -0.76895 1.368 
701 1.96478 0.932021 -0.995292 0.716698 0.710148 
702 1.27639 -0.46219 1.15638 1.12418 1.87307 
703 2.0395 0.930435 -0.953303 1.31792 1.04985 
704 0.0880716 -0.242875 1.61311 1.4771 1.31507 
705 1.8953 1.61194 -0.391075 -1.0974 0.992006 
706 0.996715 0.858374 1.60358 -0.697533 -1.39089 
707 1.44874 1.1853 -1.11158 -0.483062 -1.50374 
708 0.863568 -0.390317 0.996167 -1.06843 -1.47721 
709 0.00848809 1.59364 1.04137 1.01775 -0.576565 
710 1.52629 1.23296 -1.09118 -0.514857 -1.48678 
711 0.273692 -0.0876365 1.66449 1.55568 1.25399 
712 2.05245 -0.256429 -1.46471 -0.555008 -0.230665 
713 0.871764 1.33017 -0.969663 0.268803 1.61161 
714 1.99347 1.03788 -1.0387 1.21513 1.14954 
715 0.0739546 0.000809756 1.34254 0.147494 1.87102 
716 1.47363 -1.08306 -0.501756 0.702601 -1.41695 
717 0.176978 0.553498 1.05945 -1.26537 -0.0468337 
718 1.53473 -1.25196 0.0272695 0.784642 0.982758 
719 1.41666 -1.06187 0.536245 -0.924896 1.55574 
720 0.415237 -0.319744 1.27926 -0.705116 -0.47801 
721 0.863864 1.28424 -0.936706 0.287047 1.69167 
722 0.768168 1.03096 -0.482032 1.82949 -0.912618 
723 1.92453 1.64739 -0.455415 -1.13888 1.03706 
724 0.483521 0.938859 1.59784 -1.10566 -1.65102 
725 0.885779 0.641587 1.45832 -0.957608 -1.00149 
726 0.12987 0.62109 1.05363 -1.28429 0.00627118 
727 0.878361 -0.475636 0.972587 -1.11163 -1.46831 
728 0.451137 1.06805 1.55779 -1.12893 -1.60295 
729 0.262129 0.110963 1.49779 1.40191 1.50278 
730 1.41541 1.19612 -1.15405 -0.563296 -1.52677 
731 2.41967 -0.372276 -2.59288 0.891155 1.00241 
732 1.96593 1.69048 -0.463643 -1.21409 1.0636 
733 1.00166 1.12803 1.49914 -1.13346 -1.58389 
734 2.38324 -0.436037 -2.60423 0.908633 1.06701 
735 0.781776 1.08118 -0.434927 1.87978 -0.862181 
736 0.825981 -1.01228 1.12476 0.494582 1.58319 
737 1.81444 -0.140794 -1.04502 -0.224514 0.248558 
738 1.99242 1.10335 -1.09759 1.25621 1.17313 
739 0.881966 -0.543489 1.02721 -1.07315 -1.49863 
740 1.60646 -1.32271 0.186768 0.777229 -1.54505 
741 1.94757 -0.932799 0.169951 1.26967 -1.30517 
742 1.62836 -1.33258 0.129091 0.715044 -1.66474 
743 0.476015 1.33408 -1.46902 0.36573 1.38153 
744 0.840122 1.32654 -0.866113 0.313409 1.73604 
745 1.12056 1.10315 -1.1723 0.349745 -1.61536 
746 2.4021 -0.516654 -2.6053 0.894892 1.12137 
747 0.786668 1.15374 -0.411091 1.9414 -0.880809 
748 0.0245486 -0.0364669 1.3907 0.0894958 1.84897 
749 1.46525 -1.1138 0.552816 -0.975478 1.60165 
750 1.32523 -0.65529 1.29267 1.20944 1.91186 
751 0.409765 1.1468 1.55012 -1.16604 -1.62846 
752 1.50943 -1.1579 0.538309 -1.04182 1.56302 
753 1.9398 -0.945765 0.256589 1.30122 -1.26954 
754 1.83649 1.03905 -1.15922 -0.366023 1.20941 
755 1.48865 -1.32414 0.00279419 0.772828 0.938833 
756 1.49188 -1.19725 0.476311 -1.08921 1.5177 
757 1.63185 -1.27196 0.145427 0.738918 -1.73874 
758 2.01235 1.60824 -0.438707 0.0667189 1.04852 
759 0.467883 0.0727494 0.304066 1.63003 -1.38923 
760 0.0732701 0.0922207 1.37092 0.131633 1.89525 
761 0.36241 1.20232 1.54651 -1.23415 -1.62352 
762 0.799928 1.39747 -0.879129 0.271752 1.77411 
763 0.579294 0.513155 -0.0967399 -0.0794217 -0.510776 
764 1.22006 -0.417905 1.21307 0.732566 1.59165 
765 0.391898 1.36802 -1.48254 0.404217 1.39195 
766 0.0957329 1.60848 1.12574 0.22388 -0.0494465 
767 1.58768 1.25711 -1.15931 -0.52151 -1.51781 
768 1.06043 0.889228 1.64429 -0.641621 -1.37659 
769 0.0444677 0.135129 1.38887 0.0529167 1.92372 
770 1.61188 1.31116 -1.21797 -0.562191 -1.48043 
771 0.26998 1.20023 1.55386 -1.27093 -1.63027 
772 1.35573 1.23171 -1.19524 -0.606718 -1.56665 
773 0.221237 1.20814 1.54599 -1.25361 -1.71512 
774 1.06797 1.12913 -1.22783 0.379388 -1.66633 
775 2.34099 -0.546455 -2.59699 0.965338 1.13997 
776 0.231414 -0.0930958 1.75557 1.59156 1.3522 
777 1.41214 -1.23266 0.450323 -1.12962 1.52657 
778 1.09786 1.09581 -1.26349 0.423889 -1.7352 
779 0.347561 -0.0795533 1.70304 1.5816 1.20582 
780 2.02718 1.13826 -1.09737 1.3332 1.2137 
781 0.960271 0.650549 1.42255 -0.989026 -0.955619 
782 1.15157 1.13848 -1.29549 0.488954 -1.74131 
783 0.399459 0.828275 -0.616898 1.82413 -0.875773 
784 1.20274 1.18091 -1.29987 0.556288 -1.77338 
785 1.03281 1.1759 1.54076 -1.18729 -1.53799 
786 0.840225 -0.477345 0.908119 -1.16539 -1.50699 
787 1.11789 1.14667 1.51396 -1.21774 -1.55411 
788 1.38982 -1.27345 0.52854 -1.16877 1.54028 
789 0.337102 0.840388 -0.694124 1.82307 -0.875911 
790 0.846815 1.42829 -0.87601 0.331567 1.83124 
791 0.295778 0.895312 -0.701786 1.85154 -0.809526 
792 1.41577 -1.06508 -0.32333 0.962672 1.14695 
793 1.36501 1.17839 -1.258 -0.629504 -1.61776 
794 1.22232 -0.20451 1.14754 -1.07237 -1.29834 
795 0.166604 1.15658 1.56567 -1.316 -1.72393 
796 1.37906 -1.25394 0.37599 -1.16893 1.56376 
797 1.32074 -1.28777 0.569096 -1.20055 1.58894 
798 1.23375 1.21341 -1.33888 0.63553 -1.78683 
799 1.5097 -1.14276 -0.537878 0.646894 -1.38998 
800 1.77814 0.225541 -0.226648 0.407308 -0.825667 
801 0.0955973 1.18133 1.60726 -1.3561 -1.69219 
802 2.0786 -0.248852 -1.2118 -0.994748 -0.0975827 
803 2.27626 -0.603335 -2.61066 1.01211 1.15415 
804 1.57732 -1.32229 0.112661 0.778056 -1.78219 
805 1.27721 1.28994 -1.29253 0.645821 -1.78668 
806 0.855223 -0.557264 1.08895 -1.1452 -1.48898 
807 0.0313515 1.6622 1.12681 0.200084 -0.000434427 
808 1.99828 1.72901 -0.483226 -1.26203 1.13278 
809 2.07633 1.72343 -0.544733 -1.26444 1.14226 
810 1.92949 1.43719 -1.19731 0.0878974 1.34025 
811 0.892153 1.40695 -1.38257 0.116428 1.43923 
812 1.35321 -0.606894 1.32805 1.27854 1.94102 
813 2.21362 -0.670632 -2.60945 1.03542 1.1858 
814 1.30768 -1.35674 0.61013 -1.24543 1.62599 
815 0.870004 -0.608081 1.14609 -1.2037 -1.51159 
816 1.25886 -1.16134 0.757814 -0.570453 1.35837 
817 0.889214 -0.521319 0.85567 -1.21797 -1.51929 
818 1.98587 -0.90157 0.307493 1.35739 -1.25619 
819 0.982236 1.15287 -1.24732 0.369801 -1.7065 
820 1.34417 1.29061 -1.20896 -0.684107 -1.58148 
821 1.32937 1.32872 -1.32534 0.702531 -1.74817 
822 1.51742 -1.38306 0.0573617 0.806317 0.898814 
823 1.53514 -1.36046 0.0605721 0.836483 -1.80744 
824 0.083414 0.690451 1.0384 -1.33672 -0.00081458 
825 0.941257 -0.666969 1.13504 -1.23113 -1.5357 
826 0.420025 -0.0217436 1.72448 1.61237 1.2061 
827 1.36988 -0.742576 1.30768 1.21714 1.90172 
828 0.0250447 0.713682 1.0963 -1.36613 0.0420348 
829 1.7762 -0.626012 -0.265009 0.265928 -0.835777 
830 1.39232 -0.774953 1.27903 1.30448 1.90091 
831 1.33 1.40831 -1.33174 0.744751 -1.79109 
832 1.45972 -1.12194 -0.545664 0.775867 -1.44857 
833 0.412741 -0.391655 1.30959 -0.64369 -0.466635 
834 0.990339 -0.709089 1.11804 -1.3027 -1.51556 
835 1.60505 -1.37583 0.269545 0.768595 -1.52925 
836 1.5265 -1.42526 0.00125071 0.826176 -1.85327 
837 0.46905 0.0251496 0.341359 1.67355 -1.45593 
838 1.35262 1.34059 -1.20038 -0.758764 -1.62371 
839 0.87747 -0.573953 0.781397 -1.24683 -1.54653 
840 1.24068 -0.372482 1.17912 0.757502 1.51591 
841 0.803188 -0.631626 0.777856 -1.27826 -1.55901 
842 1.91107 0.541777 -1.9408 0.589607 -0.107977 
843 1.11663 0.883428 1.69411 -0.602555 -1.32367 
844 0.727716 -0.653656 0.716312 -1.28267 -1.5624 
845 2.00015 0.170673 -2.04801 0.261178 0.76144 
846 1.53892 -1.31075 0.0496738 0.888488 -1.87593 
847 1.38546 -1.07575 -0.36782 1.0395 1.114 
848 1.9859 0.888796 -0.99783 1.37501 1.06213 
849 1.31099 -0.150592 1.34643 -0.785941 -1.023 
850 1.19689 1.18491 -1.40914 0.688026 -1.77515 
851 1.61527 -1.46079 0.316594 0.756717 -1.54723 
852 0.0301587 0.165393 1.31943 0.00408674 1.96462 
853 1.27807 -0.161913 1.35453 -0.69446 -1.13053 
854 0.826688 0.684025 -0.404912 1.50496 -0.786137 
855 0.175367 1.19991 1.50733 -1.37327 -1.76083 
856 1.86731 1.68608 -0.407022 -1.09503 0.933179 
857 1.77006 -0.129247 -2.07173 0.520883 -0.40488 
858 1.27674 -0.338425 1.19046 0.766809 1.43032 
859 2.02789 1.5778 0.121892 -0.825923 1.37955 
860 0.1953 1.26564 1.54228 -1.43699 -1.75983 
861 1.4922 -1.45447 0.0526834 0.854729 0.942383 
862 0.461226 -0.035131 0.401352 1.70735 -1.49547 
863 1.9543 1.76638 -0.458538 -1.29334 1.20405 
864 1.07452 0.906485 1.7336 -0.525332 -1.33679 
865 2.128 -0.697915 -2.61259 1.04761 1.22784 
866 1.39595 -0.857734 1.30194 1.35283 1.88443 
867 0.946607 0.261861 0.891906 -0.678424 -1.04332 
868 0.8213 1.18614 -0.493123 1.97331 -0.879038 
869 0.0104984 0.221853 1.32877 -0.073903 1.98062 
870 0.861879 -0.69045 0.737438 -1.30136 -1.58947 
871 1.92657 1.79447 -0.51348 -1.34227 1.25908 
872 0.0336166 0.719926 1.18343 -1.40075 0.0751617 
873 1.40958 -1.23771 0.359305 -1.24495 1.51134 
874 1.85139 1.01095 -1.21776 -0.355845 1.28329 
875 0.441623 0.151724 0.826461 -0.470819 -0.425408 
876 0.852902 1.48646 -0.824149 0.377173 1.78869 
877 0.521197 1.49993 -1.39158 -0.376206 1.16545 
878 0.300033 0.150375 1.48045 1.42314 1.58189 
879 1.33545 -0.185887 -0.541691 0.234925 0.596096 
880 1.04893 -0.759178 1.11815 -1.34204 -1.56566 
881 1.31726 -1.22556 0.783887 -0.538564 1.38609 
882 0.0776833 1.25255 1.66561 -1.37393 -1.66246 
883 0.00150067 0.756091 1.23548 -1.43658 0.135725 
884 0.342067 0.203288 1.53856 1.42449 1.62721 
885 0.396375 0.251932 1.54277 1.46405 1.68291 
886 1.1333 0.881651 1.77551 -0.470049 -1.37021 
887 1.44444 -0.918256 1.31906 1.40326 1.85052 
888 0.869766 -0.785161 0.724568 -1.27343 -1.59414 
889 1.39017 1.31675 -1.24449 -0.835911 -1.63483 
890 1.95436 -0.9803 0.0712544 1.26025 -1.39892 
891 1.84843 0.244991 -0.25503 0.444884 -0.875294 
892 1.51174 -1.53129 0.00795641 0.865735 0.902448 
893 1.36376 -1.37881 0.666714 -1.30127 1.61903 
894 1.11913 0.889638 1.81963 -0.394766 -1.41627 
895 1.58165 -1.45599 -0.0576999 0.852413 -1.89627 
896 1.11923 -0.767871 1.16814 -1.33231 -1.61453 
897 1.16853 -0.845969 1.18526 -1.33454 -1.58029 
898 1.49596 -1.5697 0.0356611 0.943549 0.864325 
899 2.54933 -0.16411 -2.71216 0.399604 1.02254 
900 1.88356 0.306213 -0.207022 0.476483 -0.916701 
901 0.0644608 0.271189 1.39282 -0.0922861 1.96597 
902 0.785 1.2112 -0.38844 1.94499 -0.959353 
903 1.31373 -1.28132 0.865252 -0.54896 1.39831 
904 0.894073 1.34897 1.53391 -0.963949 -1.51692 
905 0.0163262 1.31692 1.65951 -1.4143 -1.64183 
906 0.948368 0.655703 1.49407 -1.04705 -0.91888 
907 1.29639 -1.38006 0.728824 -1.33788 1.60287 
908 1.34364 -0.158743 1.42142 -0.65999 -1.12521 
909 0.348583 1.42502 -1.44746 0.443958 1.34651 
910 0.858712 1.26126 -0.545796 1.97979 -0.867182 
911 1.37424 1.48879 -1.34416 0.776377 -1.77082 
912 0.442397 0.30455 1.52679 1.46785 1.7525 
913 1.88338 1.80437 -0.532789 -1.39272 1.33063 
914 1.28676 -1.42277 0.818089 -1.34831 1.60526 
915 1.39877 1.13083 -1.3336 -0.640678 -1.64531 
916 0.895082 1.16104 -1.28815 0.374449 -1.73196 
917 0.994073 -0.802613 1.16543 -1.39473 -1.57533 
918 0.365763 0.790295 -0.740104 1.87997 -0.912221 
919 1.57707 -1.49854 -0.110708 0.794806 -1.94145 
920 2.00465 -0.871116 0.398493 1.37562 -1.26651 
921 0.914241 -0.813863 0.700543 -1.30048 -1.5174 
922 1.05488 0.898069 1.86013 -0.354255 -1.46647 
923 1.37899 -0.568304 1.3437 1.36477 1.9282 
924 1.99685 0.860081 -0.984302 1.42231 1.14359 
925 0.926385 -0.678827 0.683174 -1.32137 -1.63804 
926 0.977574 0.889826 1.88541 -0.315799 -1.50933 
927 1.32605 -1.39335 0.866182 -1.39999 1.5542 
928 0.791329 1.51898 -0.761159 0.368007 1.82184 
929 0.829402 1.49572 -0.722276 0.432591 1.87007 
930 1.68225 -0.047426 -2.0985 0.708638 -0.365054 
931 1.86531 1.85307 -0.482519 -1.45612 1.35813 
932 1.02075 -0.806965 1.1985 -1.4849 -1.56862 
933 1.85925 1.75355 -0.412121 -1.09133 0.860088 
934 0.88313 1.19881 -1.37832 0.363875 -1.71826 
935 2.02462 0.852286 -0.912702 1.4856 1.14958 
936 0.86137 -0.880853 0.658438 -1.30309 -1.48678 
937 0.797493 1.60713 -0.725691 0.353264 1.84861 
938 2.12472 0.957083 -0.885924 1.21734 1.10244 
939 1.814 -0.562569 -1.20733 -0.366659 0.294657 
940 1.40736 -0.976333 1.35739 1.46017 1.87383 
941 2.00603 -0.613566 -0.270878 0.208752 -0.951394 
942 2.02074 0.813647 -0.902267 1.54331 1.22067 
943 0.919476 0.697966 -0.380901 1.49112 -0.806823 
944 0.176833 1.24683 1.56282 -1.51191 -1.81702 
945 0.298777 1.43891 -1.41454 0.522326 1.35655 
946 0.00326801 1.65316 0.918914 1.04652 -0.556771 
947 1.22285 -0.89853 1.14362 -1.30368 -1.62029 
948 1.34537 -0.997855 1.32684 1.5103 1.92124 
949 0.762165 1.0585 -0.400152 1.90597 -0.777293 
950 1.62017 0.0341356 -1.1754 0.334318 0.0386227 
951 0.016097 1.62626 1.17109 0.815669 -0.851188 
952 0.0217361 1.72973 1.19932 0.195981 0.00801947 
953 2.05497 0.0177343 -1.98273 0.77339 -0.445223 
954 1.36214 1.38521 -1.2271 -0.89979 -1.62278 
955 0.289925 1.48417 -1.43878 0.582515 1.41707 
956 1.46829 -1.34536 0.0717292 0.939818 -1.90223 
957 0.954829 0.662582 1.55392 -1.12191 -0.891939 
958 2.08467 -0.303643 -1.49447 -0.552671 -0.307095 
959 0.592922 0.0336374 -0.0402904 1.54692 -1.1885 
960 0.857939 1.20548 -0.375529 1.96936 -1.02169 
961 1.99515 1.19401 -1.1148 1.38265 1.26953 
962 1.93355 1.58125 -0.336372 -1.15436 0.95515 
963 0.976755 0.619634 1.55828 -1.19971 -0.851897 
964 1.39794 -1.06816 1.29409 1.53009 1.95005 
965 2.09389 -0.284245 -1.13811 -1.04968 -0.105728 
966 1.37949 1.53741 -1.29365 0.810746 -1.83308 
967 1.00403 -0.877052 1.24279 -1.52157 -1.60737 
968 1.39503 -0.206027 1.47791 -0.644947 -1.16651 
969 2.15035 -0.771634 -2.58485 1.09626 1.25834 
970 1.35398 -1.13519 1.34706 1.54733 1.92834 
971 0.155183 -0.0707831 1.7885 1.62996 1.31856 
972 0.844844 -1.05242 1.15189 0.508215 1.49887 
973 0.881647 1.4092 1.50773 -0.996618 -1.4501 
974 0.927756 -0.906269 1.25613 -1.54272 -1.65937 
975 0.589252 1.54406 -1.4055 -0.429028 1.14453 
976 1.11984 1.14141 1.45554 -1.2867 -1.59654 
977 0.515736 0.36219 1.55725 1.46495 1.77155 
978 1.64469 0.0266696 -2.07573 0.725833 -0.412852 
979 0.295963 1.49817 -1.4314 0.679593 1.43407 
980 2.47562 -0.430824 -2.6295 0.943943 0.811299 
981 0.0723695 -0.0622289 1.84134 1.6372 1.30357 
982 0.465803 0.43656 1.58621 1.43503 1.756 
983 1.14591 1.15761 1.58067 -1.27789 -1.52206 
984 1.83111 1.91078 -0.51534 -1.48052 1.41999 
985 1.99431 -0.84614 0.479372 1.42159 -1.29128 
986 1.61211 -0.0907748 -2.13095 0.753083 -0.378182 
987 0.000236897 0.84275 1.21271 -1.46882 0.166233 
988 1.76906 1.90309 -0.504476 -1.53263 1.47706 
989 1.39776 -0.274408 1.51795 -0.594224 -1.13274 
990 0.602282 1.54683 -1.47155 -0.502857 1.14757 
991 2.08762 -0.647741 -2.61901 1.08909 1.29179 
992 1.3431 1.47117 -1.25526 -0.897251 -1.58472 
993 0.955252 0.973911 1.92558 -0.293791 -1.52759 
994 1.39007 -1.10855 -0.369807 1.12127 1.16104 
995 1.38905 -1.37854 0.936656 -1.42164 1.53481 
996 1.35466 -1.07515 -0.405026 1.16861 1.09662 
997 0.662255 0.083385 0.061006 1.4783 -1.14043 
998 1.39496 -0.998503 0.548224 -0.2907 1.57054 
999 1.42545 -1.28483 0.0430626 0.932807 -1.96247 
1000 1.93042 1.73802 -0.544223 -1.42493 1.37771 
1001 1.91306 1.2027 -1.08138 1.41723 1.29907 
1002 1.38962 -1.16178 1.41655 1.60206 1.91421 
1003 1.26503 -1.33107 0.935301 -0.557629 1.3852 
1004 0.998471 0.246219 0.884931 -0.640812 -0.968472 
1005 0.0139857 0.909313 1.28299 -1.48332 0.181446 
1006 1.4303 -1.45298 0.955003 -1.45653 1.56948 
1007 0.0838267 0.222828 1.43673 -0.159026 1.99604 
1008 2.00434 0.971126 -0.947622 0.747027 0.649209 
1009 2.07086 0.0176682 -2.00619 0.843074 -0.511112 
1010 0.94483 -0.944469 1.31707 -1.57517 -1.71838 
