1: 0 
9: 0 2 4 6 8 
11: 0 2 4 6 8 10 
12: 0 2 4 6 8 10 11 
13: 0 2 4 6 8 10 11 12 
14: 0 2 4 6 8 13 10 11 12 
16: 0 2 4 6 8 10 11 8 13 8 12 15 
17: 0 2 4 6 8 10 11 8 13 8 12 16 
18: 0 2 4 6 8 10 11 8 13 8 12 16 17 
20: 0 2 4 6 8 10 19 10 11 12 16 17 
21: 0 2 4 6 8 10 19 10 11 12 16 17 15 
22: 0 2 4 6 8 10 19 10 11 12 16 17 21 
23: 0 2 4 6 8 10 11 12 16 17 21 22 17 15 11 10 19 
25: 0 2 4 6 8 13 24 13 10 11 12 16 17 21 22 
28: 0 2 4 6 8 10 11 12 16 17 21 22 17 15 25 10 19 27 
32: 0 2 4 6 8 10 11 12 15 11 10 19 30 31 19 10 8 12 16 17 21 22 
34: 0 2 4 6 8 10 11 12 25 10 19 30 31 19 10 8 12 33 16 17 21 22 
36: 0 2 4 6 8 10 11 12 15 11 10 19 30 31 19 10 8 12 33 16 17 21 22 35 
38: 0 2 4 6 8 10 11 12 15 11 10 19 30 24 37 24 13 10 11 12 33 16 17 21 22 35 
44: 0 2 4 6 8 10 11 12 33 12 8 10 19 30 24 37 24 13 10 11 12 16 17 21 22 43 35 
48: 0 2 4 6 8 10 11 25 8 13 19 27 47 27 19 10 8 12 33 17 21 22 38 43 35 
64: 0 2 4 6 8 10 11 12 33 16 17 21 22 35 23 21 16 42 63 42 12 25 10 19 30 24 37 47 
68: 0 2 4 6 8 10 11 12 33 16 17 33 58 67 58 12 8 13 61 31 54 27 47 
72: 0 2 4 6 8 10 11 12 68 25 40 33 58 67 58 68 25 10 19 30 24 37 48 64 71 
73: 0 2 4 6 8 10 19 10 11 12 68 25 15 33 16 17 33 58 67 72 63 58 68 11 10 13 30 24 37 48 64 71 
75: 0 2 4 6 8 10 11 12 68 25 40 33 58 67 73 67 58 42 16 15 25 10 19 30 24 37 48 64 71 
79: 0 2 4 6 8 10 11 12 68 25 40 33 58 67 73 67 58 42 16 76 56 19 30 24 37 48 64 71 78 
82: 0 2 4 6 8 10 11 12 68 25 40 33 58 67 73 67 58 42 16 17 15 25 10 19 61 24 37 48 64 71 81 
88: 0 2 4 6 8 10 11 12 68 25 40 33 58 63 72 82 72 63 42 16 17 76 56 19 30 24 37 48 64 71 78 87 
92: 0 2 4 6 8 10 11 12 68 25 40 33 58 63 72 67 58 42 16 17 20 76 56 24 37 48 64 71 81 91 
