1         |100              |0.99 |0.8  |100       |0   |0.25         |0      |0        |0             |0         |0        |0
9         |114              |0.99 |0.8  |114       |3.86419   |0.285         |0      |0        |0             |0         |0        |15
11         |118              |0.99 |0.8  |118       |4.36419   |0.295         |0      |0        |0             |0         |0        |20
12         |143              |0.99 |0.8  |143       |5.17506   |0.3575         |0      |0        |0             |0         |0        |23
13         |160              |0.99 |0.8  |160       |5.67506   |0.4         |0      |0        |0             |0         |0        |25
14         |168              |0.99 |0.8  |168       |6.64512   |0.42         |0      |0        |0             |0         |0        |27
16         |175              |0.99 |0.8  |175       |9.04476   |0.4375         |0      |0        |0             |1         |1        |32
17         |195              |0.99 |0.8  |194       |9.46298   |0.485         |0      |0        |0             |2         |2        |34
18         |205              |0.99 |0.8  |204       |9.96298   |0.51         |0      |0        |0             |4         |4        |36
20         |222              |0.99 |0.8  |221       |9.06364   |0.5525         |0      |0        |0             |5         |5        |43
21         |224              |0.99 |0.8  |222       |10.0107   |0.555         |0      |0        |0             |6         |6        |45
22         |229              |0.99 |0.8  |227       |9.56364   |0.5675         |0      |0        |0             |8         |8        |48
23         |233              |0.99 |0.8  |232       |12.8256   |0.58         |0      |0        |0             |10         |10        |50
25         |236              |0.99 |0.8  |234       |10.9921   |0.585         |0      |0        |0             |13         |13        |54
28         |245              |0.99 |0.8  |244       |13.7641   |0.61         |0      |0        |0             |19         |19        |64
32         |253              |0.99 |0.8  |252       |15.3611   |0.63         |0      |0        |0             |25         |25        |75
34         |268              |0.99 |0.8  |267       |14.5959   |0.6675         |0      |0        |0             |32         |32        |82
36         |270              |0.99 |0.8  |269       |16.152   |0.6725         |0      |0        |0             |41         |41        |89
38         |282              |0.99 |0.8  |281       |17.7987   |0.7025         |0      |0        |0             |51         |51        |96
44         |284              |0.99 |0.8  |282       |18.1298   |0.705         |0      |0        |0             |66         |66        |118
48         |285              |0.99 |0.8  |283       |16.9859   |0.7075         |0      |0        |0             |81         |81        |139
64         |291              |0.99 |0.8  |289       |19.0415   |0.7225         |0      |0        |0             |119         |119        |204
68         |302              |0.99 |0.8  |302       |17.5354   |0.755         |0      |0        |0             |150         |150        |217
72         |319              |0.99 |0.8  |319       |18.9228   |0.7975         |0      |0        |0             |204         |204        |235
73         |323              |0.99 |0.8  |323       |23.7147   |0.8075         |0      |0        |0             |278         |278        |237
75         |327              |0.99 |0.8  |325       |22.0614   |0.8125         |0      |0        |0             |375         |375        |241
79         |339              |0.99 |0.8  |337       |22.0338   |0.8425         |0      |0        |0             |463         |463        |256
82         |353              |0.99 |0.8  |350       |23.6337   |0.875         |0      |0        |0             |557         |557        |262
88         |370              |0.99 |0.8  |369       |23.8363   |0.9225         |0      |0        |0             |671         |671        |284
92         |397              |0.99 |0.8  |397       |22.0031   |0.9925         |0      |0        |0             |788         |788        |303
