0 0.001000 0.001000
1 0.245466 0.437161
2 0.297529 0.934443
3 0.555750 1.362604
4 1.055736 1.366369
5 0.483667 1.857381
6 1.549056 1.447824
7 1.770808 1.895960
8 2.251960 2.031948
9 0.501676 2.357057
10 2.463607 2.484944
11 1.010000 1.220000
12 2.490000 2.220000
13 1.974150 1.184585
14 2.310000 1.850000
15 0.300000 1.460000
16 2.423079 0.964441
17 0.120000 2.030000
18 1.890000 1.100000
19 1.629391 2.375545
20 0.070000 0.840000
21 1.210000 1.290000
22 1.234904 2.068332
23 1.765655 0.615708
24 0.668367 0.170413
25 1.380000 2.620000
26 0.950000 1.540000
27 1.371679 3.119931
28 1.059472 3.510477
29 1.265738 3.965949
30 1.505654 4.404629
31 1.800000 2.430000
32 1.865324 4.751957
33 1.280000 3.490000
34 0.960000 3.430000
35 1.974467 5.239900
36 2.473557 5.209744
37 1.928987 5.737827
38 0.710000 0.430000
39 1.100917 4.698207
40 1.756144 3.868471
41 1.987951 6.234338
42 2.434300 6.459665
43 1.200000 0.800000
44 2.127123 6.854180
45 2.120000 6.410000
46 1.670000 3.430000
47 1.750044 7.182527
48 2.020000 4.410000
49 2.459574 4.171726
50 2.547036 7.125609
51 3.044011 7.070697
52 3.497926 6.861027
53 3.968790 6.692838
54 4.460993 6.604883
55 0.732062 3.888369
56 2.540000 1.520000
57 1.360000 2.960000
58 4.959890 6.571686
59 4.460444 7.104883
60 1.440275 5.843472
61 3.038612 1.482770
62 2.991422 0.985002
63 1.350000 6.940000
64 3.527109 1.589403
65 2.340000 5.990000
66 3.140000 1.670000
67 1.630000 3.280000
68 3.993661 1.409598
69 0.318403 4.169237
70 4.802315 7.469746
71 1.450000 2.510000
72 1.560000 0.750000
73 1.050000 3.020000
74 4.092628 1.899705
75 2.881762 3.903850
76 4.581540 2.004421
77 1.370000 0.580000
78 5.081285 2.020368
79 3.311371 0.600772
80 4.460405 6.104883
81 0.506496 3.219444
82 2.910000 1.490000
83 5.528871 2.243231
84 0.873352 6.788983
85 4.988780 7.933675
86 2.890000 1.390000
87 5.973553 2.014631
88 1.420000 2.850000
89 2.000000 4.400000
90 6.406997 2.263883
91 3.707172 7.315137
92 1.090000 4.340000
93 5.190000 1.980000
94 6.250000 2.480000
95 5.212413 1.480503
96 4.757047 5.702387
97 2.500000 1.390000
98 6.828723 1.995282
99 3.629306 6.325754
100 6.680000 2.590000
101 4.420000 1.630000
102 7.026734 2.950243
103 0.730602 7.268172
104 1.850000 6.650000
105 7.098390 1.574236
106 1.880000 0.680000
107 0.965880 6.001427
108 3.000000 3.990000
109 1.030000 7.110000
110 2.130000 3.740000
111 0.283790 7.492580
112 4.080286 5.780061
113 3.441786 3.755853
114 4.190000 6.580000
115 6.806490 1.168287
116 7.384109 3.299933
117 5.320000 2.190000
118 4.892727 8.424362
119 0.560000 7.300000
120 1.850000 4.330000
121 4.580849 8.815172
122 1.250000 5.740000
123 6.767872 0.669781
124 2.460000 6.130000
125 5.416343 1.023980
126 6.500000 1.820000
127 4.250000 5.700000
128 0.120000 3.510000
129 7.630666 3.734916
130 7.310000 1.230000
131 0.410000 7.200000
132 5.600000 1.760000
133 8.085331 3.942955
134 0.080000 2.120000
135 3.935103 3.837331
136 4.220000 1.300000
137 5.020000 1.340000
138 1.430000 1.920000
139 4.330000 8.460000
140 5.049470 5.296815
141 1.510000 2.900000
142 7.120000 2.520000
143 1.880000 6.670000
144 1.370000 0.880000
145 3.848457 3.344896
146 8.282803 4.402307
147 2.580000 4.320000
148 0.700000 4.570000
149 5.006132 9.078106
150 6.930000 2.970000
151 4.144805 2.942183
152 2.706845 3.435445
153 5.494737 9.184246
154 2.950000 1.180000
155 7.800761 4.535105
156 3.660000 0.450000
157 4.010000 0.630000
158 3.877801 8.673345
159 4.435052 3.844489
160 2.140000 3.540000
161 0.680000 6.920000
162 8.332138 3.508115
163 5.994220 9.206979
164 4.086674 4.313804
165 5.290000 5.280000
166 2.370000 1.380000
167 0.360000 6.570000
168 1.160000 4.400000
169 2.530000 3.010000
170 6.220000 8.850000
171 4.510000 9.070000
172 5.720000 2.130000
173 3.600000 1.560000
174 5.087116 9.571504
175 6.713893 8.772090
176 4.770000 6.120000
177 3.620000 5.700000
178 3.990000 5.530000
179 5.830000 1.590000
180 3.819749 9.169964
181 4.339063 7.657889
182 4.934779 3.860997
183 3.920000 8.190000
184 5.520000 9.780000
185 5.788207 5.322301
186 4.900000 8.690000
187 7.208391 8.698123
188 1.080000 4.220000
189 4.570000 4.060000
190 1.530000 7.250000
191 6.760000 2.520000
192 3.480000 0.890000
193 7.546568 8.329834
194 7.220000 1.850000
195 3.660000 6.960000
196 3.658747 4.572411
197 8.744732 4.593677
198 7.840000 4.400000
199 5.090000 1.830000
200 1.540000 2.240000
201 6.780000 8.480000
202 7.940000 8.330000
203 8.613276 3.094640
204 8.722733 3.820261
205 1.250000 5.510000
206 0.670000 6.040000
207 8.719640 5.093047
208 4.614897 2.771849
209 2.390000 7.180000
210 8.244622 8.726492
211 6.387064 8.170805
212 5.510000 0.880000
213 0.680000 4.810000
214 4.310000 7.590000
215 3.360000 9.340000
216 6.257727 5.150396
217 5.330000 5.310000
218 2.050000 5.640000
219 3.020000 7.400000
220 4.520000 9.010000
221 7.760040 2.970272
222 8.299865 7.982873
223 4.370000 1.470000
224 1.380000 7.010000
225 7.890000 3.180000
226 4.580000 2.680000
227 0.247461 5.772679
228 3.650000 3.050000
229 2.020000 3.950000
230 9.028988 5.485862
231 2.170000 4.230000
232 3.420000 5.390000
233 5.370000 8.810000
234 3.750000 6.540000
235 8.642197 9.029698
236 1.970000 5.940000
237 3.190000 1.230000
238 7.420000 3.160000
239 6.360000 5.430000
240 9.124093 8.896371
241 8.940000 4.540000
242 4.380000 7.620000
243 6.080000 8.070000
244 0.650000 4.460000
245 9.113221 3.087222
246 4.150000 1.410000
247 0.180000 1.560000
248 1.130000 4.010000
249 7.480000 2.910000
250 7.120000 3.120000
251 2.030000 0.470000
252 8.710000 5.340000
253 5.730000 9.130000
254 1.130000 1.750000
255 9.464239 3.443293
256 4.600000 6.660000
257 8.713198 7.701526
258 9.320000 5.820000
259 5.090000 5.270000
260 5.110000 9.760000
261 5.804493 0.475928
262 0.910000 3.950000
263 3.100000 0.400000
264 2.860584 9.315835
265 4.740000 8.710000
266 9.185898 7.864482
267 1.940000 2.040000
268 9.028165 2.594510
269 3.660000 9.080000
270 6.488504 7.681203
271 8.616444 5.831169
272 3.450000 0.460000
273 0.300000 3.770000
274 4.910000 8.920000
275 4.230000 2.570000
276 8.770000 2.900000
277 1.410000 5.740000
278 4.650000 5.420000
279 9.438478 6.305760
280 0.210000 7.370000
281 2.630000 4.470000
282 9.339183 9.347742
283 5.330000 9.680000
284 5.870000 8.610000
285 9.315550 6.790413
286 2.980000 3.590000
287 1.380000 2.760000
288 4.400000 2.650000
289 0.150000 1.530000
290 4.508320 0.589042
291 7.647345 7.840096
292 9.382670 7.285888
293 0.520000 5.590000
294 3.550000 5.980000
295 8.950000 8.880000
296 7.160000 8.740000
297 6.273454 9.621742
298 3.460000 3.110000
299 3.046025 4.747350
300 6.930000 2.460000
301 6.670000 9.490000
302 4.130000 6.700000
303 4.310000 0.550000
304 2.377285 9.443981
305 9.517602 2.492277
306 3.100000 3.650000
307 0.260000 0.080000
308 1.908160 9.271002
309 0.810000 3.670000
310 9.470000 3.120000
311 4.260000 3.180000
312 7.896075 7.406352
313 1.800000 1.520000
314 3.910000 4.120000
315 6.340000 5.830000
316 6.670000 2.770000
317 0.953548 7.715716
318 1.436406 9.436678
319 4.070000 4.600000
320 2.820000 9.530000
321 7.060000 2.160000
322 9.150000 5.830000
323 1.245970 8.974365
324 3.390000 5.040000
325 4.960000 5.490000
326 3.300078 8.732932
327 3.940000 4.350000
328 8.070000 4.400000
329 3.490000 7.390000
330 5.540000 5.640000
331 6.761831 6.098438
332 6.170000 2.470000
333 6.270000 7.460000
334 0.040000 1.270000
335 8.211671 5.299153
336 2.700000 3.980000
337 4.320000 4.610000
338 9.230000 9.120000
339 4.734342 3.338114
340 2.960000 7.360000
341 2.270000 0.520000
342 7.208502 6.323126
343 9.428214 4.647921
344 1.160000 6.980000
345 2.030000 0.880000
346 3.580000 8.950000
347 3.850000 3.060000
348 9.602891 8.752313
349 4.760000 8.070000
350 6.750000 5.350000
351 2.370000 2.480000
352 7.346888 9.203759
353 4.380000 5.860000
354 2.380000 9.910000
355 1.510000 1.280000
356 4.720000 0.790000
357 2.410000 1.360000
358 3.550000 3.770000
359 2.710000 4.030000
360 7.290000 1.760000
361 9.470000 6.180000
362 1.010000 7.970000
363 3.770000 4.860000
364 9.484316 1.993386
365 5.550000 0.160000
366 4.390000 1.550000
367 3.980000 2.100000
368 2.450000 6.440000
369 8.900000 8.870000
370 7.969851 2.516423
371 1.300000 7.260000
372 4.150000 0.660000
373 0.410000 4.340000
374 0.514149 8.034277
375 4.470000 3.750000
376 1.930000 0.190000
377 3.780000 6.130000
378 8.160000 3.860000
379 4.910000 0.720000
380 2.100000 5.160000
381 7.370000 8.620000
382 1.990000 1.060000
383 5.970000 7.750000
384 2.790000 0.570000
385 4.700000 4.080000
386 0.730000 4.080000
387 9.033370 1.777405
388 8.815551 6.790078
389 9.700000 2.040000
390 0.740000 2.990000
391 6.996366 8.029238
392 6.605131 6.573249
393 1.320000 6.000000
394 9.610000 7.830000
395 3.970000 5.860000
396 1.290000 0.200000
397 3.560000 2.560000
398 4.270000 8.120000
399 6.108353 6.629921
400 4.620000 3.330000
401 1.390000 8.170000
402 7.870000 8.650000
403 6.540000 9.440000
404 9.879736 7.339971
405 1.880000 6.780000
406 0.090000 6.770000
407 9.940000 6.340000
408 2.480000 5.380000
409 2.090000 2.370000
410 7.900000 6.930000
411 2.030000 4.900000
412 1.270000 4.780000
413 0.720000 4.120000
414 1.690000 9.210000
415 1.230000 5.170000
416 2.510000 9.100000
417 4.970000 2.530000
418 1.660000 2.840000
419 3.160000 2.830000
420 8.690000 9.270000
421 9.787895 1.547786
422 7.232252 9.690441
423 6.551295 3.296470
424 7.410000 6.430000
425 9.290000 6.730000
426 2.970000 4.410000
427 6.070000 5.920000
428 9.940000 5.890000
429 6.460000 5.580000
430 8.850000 3.830000
431 8.810000 5.320000
432 3.960000 6.630000
433 8.926916 1.288869
434 9.430000 3.600000
435 7.910000 7.190000
436 3.740000 0.690000
437 6.280000 6.760000
438 5.750000 6.200000
439 3.300000 6.530000
440 0.600000 5.380000
441 0.170000 3.900000
442 4.360000 2.060000
443 6.840000 9.250000
444 8.210000 3.720000
445 0.120000 3.930000
446 6.655103 3.785575
447 5.570000 0.560000
448 2.240000 3.720000
449 9.270000 5.180000
450 8.140000 5.810000
451 1.710000 1.900000
452 4.110000 3.250000
453 8.730000 9.250000
454 7.870000 3.100000
455 3.600000 8.120000
456 6.150000 7.770000
457 1.860000 1.470000
458 4.430000 0.240000
459 9.710000 7.410000
460 7.720000 5.770000
461 0.967854 9.611203
462 2.220000 2.180000
463 0.100000 7.190000
464 2.910000 0.550000
465 4.480000 0.150000
466 8.885180 0.790614
467 5.690000 7.990000
468 4.050000 4.750000
469 8.740000 8.200000
470 3.610000 5.950000
471 5.110000 9.840000
472 1.450000 3.530000
473 4.250000 8.720000
474 1.470000 6.160000
475 5.400000 0.490000
476 8.676410 0.336284
477 9.190000 1.450000
478 0.630000 6.870000
479 9.960000 6.770000
480 7.320000 9.200000
481 1.740000 1.510000
482 4.050000 2.930000
483 9.180000 8.430000
484 1.860000 5.620000
485 3.610000 4.170000
486 0.180000 1.460000
487 3.510000 7.370000
488 4.560000 5.840000
489 3.541223 9.806002
490 5.830000 7.740000
491 8.760000 0.800000
492 3.380000 5.320000
493 3.710000 6.300000
494 6.350000 9.140000
495 5.070000 5.750000
496 9.490000 4.930000
497 1.740000 8.920000
498 0.040000 1.070000
499 1.590000 8.590000
500 5.560000 2.320000
501 4.510000 0.110000
502 6.210000 7.650000
503 9.660000 1.820000
504 5.770000 7.770000
505 3.230000 0.010000
506 5.150000 5.210000
507 2.440000 4.050000
508 0.820000 2.730000
509 1.250000 5.620000
510 1.550000 7.830000
511 0.060000 5.330000
512 4.690000 7.890000
513 8.295842 9.577635
514 2.060000 0.160000
515 4.070000 1.290000
516 9.590000 4.020000
517 2.660000 2.970000
518 6.115043 3.540774
519 4.880000 0.600000
520 4.660000 1.550000
521 1.090000 9.420000
522 1.550000 0.190000
523 0.330000 6.490000
524 6.326442 1.308123
525 2.400000 1.150000
526 0.580000 0.340000
527 2.280000 1.340000
528 4.400000 5.160000
529 4.950000 0.650000
530 9.290000 2.610000
531 4.270000 1.630000
532 7.870000 5.180000
533 1.220000 7.760000
534 0.830000 1.800000
535 1.150000 5.100000
536 3.690000 1.630000
537 9.810000 6.690000
538 1.610000 4.180000
539 8.860000 8.650000
540 6.080000 3.380000
541 6.880000 1.040000
542 7.140000 9.440000
543 9.760000 1.220000
544 2.770000 3.760000
545 7.120000 6.100000
546 1.850000 9.530000
547 4.120000 7.770000
548 1.760000 1.040000
549 8.260668 0.774172
550 0.940000 1.210000
551 2.430000 7.150000
552 9.340000 6.220000
553 7.130000 5.620000
554 3.860000 6.990000
555 7.180000 9.780000
556 0.870000 5.490000
557 5.700000 1.720000
558 2.060000 3.110000
559 6.300000 3.400000
560 4.080000 7.780000
561 7.250000 8.850000
562 5.140000 0.940000
563 6.340000 6.670000
564 1.960000 5.660000
565 1.180000 2.430000
566 0.628462 9.227692
567 9.900000 6.810000
568 5.300000 0.120000
569 6.800000 0.730000
570 4.580000 0.650000
571 3.470000 5.960000
572 9.650000 8.590000
573 9.850000 2.320000
574 1.130000 7.880000
575 0.080000 6.310000
576 8.480000 5.330000
577 2.000000 5.630000
578 0.660000 8.770000
579 3.870000 9.460000
580 4.520000 5.330000
581 9.090000 0.730000
582 1.520000 3.510000
583 4.810000 6.610000
584 6.750000 9.140000
585 4.820000 8.090000
586 0.280000 4.280000
587 9.610000 2.160000
588 3.750000 7.740000
589 0.070000 1.760000
590 6.340000 6.070000
591 6.430000 7.400000
592 8.890000 8.960000
593 3.360000 3.460000
594 3.360000 4.650000
595 6.940000 9.570000
596 3.780000 1.820000
597 1.030000 3.440000
598 0.820000 4.640000
599 0.540000 2.240000
600 2.750000 9.850000
601 6.780000 3.690000
602 9.480000 3.790000
603 8.660000 3.210000
604 2.050000 2.960000
605 4.000000 9.140000
606 3.590000 3.060000
607 1.350000 2.150000
608 6.920000 9.910000
609 9.420000 1.320000
610 6.060000 1.780000
611 2.800000 0.470000
612 9.070000 2.800000
613 2.890000 6.630000
614 7.788427 0.609889
615 1.650000 6.380000
616 9.710000 2.490000
617 7.044752 0.253443
618 6.196011 0.164941
619 7.620000 8.240000
620 2.160000 3.520000
621 7.820000 6.040000
622 6.350000 9.310000
623 0.730000 3.400000
624 3.370000 1.300000
625 3.720000 0.920000
626 0.580000 3.130000
627 0.710000 7.810000
628 5.980000 6.150000
629 5.310000 1.660000
630 9.790000 5.800000
631 6.470000 2.750000
632 2.090000 3.980000
633 4.010000 3.140000
634 6.870000 9.990000
635 3.570000 9.700000
636 9.140000 7.950000
637 0.280000 6.210000
638 4.020000 0.920000
639 2.940000 9.870000
640 7.700000 0.210000
641 3.880000 8.150000
642 6.000000 1.130000
643 4.120000 8.950000
644 9.650000 1.210000
645 0.130000 6.950000
646 1.260000 6.960000
647 5.870000 9.560000
648 1.760000 3.170000
649 2.750000 3.640000
650 0.240000 4.100000
651 8.750000 5.270000
652 2.430000 1.660000
653 2.640000 9.080000
654 0.540000 2.970000
655 0.800000 7.380000
656 5.800000 5.430000
657 2.270000 6.990000
658 0.050000 0.290000
659 4.370000 3.270000
660 4.080000 8.240000
661 3.170000 5.200000
662 5.920000 9.950000
663 9.370000 1.630000
664 1.610000 4.920000
665 7.720000 7.990000
666 6.120000 9.560000
667 3.860000 4.260000
668 7.390000 6.460000
669 3.820000 7.200000
670 0.980000 3.620000
671 2.140000 9.060000
672 7.070000 9.460000
673 9.410000 1.850000
674 4.150000 9.410000
675 3.860000 7.850000
676 2.330000 4.460000
677 9.980000 2.440000
678 2.140000 6.400000
679 2.899261 8.434024
680 1.350000 7.150000
681 2.260000 3.590000
682 2.000000 1.180000
683 4.620000 7.910000
684 6.820000 6.760000
685 9.220000 6.970000
686 3.880000 0.140000
687 6.510000 1.370000
688 6.820000 8.550000
689 4.120000 5.590000
690 5.430000 2.490000
691 4.840000 3.220000
692 0.100000 3.200000
693 2.260000 6.680000
694 7.580000 0.760000
695 8.850000 4.690000
696 8.150000 0.360000
697 6.150000 7.870000
698 0.730000 5.630000
699 1.670000 1.060000
700 8.060000 4.760000
701 5.810000 3.370000
702 1.170000 3.500000
703 7.590000 8.080000
704 4.330000 8.330000
705 8.780000 4.480000
706 6.070000 8.450000
707 8.420000 8.820000
708 6.390000 3.720000
709 1.740000 5.330000
710 1.940000 1.030000
711 8.070000 7.650000
712 0.970000 3.110000
713 9.140000 8.690000
714 0.300000 4.350000
715 8.270000 6.780000
716 8.230000 2.790000
717 6.420000 7.320000
718 7.870000 5.540000
719 2.570000 6.930000
720 7.340000 8.460000
721 4.480000 1.560000
722 4.210000 2.680000
723 5.430000 0.480000
724 2.020000 8.520000
725 3.940000 1.840000
726 7.520000 0.460000
727 0.820000 0.360000
728 4.460000 5.120000
729 2.630000 9.630000
730 8.590000 3.220000
731 9.830000 2.640000
732 6.970000 9.900000
733 0.141486 9.114315
734 1.090000 6.240000
735 8.450000 6.510000
736 9.960000 1.190000
737 0.550000 5.140000
738 1.200000 6.380000
739 0.990000 6.430000
740 5.210000 9.730000
741 7.000000 7.050000
742 1.730000 9.930000
743 4.560000 7.160000
744 5.520000 9.280000
745 7.210000 8.740000
746 5.250000 2.180000
747 2.670000 0.820000
748 5.880000 0.630000
749 5.590000 1.090000
750 0.590000 2.330000
751 8.080000 7.610000
752 2.010000 2.120000
753 8.360000 0.100000
754 1.200000 0.110000
755 0.030000 8.760000
756 0.110000 4.680000
757 1.540000 4.380000
758 6.860000 2.940000
759 6.700000 7.880000
760 3.550000 5.000000
761 3.870000 2.110000
762 6.270000 2.460000
763 0.560000 9.490000
764 9.690000 8.160000
765 8.660000 4.190000
766 5.290000 1.560000
767 9.340000 1.660000
768 6.890000 4.060000
769 2.860000 8.400000
770 9.910000 3.630000
771 4.600000 7.410000
772 2.450000 1.650000
773 3.440000 7.840000
774 7.020000 7.880000
775 1.690000 4.980000
776 1.600000 0.120000
777 7.080000 5.840000
778 2.320000 3.580000
779 6.190000 8.480000
780 1.190000 1.720000
781 3.890000 4.420000
782 8.560000 3.870000
783 8.310000 6.880000
784 2.000000 2.440000
785 1.240000 9.710000
786 8.530000 0.320000
787 3.440000 1.780000
788 8.650000 8.280000
789 3.520000 9.410000
790 7.770000 4.500000
791 5.610000 0.660000
792 0.360000 7.970000
793 5.700000 3.470000
794 1.470000 1.120000
795 2.860000 9.600000
796 3.800000 5.120000
797 4.380000 5.890000
798 8.260000 8.320000
799 6.510000 8.260000
800 3.890000 9.090000
801 0.820000 4.210000
802 6.160000 0.740000
803 8.400000 5.200000
804 0.710000 9.250000
805 1.530000 8.650000
806 6.000000 6.570000
807 1.980000 2.430000
808 6.760000 0.690000
809 8.590000 8.710000
810 8.840000 8.550000
811 0.830000 3.300000
812 4.300000 6.230000
813 3.950000 8.130000
814 0.710000 7.700000
815 8.650000 1.900000
816 0.490000 3.800000
817 9.360000 7.000000
818 6.780000 1.590000
819 8.480000 1.820000
820 3.710000 1.400000
821 9.330000 3.110000
822 1.690000 8.930000
823 6.260000 3.930000
824 1.080000 9.770000
825 4.890000 6.250000
826 6.700000 1.850000
827 1.120000 6.630000
828 7.310000 9.470000
829 8.400000 8.520000
830 0.640000 7.730000
831 8.680000 2.750000
832 7.210000 9.990000
833 5.657056 3.968152
834 2.940000 2.600000
835 7.720000 4.520000
836 7.220000 9.150000
837 0.970000 5.940000
838 4.280000 5.980000
839 2.050000 4.740000
840 5.830000 9.730000
841 1.360000 2.170000
842 5.700000 9.440000
843 6.200000 1.520000
844 3.000000 9.520000
845 8.930000 0.480000
846 3.970000 4.280000
847 9.250000 2.730000
848 0.300000 8.470000
849 3.720000 6.760000
850 9.050000 9.180000
851 4.180000 0.400000
852 8.650000 2.940000
853 4.310000 5.640000
854 2.650000 9.860000
855 6.400000 3.660000
856 7.800000 6.120000
857 0.400000 4.120000
858 9.830000 1.980000
859 6.110000 6.530000
860 2.880000 7.350000
861 4.090000 8.760000
862 3.010000 6.220000
863 4.270000 9.760000
864 5.820000 4.420000
865 5.120000 1.710000
866 0.020000 3.750000
867 5.430000 0.520000
868 0.520000 8.740000
869 7.410000 0.640000
870 3.220000 3.340000
871 2.240000 5.560000
872 0.940000 0.870000
873 0.730000 9.590000
874 0.320000 2.690000
875 2.750000 1.480000
876 4.350000 8.650000
877 9.400000 6.330000
878 0.360000 7.080000
879 6.660000 9.560000
880 2.750000 8.070000
881 7.560000 6.040000
882 8.880000 7.710000
883 6.840000 5.610000
884 0.820000 4.420000
885 8.290000 1.960000
886 0.290000 1.650000
887 6.040000 1.840000
888 2.950000 1.980000
889 7.120000 8.520000
890 8.150000 6.190000
891 6.920000 3.240000
892 2.340000 4.310000
893 0.370000 4.610000
894 2.910000 1.670000
895 0.150000 4.250000
896 4.530000 4.320000
897 5.650000 1.230000
898 1.060000 0.540000
899 6.140000 4.370000
900 3.050000 6.230000
901 6.430000 4.610000
902 3.500000 8.910000
903 0.630000 3.860000
904 7.270000 1.580000
905 3.580000 0.770000
906 3.360000 6.190000
907 9.540000 2.810000
908 9.850000 4.670000
909 0.140000 1.210000
910 4.720000 3.620000
911 9.230000 5.810000
912 7.480000 9.120000
913 3.540000 4.570000
914 5.990000 3.520000
915 1.770000 0.290000
916 3.370000 7.760000
917 3.330000 2.000000
918 2.360000 0.700000
919 7.360000 0.910000
920 7.990000 5.550000
921 8.300000 7.150000
922 3.500000 9.460000
923 0.360000 6.150000
924 6.470000 8.880000
925 1.200000 1.950000
926 8.840000 4.060000
927 1.020000 3.610000
928 7.940000 4.620000
929 4.970000 5.590000
930 8.520000 9.420000
931 9.483797 9.826373
932 3.750000 9.770000
933 6.000000 0.130000
934 5.630000 6.870000
935 9.490000 3.620000
936 6.070000 5.400000
937 8.930000 3.470000
938 1.010000 8.760000
939 5.760000 3.480000
940 4.010000 8.490000
941 4.660000 3.320000
942 3.200000 9.690000
943 5.760000 9.350000
944 4.340000 1.250000
945 2.090000 0.580000
946 3.300000 8.330000
947 0.630000 8.350000
948 1.330000 8.400000
949 1.820000 6.630000
950 8.090000 2.880000
951 0.640000 7.890000
952 5.820000 9.020000
953 2.920000 6.410000
954 8.710000 9.330000
955 4.310000 0.280000
956 7.560000 5.830000
957 0.520000 7.010000
958 3.870000 3.630000
959 8.410000 3.210000
960 3.540000 1.520000
961 6.650000 7.630000
962 2.660000 3.230000
963 8.750000 3.220000
964 7.990000 2.690000
965 4.230000 3.460000
966 6.700000 7.680000
967 2.210000 1.060000
968 5.300000 5.210000
969 9.890000 8.390000
970 1.640000 1.010000
971 6.110000 1.240000
972 8.930000 7.620000
973 1.540000 9.480000
974 6.350000 8.030000
975 6.840000 1.700000
976 3.250000 3.570000
977 4.690000 7.500000
978 0.940000 6.760000
979 8.420000 2.800000
980 7.900000 0.860000
981 1.390000 6.190000
982 1.230000 2.290000
983 6.400000 1.180000
984 0.650000 6.010000
985 6.840000 8.020000
986 1.450000 2.080000
987 7.980000 7.700000
988 9.690000 0.820000
989 9.800000 7.050000
990 8.370000 6.120000
991 7.130000 8.030000
992 2.260000 9.140000
993 9.280000 7.420000
994 4.620000 3.290000
995 8.120000 2.700000
996 1.570000 1.790000
997 2.780000 6.300000
998 1.340000 8.060000
999 8.480000 8.500000
1000 3.300000 2.070000
1001 8.850000 1.320000
1002 5.390000 1.680000
1003 7.740000 6.330000
1004 0.280000 0.090000
1005 9.190000 5.120000
1006 2.470000 5.810000
1007 6.170000 0.050000
1008 4.070000 5.420000
1009 1.080000 9.710000
1010 6.950000 3.120000
1011 5.390000 7.940000
1012 9.470000 3.750000
1013 6.940000 3.910000
1014 0.570000 3.910000
1015 6.090000 4.530000
1016 4.010000 1.190000
1017 0.690000 8.260000
1018 9.230000 6.870000
1019 3.300000 2.300000
1020 2.270000 0.510000
1021 0.500000 4.400000
1022 3.600000 8.960000
1023 7.800000 0.340000
1024 6.110000 2.080000
1025 9.410000 5.710000
1026 9.110000 7.290000
1027 0.400000 4.330000
1028 2.050000 8.050000
1029 0.250000 4.750000
1030 6.800000 9.940000
1031 8.920000 5.450000
1032 6.970000 2.600000
1033 4.870000 5.230000
1034 0.240000 3.170000
1035 9.070000 4.410000
1036 8.760000 7.550000
1037 9.900000 2.760000
1038 6.020000 5.330000
1039 9.760000 9.540000
1040 3.020000 7.440000
1041 6.700000 3.860000
1042 9.920000 3.090000
1043 1.800000 1.910000
1044 1.160000 2.440000
1045 4.330000 1.600000
1046 7.750000 0.650000
1047 3.870000 2.350000
1048 7.070000 1.920000
1049 4.880000 8.110000
1050 7.370000 3.620000
1051 5.420000 1.840000
1052 2.020000 4.910000
1053 0.700000 1.570000
1054 7.150000 0.100000
1055 1.200000 1.760000
1056 1.930000 1.290000
1057 2.400000 3.350000
1058 4.100000 2.370000
1059 1.020000 9.780000
1060 8.800000 9.280000
1061 1.740000 6.640000
1062 1.540000 3.770000
1063 5.470000 8.530000
1064 6.180000 5.140000
1065 9.664609 0.320645
1066 7.050000 0.190000
1067 0.730000 5.640000
1068 6.160000 1.760000
1069 9.170000 5.500000
1070 1.450000 6.910000
1071 8.350000 0.910000
1072 7.230000 1.840000
1073 4.210000 5.400000
1074 9.680000 1.070000
1075 0.070000 7.250000
1076 8.380000 7.540000
1077 9.850000 8.260000
1078 1.800000 7.640000
1079 8.430000 3.720000
1080 1.010000 0.720000
1081 9.460000 2.190000
1082 0.590000 7.970000
1083 4.620000 2.880000
1084 9.700000 6.070000
1085 7.510000 0.120000
1086 4.000000 5.280000
1087 1.250000 3.440000
1088 8.000000 7.310000
1089 2.660000 8.120000
1090 0.620000 1.100000
1091 1.340000 4.940000
1092 NaN NaN
1093 3.280000 3.390000
1094 1.100000 5.430000
1095 6.350000 2.790000
1096 6.980000 3.700000
1097 6.890000 6.480000
1098 3.150000 1.770000
1099 0.660000 0.310000
1100 1.550000 5.780000
1101 9.960000 0.510000
1102 9.650000 3.550000
1103 9.050000 1.470000
1104 0.250000 5.790000
1105 5.990000 5.410000
1106 6.070000 4.090000
1107 2.410000 4.190000
1108 3.570000 0.080000
1109 0.150000 3.370000
1110 7.860000 9.000000
1111 3.100000 6.440000
1112 9.290000 0.080000
1113 9.730000 2.430000
1114 9.760000 0.290000
1115 0.090000 6.300000
1116 0.640000 6.540000
1117 7.160000 3.320000
1118 3.540000 0.230000
1119 6.610000 8.660000
1120 6.550000 0.460000
1121 8.310000 5.070000
1122 9.670000 8.410000
1123 6.380000 5.590000
1124 6.270000 8.720000
1125 7.330000 7.990000
1126 9.310000 5.210000
1127 3.390000 1.330000
1128 4.430000 9.430000
1129 9.360000 9.550000
1130 8.320000 2.630000
1131 1.780000 7.770000
1132 4.420000 4.650000
1133 5.670000 4.800000
1134 0.110000 8.000000
1135 4.870000 6.980000
1136 3.730000 1.370000
1137 9.340000 0.650000
1138 3.570000 1.840000
1139 9.440000 4.580000
1140 5.270000 4.220000
1141 9.110000 8.960000
1142 3.580000 9.150000
1143 0.430000 3.900000
1144 2.550000 2.850000
1145 4.190000 9.120000
1146 1.450000 8.270000
1147 4.450000 7.830000
1148 7.152287 5.053074
1149 7.900000 5.250000
1150 3.470000 5.890000
1151 5.290000 4.380000
1152 9.040000 6.880000
1153 2.880000 1.640000
1154 2.190000 5.310000
1155 9.420000 1.710000
1156 8.550000 1.840000
1157 5.210000 6.080000
1158 3.960000 1.790000
1159 0.330000 1.420000
1160 2.050000 7.230000
1161 6.120000 4.790000
1162 5.120000 0.050000
1163 3.500000 8.270000
1164 6.800000 2.580000
1165 0.630000 8.180000
1166 6.110000 1.600000
1167 0.730000 1.270000
1168 4.950000 8.480000
1169 5.020000 9.180000
1170 7.510000 7.080000
1171 3.610000 7.650000
1172 8.440000 2.550000
1173 6.450000 5.530000
1174 3.540000 7.830000
1175 9.420000 9.130000
1176 9.370000 5.310000
1177 3.150000 9.660000
1178 4.180000 0.410000
1179 7.610000 4.380000
1180 1.430000 6.360000
1181 9.210000 2.260000
1182 1.170000 0.330000
1183 7.570000 7.860000
1184 3.810000 5.520000
1185 2.890000 7.430000
1186 5.330000 1.100000
1187 3.430000 4.080000
1188 6.210000 5.120000
1189 2.560000 7.330000
1190 1.410000 8.790000
1191 0.500000 0.710000
1192 0.350000 8.810000
1193 9.900000 4.890000
1194 4.980000 5.240000
1195 0.050000 0.830000
1196 1.110000 2.080000
1197 1.770000 5.760000
1198 7.020000 5.200000
1199 7.060000 8.590000
1200 6.260000 1.200000
1201 8.890000 4.980000
1202 1.140000 4.240000
1203 5.200000 9.690000
1204 9.750000 0.830000
1205 1.580000 4.430000
1206 4.960000 6.850000
1207 0.250000 0.550000
1208 0.420000 4.100000
1209 7.940000 8.780000
1210 4.830000 3.210000
1211 1.150000 5.110000
1212 1.520000 5.260000
1213 6.650000 6.180000
1214 0.620000 0.170000
1215 3.910000 8.660000
1216 9.560000 6.680000
1217 0.770000 2.420000
1218 2.800000 3.190000
1219 3.180000 6.370000
1220 6.750000 3.590000
1221 3.720000 8.260000
1222 0.820000 4.590000
1223 2.160000 2.210000
1224 4.230000 4.100000
1225 6.710000 2.170000
1226 6.350000 9.850000
1227 5.790000 3.240000
1228 3.130000 5.700000
1229 9.120000 1.960000
1230 3.290000 3.750000
1231 4.200000 6.400000
1232 0.680000 7.790000
1233 9.670000 3.940000
1234 0.180000 9.310000
1235 5.900000 8.920000
1236 8.820000 8.150000
1237 3.360000 2.080000
1238 3.460000 7.570000
1239 4.190000 6.740000
1240 7.990000 1.760000
1241 4.490000 7.200000
1242 8.130000 8.120000
1243 7.740000 7.910000
1244 2.010000 7.780000
1245 6.740000 1.750000
1246 4.650000 7.380000
1247 7.880000 5.730000
1248 1.640000 9.170000
1249 0.630000 4.970000
1250 6.290000 7.780000
1251 3.210000 6.910000
1252 2.600000 9.360000
1253 2.710000 2.530000
1254 0.350000 1.050000
1255 7.060000 0.040000
1256 0.380000 9.220000
1257 0.460000 3.510000
1258 7.300000 7.850000
1259 0.420000 0.990000
1260 8.990000 5.770000
1261 0.120000 7.940000
1262 2.880000 4.640000
1263 3.090000 2.410000
1264 6.270000 9.050000
1265 9.960000 7.270000
1266 0.840000 9.520000
1267 9.000000 3.500000
1268 7.700000 3.460000
1269 2.110000 2.100000
1270 1.090000 7.990000
1271 3.720000 6.010000
1272 2.570000 8.710000
1273 2.900000 2.260000
1274 9.900000 3.520000
1275 1.460000 0.270000
1276 0.150000 8.930000
1277 0.230000 2.280000
1278 9.950000 6.710000
1279 6.290000 7.110000
1280 3.640000 1.550000
1281 9.770000 0.630000
1282 1.300000 7.270000
1283 7.050000 3.990000
1284 6.100000 9.810000
1285 6.780000 1.210000
1286 0.690000 4.400000
1287 3.110000 0.070000
1288 1.960000 7.660000
1289 9.870000 7.410000
1290 3.930000 3.970000
1291 1.770000 7.160000
1292 5.410000 0.920000
1293 3.440000 4.150000
1294 4.250000 5.590000
1295 5.180000 4.480000
1296 7.060000 4.060000
1297 3.760000 8.510000
1298 1.790000 4.580000
1299 4.170000 9.860000
1300 9.030000 8.200000
1301 2.160000 6.930000
1302 3.780000 4.220000
1303 4.460000 9.410000
1304 8.290000 7.590000
1305 0.800000 5.780000
1306 7.780000 1.580000
1307 7.910000 6.340000
1308 2.710000 3.390000
1309 4.980000 8.360000
1310 1.260000 1.200000
1311 4.590000 5.500000
1312 5.900000 9.160000
1313 5.290000 4.940000
1314 2.140000 7.520000
1315 7.020000 0.780000
1316 4.510000 1.430000
1317 1.750000 7.600000
1318 8.210000 6.460000
1319 9.780000 1.080000
1320 6.550000 3.510000
1321 8.840000 3.590000
1322 6.990000 8.640000
1323 3.200000 5.680000
1324 8.840000 1.810000
1325 4.150000 2.830000
1326 0.330000 8.010000
1327 1.960000 1.330000
1328 0.740000 1.840000
1329 9.900000 6.860000
1330 1.070000 3.040000
1331 0.930000 2.310000
1332 0.250000 2.360000
1333 9.410000 2.360000
1334 2.550000 0.810000
1335 2.750000 9.970000
1336 8.790000 5.420000
1337 5.990000 7.970000
1338 2.960000 2.630000
1339 9.060000 0.820000
1340 4.180000 8.620000
1341 6.000000 9.740000
1342 4.500000 2.950000
1343 4.260000 0.870000
1344 0.250000 8.260000
1345 0.570000 1.040000
1346 5.480000 8.570000
1347 8.860000 0.180000
1348 2.480000 1.510000
1349 6.400000 6.390000
1350 8.540000 4.880000
1351 4.130000 5.700000
1352 9.650000 2.690000
1353 6.180000 8.000000
1354 9.730000 1.030000
1355 0.930000 6.250000
1356 9.250000 1.470000
1357 9.410000 6.620000
1358 7.050000 0.120000
1359 1.960000 6.190000
1360 9.060000 8.900000
1361 0.660000 9.560000
1362 4.410000 2.850000
1363 6.040000 4.500000
1364 0.950000 7.790000
1365 7.080000 9.340000
1366 9.940000 6.320000
1367 6.630000 5.380000
1368 9.180000 1.780000
1369 6.350000 6.710000
1370 9.760000 2.610000
1371 5.830000 2.320000
1372 0.120000 6.360000
1373 1.710000 5.120000
1374 3.160000 5.930000
1375 9.020000 6.050000
1376 7.790000 1.560000
1377 9.030000 2.040000
1378 5.380000 3.320000
1379 8.160000 2.200000
1380 4.520000 8.470000
1381 3.150000 4.270000
1382 9.590000 4.530000
1383 4.660000 0.050000
1384 8.800000 2.150000
1385 9.090000 0.320000
1386 0.850000 4.580000
1387 6.150000 3.450000
1388 8.000000 8.180000
1389 1.990000 1.530000
1390 6.820000 1.290000
1391 2.980000 0.970000
1392 9.310000 3.380000
1393 4.030000 3.360000
1394 9.780000 0.870000
1395 2.330000 3.190000
1396 3.800000 9.940000
1397 7.030000 7.000000
1398 6.800000 3.700000
1399 9.310000 9.570000
1400 6.070000 9.390000
1401 1.430000 4.930000
1402 1.520000 2.500000
1403 0.240000 3.190000
1404 2.350000 0.250000
1405 9.420000 8.770000
1406 5.480000 2.930000
1407 9.980000 4.220000
1408 9.050000 6.360000
1409 3.540000 2.010000
1410 9.180000 1.350000
1411 8.430000 6.650000
1412 0.210000 1.980000
1413 2.020000 9.600000
1414 8.390000 3.060000
1415 1.170000 2.420000
1416 3.640000 5.730000
1417 1.620000 1.020000
1418 9.230000 2.570000
1419 4.680000 1.100000
1420 2.330000 5.590000
1421 5.510000 5.120000
1422 3.900000 6.590000
1423 4.530000 6.940000
1424 5.440000 6.960000
1425 0.560000 5.160000
1426 8.560000 5.010000
1427 2.760000 4.560000
1428 8.030000 6.300000
1429 9.140000 0.670000
1430 6.830000 7.750000
1431 7.190000 4.260000
1432 9.180000 0.090000
1433 0.150000 9.680000
1434 8.370000 5.670000
1435 8.970000 3.890000
1436 9.920000 4.640000
1437 9.280000 5.830000
1438 0.730000 4.190000
1439 5.360000 5.300000
1440 9.890000 3.100000
1441 7.650000 6.970000
1442 4.090000 6.570000
1443 7.460000 0.570000
1444 4.680000 5.570000
1445 2.150000 8.720000
1446 3.890000 6.490000
1447 2.980000 7.380000
1448 7.020000 0.110000
1449 7.460000 5.080000
1450 6.940000 5.150000
1451 6.770000 3.280000
1452 0.800000 8.880000
1453 9.340000 0.300000
1454 4.670000 4.790000
1455 1.400000 7.230000
1456 5.420000 3.140000
1457 1.510000 7.800000
1458 3.360000 5.670000
1459 7.490000 3.330000
1460 3.010000 3.560000
1461 5.750000 8.620000
1462 5.100000 6.050000
1463 4.330000 0.430000
1464 0.930000 0.460000
1465 5.280000 0.770000
1466 9.800000 9.110000
1467 4.140000 5.620000
1468 0.300000 3.310000
1469 6.880000 4.070000
1470 5.790000 1.090000
1471 5.620000 7.290000
1472 1.500000 0.980000
1473 5.750000 6.120000
1474 4.490000 9.930000
1475 1.910000 5.080000
1476 0.190000 9.810000
1477 4.890000 8.980000
1478 8.740000 4.200000
1479 4.560000 0.240000
1480 7.910000 1.050000
1481 1.070000 9.550000
1482 6.130000 2.880000
1483 1.810000 5.700000
1484 0.050000 3.840000
1485 9.000000 3.590000
1486 8.450000 2.640000
1487 0.320000 7.980000
1488 2.770000 6.620000
1489 1.010000 8.030000
1490 1.620000 8.510000
1491 8.100000 4.220000
1492 1.560000 6.000000
1493 3.020000 1.490000
1494 6.520000 6.940000
1495 8.580000 1.820000
1496 7.460000 5.440000
1497 9.330000 0.470000
1498 8.830000 9.190000
1499 2.360000 7.020000
1500 6.650000 2.610000
1501 8.180000 5.380000
1502 1.760000 2.730000
1503 8.610000 4.080000
1504 7.020000 3.480000
1505 6.120000 4.170000
1506 0.080000 4.630000
1507 7.850000 6.110000
1508 6.830000 0.340000
1509 7.410000 9.720000
1510 1.780000 6.670000
1511 7.300000 2.990000
1512 0.190000 9.950000
1513 1.580000 2.340000
1514 4.450000 4.250000
1515 1.320000 1.790000
1516 3.290000 4.130000
1517 4.700000 1.610000
1518 1.300000 4.260000
1519 7.450000 8.410000
1520 4.350000 6.980000
1521 7.100000 1.180000
1522 3.490000 8.690000
1523 8.610000 8.440000
1524 7.990000 0.480000
1525 5.640000 2.730000
1526 2.520000 9.450000
1527 6.100000 3.410000
1528 3.240000 5.800000
1529 7.430000 3.050000
1530 2.670000 9.730000
1531 8.840000 4.790000
1532 5.370000 0.160000
1533 0.570000 4.130000
1534 7.410000 9.150000
1535 0.920000 0.280000
1536 6.800000 8.760000
1537 2.850000 7.830000
1538 9.290000 2.760000
1539 9.270000 6.620000
1540 1.520000 6.130000
1541 6.960000 3.830000
1542 2.910000 2.270000
1543 8.710000 6.190000
1544 4.560000 9.700000
1545 1.050000 3.720000
1546 2.970000 0.310000
1547 6.070000 1.650000
1548 8.250000 2.100000
1549 0.270000 3.600000
1550 8.430000 4.050000
1551 9.050000 8.670000
1552 6.790000 8.690000
1553 5.850000 5.820000
1554 7.980000 5.470000
1555 0.660000 3.070000
1556 9.480000 9.240000
1557 2.730000 4.740000
1558 6.200000 3.810000
1559 0.100000 2.590000
1560 2.240000 8.160000
1561 9.640000 1.330000
1562 9.890000 4.210000
1563 8.780000 0.330000
1564 8.030000 7.170000
1565 1.990000 9.860000
1566 6.320000 9.170000
1567 4.680000 6.950000
1568 1.920000 3.270000
1569 8.290000 3.150000
1570 4.580000 2.260000
1571 3.090000 4.150000
1572 2.460000 0.330000
1573 2.100000 7.600000
1574 8.690000 8.090000
1575 8.960000 7.910000
1576 5.730000 8.780000
1577 6.870000 8.270000
1578 7.040000 5.260000
1579 1.040000 6.590000
1580 7.730000 5.270000
1581 3.850000 8.190000
1582 4.850000 4.950000
1583 7.760000 8.260000
1584 7.380000 6.710000
1585 6.900000 1.510000
1586 1.320000 7.240000
1587 9.030000 5.050000
1588 7.140000 6.730000
1589 2.240000 1.440000
1590 7.120000 5.370000
1591 6.440000 1.100000
1592 0.780000 2.750000
1593 4.950000 3.500000
1594 2.100000 4.980000
1595 6.110000 5.030000
1596 4.530000 5.670000
1597 8.970000 4.430000
1598 6.300000 9.010000
1599 4.010000 8.810000
1600 3.490000 1.950000
1601 1.760000 8.190000
1602 7.990000 8.400000
1603 0.390000 3.100000
1604 NaN NaN
1605 0.600000 7.320000
1606 8.690000 5.930000
1607 1.750000 1.260000
1608 8.870000 6.510000
1609 4.160000 2.850000
1610 5.240000 7.090000
1611 7.600000 4.160000
1612 3.340000 9.290000
1613 2.980000 9.350000
1614 0.630000 9.500000
1615 8.020000 3.750000
1616 8.420000 6.240000
1617 8.820000 4.630000
1618 6.810000 2.660000
1619 8.490000 6.760000
1620 6.520000 3.240000
1621 8.930000 1.210000
1622 9.440000 9.440000
1623 2.940000 0.720000
1624 5.620000 2.570000
1625 8.450000 3.100000
1626 3.080000 9.050000
1627 4.180000 1.800000
1628 6.710000 1.060000
1629 8.600000 6.770000
1630 1.730000 4.890000
1631 2.860000 8.130000
1632 0.760000 5.620000
1633 5.640000 5.800000
1634 5.460000 5.440000
1635 2.980000 0.840000
1636 0.110000 0.940000
1637 7.140000 7.690000
1638 8.840000 3.300000
1639 8.560000 5.200000
1640 8.570000 0.760000
1641 3.200000 4.440000
1642 7.910000 3.260000
1643 7.340000 0.720000
1644 4.430000 0.210000
1645 0.790000 1.880000
1646 0.410000 8.190000
1647 2.080000 2.420000
1648 4.710000 6.200000
1649 4.950000 4.970000
1650 5.360000 3.380000
1651 1.730000 8.340000
1652 3.630000 8.340000
1653 2.660000 3.880000
1654 1.370000 8.310000
1655 2.110000 3.100000
1656 6.300000 5.050000
1657 8.630000 9.090000
1658 1.510000 7.630000
1659 3.910000 3.690000
1660 2.220000 8.030000
1661 4.950000 3.880000
1662 9.060000 5.290000
1663 7.510000 3.990000
1664 3.540000 2.920000
1665 6.770000 9.380000
1666 0.930000 8.850000
1667 1.830000 3.650000
1668 8.100000 0.880000
1669 4.370000 7.920000
1670 9.640000 4.550000
1671 3.800000 4.020000
1672 9.470000 0.560000
1673 8.360000 0.210000
1674 7.410000 7.610000
1675 7.080000 1.950000
1676 0.910000 3.080000
1677 6.340000 0.660000
1678 4.210000 5.840000
1679 2.590000 0.780000
1680 6.760000 9.200000
1681 5.360000 2.880000
1682 9.190000 5.630000
1683 1.800000 6.690000
1684 4.420000 2.340000
1685 9.460000 2.580000
1686 7.930000 9.250000
1687 9.090000 7.540000
1688 4.750000 7.670000
1689 1.010000 4.180000
1690 9.290000 8.370000
1691 4.070000 6.140000
1692 1.270000 4.480000
1693 5.800000 2.310000
1694 6.980000 3.860000
1695 8.340000 0.420000
1696 6.720000 6.710000
1697 3.190000 8.840000
1698 2.390000 6.190000
1699 7.900000 1.720000
1700 6.860000 9.710000
1701 2.040000 2.200000
1702 4.380000 0.300000
1703 2.610000 2.750000
1704 3.640000 0.850000
1705 7.850000 8.720000
1706 7.620000 2.580000
1707 7.720000 3.360000
1708 2.370000 4.720000
1709 8.830000 1.980000
1710 3.570000 6.680000
1711 1.330000 8.560000
1712 8.730000 9.560000
1713 3.170000 5.440000
1714 8.590000 0.530000
1715 4.100000 6.170000
1716 1.460000 4.140000
1717 5.270000 6.690000
1718 3.560000 6.100000
1719 7.000000 1.270000
1720 8.650000 2.830000
1721 2.380000 6.450000
1722 7.050000 0.260000
1723 0.510000 6.830000
1724 4.430000 8.220000
1725 2.950000 9.500000
1726 5.290000 1.820000
1727 2.210000 2.070000
1728 8.040000 3.400000
1729 3.650000 9.400000
1730 9.870000 1.860000
1731 7.270000 3.190000
1732 6.100000 2.790000
1733 0.560000 1.830000
1734 9.340000 5.530000
1735 7.810000 5.290000
1736 5.330000 1.220000
1737 1.340000 7.570000
1738 5.900000 6.650000
1739 0.910000 5.290000
1740 6.980000 8.840000
1741 0.640000 6.830000
1742 4.960000 1.850000
1743 1.180000 5.480000
1744 8.640000 5.210000
1745 2.940000 0.700000
1746 0.990000 8.320000
1747 9.880000 6.190000
1748 0.060000 3.030000
1749 5.010000 1.110000
1750 5.550000 3.080000
1751 8.680000 3.810000
1752 3.430000 1.960000
1753 4.640000 2.510000
1754 7.860000 6.910000
1755 4.170000 8.210000
1756 8.800000 4.520000
1757 3.490000 1.710000
1758 6.630000 9.170000
1759 4.850000 0.960000
1760 8.240000 3.810000
1761 3.170000 4.600000
1762 4.990000 1.910000
1763 2.730000 3.300000
1764 7.710000 6.220000
1765 6.240000 5.280000
1766 1.920000 5.770000
1767 6.160000 9.120000
1768 0.090000 8.360000
1769 6.310000 2.890000
1770 1.780000 5.290000
1771 3.700000 8.270000
1772 7.280000 8.160000
1773 6.670000 7.510000
1774 3.680000 7.760000
1775 6.680000 3.230000
1776 3.020000 8.420000
1777 7.770000 3.340000
1778 2.680000 9.930000
1779 5.840000 9.940000
1780 7.270000 0.870000
1781 4.250000 3.110000
1782 8.180000 9.620000
1783 3.810000 9.910000
1784 2.860000 4.350000
1785 4.550000 4.220000
1786 8.450000 4.010000
1787 5.420000 3.580000
1788 3.600000 9.280000
1789 8.550000 6.060000
1790 4.020000 4.680000
1791 2.630000 6.330000
1792 5.360000 0.850000
1793 2.290000 7.340000
1794 9.710000 1.240000
1795 1.340000 6.570000
1796 7.140000 3.490000
1797 2.470000 6.310000
1798 9.180000 2.180000
1799 6.340000 0.460000
1800 8.150000 4.330000
1801 0.390000 5.320000
1802 1.850000 9.690000
1803 3.410000 7.670000
1804 9.910000 5.460000
1805 9.230000 9.600000
1806 2.230000 8.840000
1807 0.250000 7.340000
1808 1.450000 4.230000
1809 6.220000 1.010000
1810 2.150000 9.900000
1811 9.610000 6.550000
1812 7.870000 5.710000
1813 8.520000 5.150000
1814 8.130000 2.210000
1815 1.490000 5.770000
1816 0.640000 3.040000
1817 4.380000 6.390000
1818 8.350000 6.390000
1819 0.520000 8.750000
1820 5.550000 8.230000
1821 4.250000 2.000000
1822 1.610000 1.890000
1823 0.390000 1.440000
1824 9.260000 3.010000
1825 4.350000 5.110000
1826 6.670000 1.780000
1827 1.890000 9.060000
1828 0.870000 6.470000
1829 7.930000 8.160000
1830 3.990000 8.080000
1831 5.690000 4.230000
1832 6.020000 6.610000
1833 9.580000 2.370000
1834 8.080000 0.780000
1835 0.760000 6.410000
1836 2.560000 2.800000
1837 1.320000 2.780000
1838 9.060000 0.300000
1839 8.590000 8.260000
1840 6.360000 2.730000
1841 5.200000 2.090000
1842 2.160000 1.970000
1843 2.060000 6.580000
1844 5.830000 9.620000
1845 9.970000 5.760000
1846 4.510000 4.040000
1847 8.170000 3.850000
1848 5.990000 0.280000
1849 8.500000 8.360000
1850 3.120000 1.080000
1851 2.030000 0.620000
1852 0.670000 0.990000
1853 9.370000 6.030000
1854 8.630000 2.780000
1855 5.140000 5.000000
1856 9.330000 6.600000
1857 7.300000 7.890000
1858 8.060000 3.330000
1859 1.090000 6.780000
1860 0.530000 6.900000
1861 6.780000 8.000000
1862 7.860000 3.550000
1863 NaN NaN
1864 4.310000 6.820000
1865 2.310000 0.710000
1866 1.960000 2.170000
1867 0.110000 7.720000
1868 5.020000 5.870000
1869 4.370000 5.020000
1870 1.940000 2.330000
1871 2.200000 5.980000
1872 2.570000 8.170000
1873 3.920000 3.400000
1874 2.390000 8.760000
1875 5.390000 0.800000
1876 1.030000 7.020000
1877 8.690000 8.240000
1878 5.360000 3.480000
1879 7.380000 2.140000
1880 0.590000 9.310000
1881 5.310000 6.290000
1882 9.260000 7.180000
1883 3.670000 0.200000
1884 8.190000 8.250000
1885 7.700000 5.230000
1886 9.280000 1.580000
1887 7.010000 4.040000
1888 7.280000 9.240000
1889 4.340000 8.510000
1890 9.060000 3.620000
1891 6.620000 6.070000
1892 2.400000 3.300000
1893 5.960000 7.910000
1894 8.520000 3.700000
1895 9.400000 7.440000
1896 1.300000 5.180000
1897 7.980000 7.460000
1898 1.430000 6.220000
1899 9.940000 2.010000
1900 6.410000 4.790000
1901 3.650000 3.620000
1902 3.540000 7.200000
1903 6.960000 7.690000
1904 3.810000 9.880000
1905 6.800000 2.060000
1906 8.520000 2.050000
1907 5.820000 8.540000
1908 4.170000 1.270000
1909 4.730000 6.130000
1910 6.120000 4.390000
1911 3.760000 1.100000
1912 5.180000 8.840000
1913 0.700000 7.460000
1914 9.810000 4.070000
1915 0.980000 8.130000
1916 4.610000 6.150000
1917 6.590000 7.200000
1918 6.290000 8.950000
1919 0.740000 0.150000
1920 3.440000 5.740000
1921 7.030000 6.660000
1922 9.940000 4.830000
1923 2.000000 6.340000
1924 4.820000 1.560000
1925 1.310000 1.720000
1926 3.630000 6.510000
1927 3.830000 0.950000
1928 4.660000 0.370000
1929 0.310000 3.420000
1930 3.730000 5.600000
1931 5.190000 3.530000
1932 1.460000 4.030000
1933 2.910000 5.130000
1934 5.930000 8.550000
1935 9.690000 3.400000
1936 1.260000 2.030000
1937 3.620000 8.560000
1938 1.740000 6.320000
1939 9.050000 7.710000
1940 3.980000 5.270000
1941 8.820000 0.590000
1942 7.570000 1.620000
1943 5.290000 6.820000
1944 1.240000 6.770000
1945 6.530000 7.090000
1946 8.020000 9.690000
1947 9.500000 8.890000
1948 5.480000 3.180000
1949 5.790000 9.900000
1950 2.870000 7.370000
1951 4.700000 4.310000
1952 6.770000 0.230000
1953 2.140000 9.700000
1954 4.390000 0.060000
1955 3.500000 9.390000
1956 0.560000 5.520000
1957 4.050000 6.940000
1958 6.280000 3.800000
1959 1.550000 3.380000
1960 5.940000 4.300000
1961 5.700000 4.590000
1962 7.660000 7.370000
1963 5.390000 9.820000
1964 4.300000 1.920000
1965 3.600000 1.510000
1966 3.650000 3.810000
1967 4.640000 5.940000
1968 6.510000 1.390000
1969 9.540000 4.910000
1970 3.920000 7.570000
1971 3.440000 9.580000
1972 0.400000 6.800000
1973 8.290000 5.160000
1974 1.070000 2.180000
1975 0.820000 7.800000
1976 1.850000 4.430000
1977 2.970000 3.770000
1978 0.950000 8.740000
1979 9.590000 7.930000
1980 5.340000 6.260000
1981 0.990000 4.310000
1982 0.180000 8.990000
1983 5.830000 7.580000
1984 5.490000 9.910000
1985 5.440000 9.220000
1986 5.090000 4.250000
1987 8.160000 9.480000
1988 7.610000 0.790000
1989 4.470000 8.580000
1990 4.920000 8.070000
1991 7.000000 6.910000
1992 6.710000 0.520000
1993 8.690000 6.740000
1994 9.880000 4.460000
1995 8.350000 0.970000
1996 8.500000 0.510000
1997 5.240000 5.360000
1998 1.550000 0.900000
1999 9.420000 4.380000
2000 7.560000 8.130000
2001 0.740000 3.310000
2002 8.700000 4.610000
2003 5.850000 6.300000
2004 6.410000 5.580000
2005 1.980000 3.450000
2006 6.800000 2.510000
2007 8.490000 9.610000
2008 0.670000 1.600000
2009 8.010000 5.880000
2010 6.900000 9.450000
2011 2.800000 3.630000
2012 7.860000 1.180000
2013 0.460000 5.110000
2014 4.340000 4.090000
2015 2.040000 1.560000
2016 9.570000 8.320000
2017 4.370000 7.840000
2018 6.460000 0.750000
2019 9.100000 7.760000
2020 6.790000 5.100000
2021 3.610000 0.560000
2022 8.860000 4.780000
2023 1.300000 5.730000
2024 1.340000 6.070000
2025 6.640000 4.880000
2026 3.570000 0.240000
2027 4.950000 3.700000
2028 5.350000 9.060000
2029 7.840000 8.170000
2030 9.720000 4.760000
2031 8.620000 8.960000
2032 0.940000 7.270000
2033 1.990000 7.200000
2034 7.600000 4.260000
2035 7.310000 9.910000
2036 8.280000 3.840000
2037 7.260000 1.030000
2038 9.190000 2.050000
2039 8.940000 2.300000
2040 5.360000 8.210000
2041 7.170000 2.280000
2042 2.050000 6.530000
2043 5.300000 3.770000
2044 5.740000 2.810000
2045 8.830000 3.510000
2046 2.180000 6.120000
2047 8.790000 8.780000
2048 4.360000 4.140000
2049 3.850000 0.930000
2050 6.070000 0.510000
2051 1.410000 4.740000
2052 0.750000 0.160000
2053 8.660000 0.080000
2054 3.710000 1.860000
2055 5.300000 4.620000
2056 4.150000 7.980000
2057 1.890000 6.900000
2058 0.630000 5.610000
2059 3.720000 1.070000
2060 9.830000 0.650000
2061 5.580000 4.700000
2062 0.270000 6.160000
2063 8.290000 8.470000
2064 0.660000 2.430000
2065 3.690000 4.840000
2066 4.930000 2.750000
2067 8.280000 6.600000
2068 8.450000 8.940000
2069 8.350000 4.120000
2070 6.350000 3.640000
2071 8.190000 8.090000
2072 0.800000 3.660000
2073 7.070000 9.660000
2074 5.110000 1.290000
2075 2.390000 8.570000
2076 2.540000 2.720000
2077 8.880000 9.160000
2078 3.820000 4.900000
2079 0.350000 0.450000
2080 6.670000 6.820000
2081 5.910000 0.700000
2082 3.820000 6.230000
2083 7.220000 6.440000
2084 6.640000 5.960000
2085 1.310000 4.490000
2086 6.820000 7.300000
2087 4.850000 0.420000
2088 0.570000 4.060000
2089 5.510000 1.180000
2090 8.650000 8.540000
2091 6.970000 5.760000
2092 8.940000 0.670000
2093 2.030000 1.150000
2094 3.940000 6.890000
2095 2.080000 2.840000
2096 6.520000 6.270000
2097 1.590000 8.900000
2098 5.970000 7.660000
2099 7.460000 0.330000
2100 4.470000 2.050000
2101 9.340000 5.470000
2102 3.710000 3.330000
2103 3.700000 1.390000
2104 7.530000 3.230000
2105 4.020000 9.690000
2106 7.090000 2.810000
2107 2.670000 7.730000
2108 8.970000 2.250000
2109 9.470000 3.410000
2110 0.690000 3.590000
2111 3.870000 6.140000
2112 4.380000 2.710000
2113 1.940000 9.430000
2114 0.510000 8.700000
2115 3.340000 8.020000
2116 0.460000 0.030000
2117 5.430000 5.810000
2118 2.880000 8.190000
2119 5.260000 7.100000
2120 9.310000 1.610000
2121 5.790000 7.670000
2122 6.440000 8.950000
2123 6.230000 0.370000
2124 6.820000 5.860000
2125 7.060000 8.790000
2126 0.130000 7.810000
2127 9.930000 7.430000
2128 1.460000 8.900000
2129 2.130000 0.050000
2130 6.780000 3.950000
2131 4.590000 2.220000
2132 4.320000 3.630000
2133 6.970000 6.260000
2134 2.310000 1.700000
2135 8.400000 8.050000
2136 3.060000 6.050000
2137 1.230000 4.420000
2138 4.980000 0.700000
2139 7.990000 4.030000
2140 4.680000 8.350000
2141 1.270000 4.170000
2142 9.410000 0.140000
2143 9.530000 9.780000
2144 9.940000 2.400000
2145 9.540000 8.660000
2146 7.540000 6.990000
2147 0.610000 8.530000
2148 0.270000 3.430000
2149 4.630000 9.380000
2150 4.550000 1.020000
2151 4.710000 4.740000
2152 6.500000 0.550000
2153 0.090000 5.170000
2154 2.860000 1.290000
2155 9.590000 4.750000
2156 7.550000 3.670000
2157 4.920000 6.400000
2158 5.710000 4.490000
2159 2.590000 3.680000
2160 8.070000 6.990000
2161 8.700000 2.280000
2162 2.360000 4.640000
2163 9.320000 0.710000
2164 0.960000 0.990000
2165 1.270000 7.140000
2166 5.420000 9.960000
2167 8.630000 2.140000
2168 2.300000 0.390000
2169 6.190000 5.760000
2170 6.340000 5.700000
2171 0.450000 5.430000
2172 8.940000 6.240000
2173 3.040000 8.360000
2174 3.170000 1.390000
2175 9.210000 7.000000
2176 9.150000 8.100000
2177 0.760000 7.790000
2178 1.460000 9.160000
2179 2.850000 6.130000
2180 1.480000 7.310000
2181 9.520000 2.560000
2182 9.600000 1.700000
2183 4.610000 3.980000
2184 5.300000 8.030000
2185 9.960000 6.740000
2186 1.170000 8.310000
2187 2.630000 4.020000
2188 6.910000 3.770000
2189 0.620000 3.340000
2190 1.170000 8.200000
2191 5.700000 2.020000
2192 8.940000 5.540000
2193 6.190000 8.170000
2194 3.510000 0.550000
2195 6.430000 1.830000
2196 6.290000 6.490000
2197 3.960000 2.470000
2198 3.270000 7.990000
2199 0.820000 1.240000
2200 1.120000 0.480000
2201 5.860000 4.040000
2202 3.950000 0.680000
2203 5.370000 1.850000
2204 1.520000 6.240000
2205 8.590000 8.830000
2206 3.670000 1.740000
2207 2.360000 9.360000
2208 1.740000 8.820000
2209 5.200000 8.060000
2210 2.250000 9.120000
2211 4.550000 8.940000
2212 0.210000 9.760000
2213 5.370000 4.710000
2214 6.960000 7.390000
2215 2.280000 0.370000
2216 0.350000 3.200000
2217 9.380000 0.890000
2218 9.710000 5.270000
2219 1.900000 1.690000
2220 3.130000 9.920000
2221 4.490000 8.380000
2222 4.680000 1.580000
2223 6.530000 1.150000
2224 8.020000 0.600000
2225 9.500000 1.350000
2226 4.380000 4.040000
2227 0.860000 5.170000
2228 4.030000 9.820000
2229 1.840000 6.230000
2230 1.780000 0.720000
2231 7.200000 7.700000
2232 0.900000 7.940000
2233 5.170000 4.660000
2234 2.240000 1.360000
2235 9.150000 6.880000
2236 8.250000 6.490000
2237 6.480000 4.070000
2238 6.910000 1.520000
2239 6.420000 7.850000
2240 7.530000 3.770000
2241 1.850000 4.080000
2242 3.960000 2.220000
2243 9.370000 8.980000
2244 4.300000 2.730000
2245 8.600000 9.650000
2246 6.960000 1.140000
2247 1.470000 2.180000
2248 6.940000 9.180000
2249 5.760000 3.070000
2250 0.210000 2.130000
2251 2.930000 3.180000
2252 7.370000 3.690000
2253 7.480000 5.470000
2254 6.880000 3.090000
2255 4.670000 8.880000
2256 9.260000 4.270000
2257 1.930000 9.470000
2258 9.550000 9.040000
2259 9.590000 1.770000
2260 1.260000 7.300000
2261 8.750000 2.440000
2262 6.530000 8.160000
2263 6.630000 2.540000
2264 0.820000 6.330000
2265 4.330000 2.110000
2266 9.120000 6.600000
2267 2.950000 2.250000
2268 2.980000 4.270000
2269 1.230000 0.980000
2270 0.140000 2.870000
2271 8.900000 0.060000
2272 3.170000 8.920000
2273 7.270000 9.070000
2274 1.620000 9.970000
2275 2.810000 1.900000
2276 1.430000 0.550000
2277 5.420000 4.400000
2278 1.880000 5.710000
2279 9.510000 1.740000
2280 5.170000 4.260000
2281 8.470000 8.750000
2282 8.200000 3.930000
2283 2.140000 1.410000
2284 4.000000 6.320000
2285 2.170000 6.200000
2286 1.680000 2.850000
2287 7.220000 5.990000
2288 6.130000 9.360000
2289 2.780000 5.900000
2290 8.390000 9.600000
2291 1.260000 7.040000
2292 6.340000 8.940000
2293 5.860000 9.380000
2294 5.240000 3.910000
2295 2.060000 0.110000
2296 7.040000 5.310000
2297 8.660000 7.710000
2298 3.110000 2.600000
2299 8.910000 8.460000
2300 6.050000 1.660000
2301 8.320000 5.080000
2302 7.120000 5.400000
2303 3.150000 8.750000
2304 0.270000 4.490000
2305 9.180000 5.250000
2306 2.220000 0.270000
2307 7.800000 9.700000
2308 1.950000 9.280000
2309 2.460000 5.490000
2310 2.260000 9.640000
2311 2.720000 1.410000
2312 3.250000 7.460000
2313 8.080000 9.520000
2314 3.500000 1.090000
2315 2.930000 6.050000
2316 6.990000 8.960000
2317 4.880000 6.190000
2318 3.710000 3.900000
2319 9.220000 4.810000
2320 5.190000 6.680000
2321 2.730000 2.660000
2322 8.120000 5.690000
2323 3.100000 9.270000
2324 2.050000 5.580000
2325 8.780000 9.160000
2326 1.250000 8.220000
2327 7.030000 4.440000
2328 7.840000 5.610000
2329 2.940000 9.960000
2330 9.640000 5.970000
2331 6.760000 2.570000
2332 3.020000 2.120000
2333 6.840000 6.220000
2334 0.770000 2.310000
2335 0.680000 2.270000
2336 5.530000 8.920000
2337 0.150000 9.440000
2338 1.680000 4.700000
2339 3.380000 6.570000
2340 7.850000 5.100000
2341 6.500000 0.960000
2342 7.760000 3.020000
2343 0.910000 9.680000
2344 2.400000 9.480000
2345 6.830000 0.450000
2346 9.520000 0.520000
2347 9.120000 2.390000
2348 7.660000 5.790000
2349 5.430000 5.320000
2350 9.500000 2.170000
2351 3.720000 6.040000
2352 6.910000 5.900000
2353 2.610000 4.280000
2354 8.910000 7.550000
2355 3.810000 0.990000
2356 1.320000 6.390000
2357 9.230000 8.170000
2358 1.000000 3.710000
2359 3.800000 9.010000
2360 0.580000 6.180000
2361 5.730000 6.570000
2362 5.680000 0.750000
2363 7.570000 4.770000
2364 7.920000 3.310000
2365 6.780000 3.340000
2366 4.690000 3.120000
2367 6.990000 5.440000
2368 0.160000 3.620000
2369 2.170000 5.930000
2370 8.270000 4.700000
2371 4.820000 8.200000
2372 NaN NaN
2373 5.130000 6.140000
2374 6.160000 0.320000
2375 1.720000 6.980000
2376 4.090000 8.740000
2377 9.200000 3.040000
2378 1.440000 0.570000
2379 3.650000 1.540000
2380 1.470000 3.090000
2381 5.020000 1.000000
2382 6.410000 2.490000
2383 2.990000 7.010000
2384 1.870000 9.170000
2385 2.780000 5.160000
2386 3.860000 1.640000
2387 3.850000 0.750000
2388 6.170000 2.330000
2389 4.970000 3.290000
2390 8.360000 0.950000
2391 9.650000 7.880000
2392 3.340000 0.600000
2393 2.030000 9.290000
2394 9.570000 8.570000
2395 7.400000 8.780000
2396 6.250000 8.490000
