0 0.000000 0.000000
1 0.100000 0.000000
2 0.200000 0.000000
3 0.300000 0.000000
4 0.400000 0.000000
5 0.500000 0.000000
6 0.600000 0.000000
7 0.700000 0.000000
8 0.800000 0.000000
9 0.900000 0.000000
10 1.000000 0.000000
11 1.100000 0.000000
12 1.200000 0.000000
13 1.300000 0.000000
14 1.400000 0.000000
15 1.500000 0.000000
16 1.600000 0.000000
17 1.700000 0.000000
18 1.800000 0.000000
19 1.900000 0.000000
20 2.000000 0.000000
21 2.100000 0.000000
22 2.200000 0.000000
23 2.300000 0.000000
24 2.400000 0.000000
25 2.500000 0.000000
26 2.600000 0.000000
27 2.700000 0.000000
28 2.800000 0.000000
29 2.900000 0.000000
30 3.000000 0.000000
31 3.100000 0.000000
32 3.200000 0.000000
33 3.300000 0.000000
34 3.400000 0.000000
35 3.500000 0.000000
36 3.600000 0.000000
37 3.700000 0.000000
38 3.800000 0.000000
39 3.900000 0.000000
40 4.000000 0.000000
41 4.100000 0.000000
42 4.200000 0.000000
43 4.300000 0.000000
44 4.400000 0.000000
45 4.500000 0.000000
46 4.600000 0.000000
47 4.700000 0.000000
48 4.800000 0.000000
49 4.900000 0.000000
50 5.000000 0.000000
51 5.100000 0.000000
52 5.200000 0.000000
53 5.300000 0.000000
54 5.400000 0.000000
55 5.500000 0.000000
56 5.600000 0.000000
57 5.700000 0.000000
58 5.800000 0.000000
59 5.900000 0.000000
60 6.000000 0.000000
61 6.100000 0.000000
62 6.200000 0.000000
63 6.300000 0.000000
64 6.400000 0.000000
65 6.500000 0.000000
66 6.600000 0.000000
67 6.700000 0.000000
68 6.800000 0.000000
69 6.900000 0.000000
70 7.000000 0.000000
71 7.100000 0.000000
72 7.200000 0.000000
73 7.300000 0.000000
74 7.400000 0.000000
75 7.500000 0.000000
76 7.600000 0.000000
77 7.700000 0.000000
78 7.800000 0.000000
79 7.900000 0.000000
80 8.000000 0.000000
81 8.100000 0.000000
82 8.200000 0.000000
83 8.300000 0.000000
84 8.400000 0.000000
85 8.500000 0.000000
86 8.600000 0.000000
87 8.700000 0.000000
88 8.800000 0.000000
89 8.900000 0.000000
90 9.000000 0.000000
91 9.100000 0.000000
92 9.200000 0.000000
93 9.300000 0.000000
94 9.400000 0.000000
95 9.500000 0.000000
96 9.600000 0.000000
97 9.700000 0.000000
98 9.800000 0.000000
99 9.900000 0.000000
100 10.000000 0.000000
101 10.000000 0.100000
102 10.000000 0.200000
103 10.000000 0.300000
104 10.000000 0.400000
105 10.000000 0.500000
106 10.000000 0.600000
107 10.000000 0.700000
108 10.000000 0.800000
109 10.000000 0.900000
110 10.000000 1.000000
111 10.000000 1.100000
112 10.000000 1.200000
113 10.000000 1.300000
114 10.000000 1.400000
115 10.000000 1.500000
116 10.000000 1.600000
117 10.000000 1.700000
118 10.000000 1.800000
119 10.000000 1.900000
120 10.000000 2.000000
121 10.000000 2.100000
122 10.000000 2.200000
123 10.000000 2.300000
124 10.000000 2.400000
125 10.000000 2.500000
126 10.000000 2.600000
127 10.000000 2.700000
128 10.000000 2.800000
129 10.000000 2.900000
130 10.000000 3.000000
131 10.000000 3.100000
132 10.000000 3.200000
133 10.000000 3.300000
134 10.000000 3.400000
135 10.000000 3.500000
136 10.000000 3.600000
137 10.000000 3.700000
138 10.000000 3.800000
139 10.000000 3.900000
140 10.000000 4.000000
141 10.000000 4.100000
142 10.000000 4.200000
143 10.000000 4.300000
144 10.000000 4.400000
145 10.000000 4.500000
146 10.000000 4.600000
147 10.000000 4.700000
148 10.000000 4.800000
149 10.000000 4.900000
150 10.000000 5.000000
151 10.000000 5.100000
152 10.000000 5.200000
153 10.000000 5.300000
154 10.000000 5.400000
155 10.000000 5.500000
156 10.000000 5.600000
157 10.000000 5.700000
158 10.000000 5.800000
159 10.000000 5.900000
160 10.000000 6.000000
161 10.000000 6.100000
162 10.000000 6.200000
163 10.000000 6.300000
164 10.000000 6.400000
165 10.000000 6.500000
166 10.000000 6.600000
167 10.000000 6.700000
168 10.000000 6.800000
169 10.000000 6.900000
170 10.000000 7.000000
171 10.000000 7.100000
172 10.000000 7.200000
173 10.000000 7.300000
174 10.000000 7.400000
175 10.000000 7.500000
176 10.000000 7.600000
177 10.000000 7.700000
178 10.000000 7.800000
179 10.000000 7.900000
180 10.000000 8.000000
181 10.000000 8.100000
182 10.000000 8.200000
183 10.000000 8.300000
184 10.000000 8.400000
185 10.000000 8.500000
186 10.000000 8.600000
187 10.000000 8.700000
188 10.000000 8.800000
189 10.000000 8.900000
190 10.000000 9.000000
191 10.000000 9.100000
192 10.000000 9.200000
193 10.000000 9.300000
194 10.000000 9.400000
195 10.000000 9.500000
196 10.000000 9.600000
197 10.000000 9.700000
198 10.000000 9.800000
199 10.000000 9.900000
200 10.000000 10.000000
201 9.900000 10.000000
202 9.800000 10.000000
203 9.700000 10.000000
204 9.600000 10.000000
205 9.500000 10.000000
206 9.400000 10.000000
207 9.300000 10.000000
208 9.200000 10.000000
209 9.100000 10.000000
210 9.000000 10.000000
211 8.900000 10.000000
212 8.800000 10.000000
213 8.700000 10.000000
214 8.600000 10.000000
215 8.500000 10.000000
216 8.400000 10.000000
217 8.300000 10.000000
218 8.200000 10.000000
219 8.100000 10.000000
220 8.000000 10.000000
221 7.900000 10.000000
222 7.800000 10.000000
223 7.700000 10.000000
224 7.600000 10.000000
225 7.500000 10.000000
226 7.400000 10.000000
227 7.300000 10.000000
228 7.200000 10.000000
229 7.100000 10.000000
230 7.000000 10.000000
231 6.900000 10.000000
232 6.800000 10.000000
233 6.700000 10.000000
234 6.600000 10.000000
235 6.500000 10.000000
236 6.400000 10.000000
237 6.300000 10.000000
238 6.200000 10.000000
239 6.100000 10.000000
240 6.000000 10.000000
241 5.900000 10.000000
242 5.800000 10.000000
243 5.700000 10.000000
244 5.600000 10.000000
245 5.500000 10.000000
246 5.400000 10.000000
247 5.300000 10.000000
248 5.200000 10.000000
249 5.100000 10.000000
250 5.000000 10.000000
251 4.900000 10.000000
252 4.800000 10.000000
253 4.700000 10.000000
254 4.600000 10.000000
255 4.500000 10.000000
256 4.400000 10.000000
257 4.300000 10.000000
258 4.200000 10.000000
259 4.100000 10.000000
260 4.000000 10.000000
261 3.900000 10.000000
262 3.800000 10.000000
263 3.700000 10.000000
264 3.600000 10.000000
265 3.500000 10.000000
266 3.400000 10.000000
267 3.300000 10.000000
268 3.200000 10.000000
269 3.100000 10.000000
270 3.000000 10.000000
271 2.900000 10.000000
272 2.800000 10.000000
273 2.700000 10.000000
274 2.600000 10.000000
275 2.500000 10.000000
276 2.400000 10.000000
277 2.300000 10.000000
278 2.200000 10.000000
279 2.100000 10.000000
280 2.000000 10.000000
281 1.900000 10.000000
282 1.800000 10.000000
283 1.700000 10.000000
284 1.600000 10.000000
285 1.500000 10.000000
286 1.400000 10.000000
287 1.300000 10.000000
288 1.200000 10.000000
289 1.100000 10.000000
290 1.000000 10.000000
291 0.900000 10.000000
292 0.800000 10.000000
293 0.700000 10.000000
294 0.600000 10.000000
295 0.500000 10.000000
296 0.400000 10.000000
297 0.300000 10.000000
298 0.200000 10.000000
299 0.100000 10.000000
300 0.000000 10.000000
301 0.000000 9.900000
302 0.000000 9.800000
303 0.000000 9.700000
304 0.000000 9.600000
305 0.000000 9.500000
306 0.000000 9.400000
307 0.000000 9.300000
308 0.000000 9.200000
309 0.000000 9.100000
310 0.000000 9.000000
311 0.000000 8.900000
312 0.000000 8.800000
313 0.000000 8.700000
314 0.000000 8.600000
315 0.000000 8.500000
316 0.000000 8.400000
317 0.000000 8.300000
318 0.000000 8.200000
319 0.000000 8.100000
320 0.000000 8.000000
321 0.000000 7.900000
322 0.000000 7.800000
323 0.000000 7.700000
324 0.000000 7.600000
325 0.000000 7.500000
326 0.000000 7.400000
327 0.000000 7.300000
328 0.000000 7.200000
329 0.000000 7.100000
330 0.000000 7.000000
331 0.000000 6.900000
332 0.000000 6.800000
333 0.000000 6.700000
334 0.000000 6.600000
335 0.000000 6.500000
336 0.000000 6.400000
337 0.000000 6.300000
338 0.000000 6.200000
339 0.000000 6.100000
340 0.000000 6.000000
341 0.000000 5.900000
342 0.000000 5.800000
343 0.000000 5.700000
344 0.000000 5.600000
345 0.000000 5.500000
346 0.000000 5.400000
347 0.000000 5.300000
348 0.000000 5.200000
349 0.000000 5.100000
350 0.000000 5.000000
351 0.000000 4.900000
352 0.000000 4.800000
353 0.000000 4.700000
354 0.000000 4.600000
355 0.000000 4.500000
356 0.000000 4.400000
357 0.000000 4.300000
358 0.000000 4.200000
359 0.000000 4.100000
360 0.000000 4.000000
361 0.000000 3.900000
362 0.000000 3.800000
363 0.000000 3.700000
364 0.000000 3.600000
365 0.000000 3.500000
366 0.000000 3.400000
367 0.000000 3.300000
368 0.000000 3.200000
369 0.000000 3.100000
370 0.000000 3.000000
371 0.000000 2.900000
372 0.000000 2.800000
373 0.000000 2.700000
374 0.000000 2.600000
375 0.000000 2.500000
376 0.000000 2.400000
377 0.000000 2.300000
378 0.000000 2.200000
379 0.000000 2.100000
380 0.000000 2.000000
381 0.000000 1.900000
382 0.000000 1.800000
383 0.000000 1.700000
384 0.000000 1.600000
385 0.000000 1.500000
386 0.000000 1.400000
387 0.000000 1.300000
388 0.000000 1.200000
389 0.000000 1.100000
390 0.000000 1.000000
391 0.000000 0.900000
392 0.000000 0.800000
393 0.000000 0.700000
394 0.000000 0.600000
395 0.000000 0.500000
396 0.000000 0.400000
397 0.000000 0.300000
398 0.000000 0.200000
399 0.000000 0.100000
