1: 0 
2: 0 1 
5: 0 1 2 4 
6: 0 1 3 5 
7: 0 1 3 5 6 
9: 0 1 3 5 8 
13: 0 1 3 5 8 11 12 
25: 0 1 3 5 8 11 12 22 17 20 24 
27: 0 1 3 5 8 26 11 12 22 17 20 24 
30: 0 1 3 5 8 26 11 12 29 22 17 20 24 
32: 0 1 3 5 8 26 11 12 29 16 18 23 31 
33: 0 1 3 5 8 26 11 12 29 16 18 23 31 32 
34: 0 1 3 5 8 26 11 12 29 16 18 23 31 32 33 
39: 0 1 3 5 8 26 11 12 38 15 29 16 18 23 31 32 33 
42: 0 1 3 5 8 26 15 41 15 12 19 18 23 31 32 33 
55: 0 1 3 5 8 26 15 41 15 12 19 18 23 31 32 54 
56: 0 1 3 5 8 26 15 41 15 12 19 18 23 31 32 54 55 
58: 0 1 3 5 8 26 15 41 15 12 19 18 23 31 32 54 57 
60: 0 1 3 5 8 26 15 41 51 59 53 42 38 12 16 18 23 31 32 54 57 
62: 0 1 3 5 8 26 11 12 38 42 53 61 53 42 38 12 16 18 23 31 32 54 57 
64: 0 1 3 5 8 26 15 41 51 59 63 59 53 42 38 12 40 17 20 60 31 32 54 57 
65: 0 1 3 5 8 26 15 41 51 59 63 64 61 53 42 38 12 40 17 20 60 31 32 54 57 
75: 0 1 3 5 8 26 15 41 51 59 63 64 74 64 61 53 42 38 12 16 18 23 31 32 54 57 
77: 0 1 3 5 8 26 15 41 51 59 63 64 74 76 64 61 53 42 38 12 16 18 23 31 32 54 57 
79: 0 1 3 5 8 26 15 41 51 59 63 64 74 78 74 63 61 53 42 38 12 16 18 23 31 32 54 57 
99: 0 1 52 93 5 8 26 15 41 15 12 19 18 23 31 32 54 57 54 33 31 23 18 16 29 15 41 94 59 63 90 74 78 79 88 98 
103: 0 1 52 93 5 8 26 15 41 15 12 19 18 23 31 32 54 55 102 55 54 33 31 24 20 17 14 29 15 41 94 59 63 90 74 78 79 88 98 
107: 0 1 52 93 5 8 26 15 41 15 12 19 18 23 31 32 54 55 102 55 54 33 31 24 20 17 14 29 15 41 94 59 63 90 76 90 106 74 78 79 88 98 
118: 0 1 52 93 5 8 26 15 41 15 12 19 18 23 31 32 54 55 102 55 54 33 31 24 20 17 14 29 15 41 94 59 63 90 76 90 106 74 76 113 78 83 88 98 
120: 0 1 52 93 5 8 26 15 41 15 12 19 18 23 31 32 54 57 119 57 54 33 31 24 20 17 14 29 15 41 94 59 63 90 76 90 106 74 76 113 78 83 88 98 
130: 0 1 52 93 5 8 26 15 41 15 12 19 18 23 31 32 54 57 119 57 54 33 126 24 20 17 14 29 15 41 94 59 63 90 76 90 129 90 76 113 76 79 88 127 
185: 0 1 175 93 5 8 168 26 15 41 15 12 50 17 20 24 145 54 57 119 102 55 177 31 23 170 180 29 15 41 94 59 63 123 130 123 76 107 78 113 172 143 78 79 88 98 105 140 154 159 184 
186: 0 1 175 93 5 8 168 26 15 41 15 12 50 17 20 24 145 54 57 119 102 55 177 31 23 170 180 29 15 41 94 59 63 123 130 123 76 107 78 113 78 152 88 98 105 140 154 159 184 185 
188: 0 1 175 93 5 8 168 26 15 41 15 12 50 17 20 24 145 54 57 119 186 55 177 31 23 170 180 29 15 41 94 59 63 123 130 123 76 107 74 78 113 78 152 88 98 111 151 187 116 98 105 132 144 156 182 185 
194: 0 1 175 93 5 8 168 26 15 41 15 12 181 17 20 24 145 54 57 119 186 55 177 31 23 170 180 29 15 41 94 59 63 123 130 123 76 107 78 113 172 190 113 78 83 88 98 116 187 136 111 98 105 140 154 159 184 193 
197: 0 1 175 93 5 8 168 26 15 41 15 12 181 17 20 24 145 54 57 119 186 55 177 31 23 170 180 29 15 41 94 59 63 123 130 123 76 107 78 143 78 123 106 90 76 79 88 98 105 140 144 156 182 185 194 185 182 156 154 140 105 98 116 187 151 
208: 0 1 175 93 5 204 8 168 15 41 15 12 181 17 20 24 145 54 57 119 186 138 205 207 192 157 81 67 199 180 29 15 41 94 59 63 123 130 123 76 107 74 78 113 78 152 88 98 117 116 187 136 111 174 108 140 154 159 184 193 196 
209: 0 1 175 93 5 204 8 168 15 41 94 59 63 118 123 130 135 59 53 42 38 12 150 137 20 24 145 54 149 167 119 186 138 205 192 208 192 157 34 25 23 18 180 12 38 191 56 59 63 123 107 78 152 88 127 116 187 116 98 105 140 154 159 184 193 203 
210: 0 1 175 93 5 204 8 168 15 41 94 59 63 118 123 130 135 59 53 42 38 12 150 137 20 24 145 54 149 167 119 186 138 205 192 208 192 157 34 25 23 18 180 12 38 191 56 59 63 123 76 107 78 152 88 127 116 187 209 187 116 98 105 140 154 159 184 193 203 
272: 0 1 175 93 5 204 8 168 15 41 15 12 180 170 23 31 81 157 205 215 192 208 192 205 138 186 119 57 54 145 31 67 199 180 29 15 41 94 59 63 271 130 123 76 107 76 120 78 83 88 98 105 256 154 159 184 185 233 245 184 193 196 
280: 0 1 175 93 5 204 8 168 15 41 15 12 224 20 24 145 54 57 119 186 138 215 207 210 279 210 208 192 157 81 60 20 224 14 11 80 179 94 59 63 271 130 123 76 107 78 113 78 152 88 98 117 116 187 275 245 184 193 203 
365: 0 1 175 93 5 204 289 168 15 41 15 12 224 20 24 145 54 57 119 57 272 215 192 208 252 364 284 296 207 215 272 55 227 352 31 198 234 20 224 29 15 41 94 59 63 271 130 64 76 107 78 285 318 113 269 166 151 187 275 214 290 246 275 325 233 353 193 
391: 0 1 175 93 5 204 289 168 15 41 38 11 22 170 23 31 81 369 205 215 192 208 372 279 390 326 218 210 221 197 264 364 252 207 215 272 57 119 365 142 138 54 37 31 24 20 224 29 15 41 94 59 63 118 370 271 130 387 322 118 74 76 107 78 113 78 152 88 98 116 332 209 275 246 263 362 275 325 184 193 203 
399: 0 1 175 93 5 204 289 168 15 41 38 12 224 20 24 145 54 96 394 380 208 372 279 390 326 372 208 284 398 373 296 221 205 394 70 119 57 394 205 157 62 60 20 224 12 283 41 94 59 63 118 370 271 130 64 76 107 285 76 113 269 166 151 187 275 214 263 214 362 275 325 184 293 212 
419: 0 1 175 93 5 204 289 168 15 41 400 12 224 20 24 145 54 96 394 380 208 372 279 418 392 210 207 215 272 102 119 70 142 215 157 270 404 234 170 180 29 15 80 179 94 59 63 118 370 267 130 271 78 83 395 399 391 187 275 214 290 246 275 325 408 193 
428: 0 1 175 93 5 204 289 168 15 41 400 12 224 20 24 145 54 96 394 380 208 372 279 418 392 210 207 215 272 102 119 70 142 215 157 270 404 60 23 199 224 12 38 42 53 61 370 90 129 90 76 113 269 328 238 166 151 187 275 325 408 194 243 
480: 0 1 175 93 475 204 289 168 15 41 400 12 224 20 24 145 54 57 119 57 394 380 208 451 418 279 210 208 192 369 81 67 199 72 211 474 329 97 356 107 285 321 76 318 123 271 64 74 78 113 190 269 223 190 328 117 116 332 209 275 246 290 455 427 243 194 
566: 0 1 175 93 475 204 289 168 15 41 38 12 224 501 24 145 54 96 394 380 208 372 279 218 436 210 565 390 479 390 451 208 515 205 458 186 119 57 422 352 31 23 508 46 211 474 305 434 107 285 321 63 536 271 78 143 78 83 395 316 256 154 324 409 184 544 408 194 509 
1066: 0 1 175 93 475 204 289 168 802 283 837 382 567 38 382 633 320 882 31 147 222 470 431 302 119 70 972 380 860 296 264 696 388 587 306 159 544 185 367 903 325 584 447 748 187 116 98 425 83 794 107 285 1052 123 271 989 130 99 759 
1566: 0 1328 0 1333 93 475 204 289 168 1014 41 400 1411 224 20 1203 31 1308 147 470 431 302 119 466 394 1166 208 197 264 696 364 1372 159 184 544 408 193 1187 325 275 332 1042 399 425 1395 79 595 123 271 106 420 
1966: 0 1965 
2466: 0 1965 
2966: 0 1965 
3466: 0 1965 
3966: 0 1965 
