0 0.000000 5.000000
0 0.010000 5.000000
0 0.020000 5.000000
0 0.030000 5.000000
0 0.040000 5.000000
0 0.050000 5.000000
0 0.060000 5.000000
0 0.070000 5.000000
0 0.080000 5.000000
0 0.090000 5.000000
0 0.100000 5.000000
0 0.110000 5.000000
0 0.120000 5.000000
0 0.130000 5.000000
0 0.140000 5.000000
0 0.150000 5.000000
0 0.160000 5.000000
0 0.170000 5.000000
0 0.180000 5.000000
0 0.190000 5.000000
0 0.200000 5.000000
0 0.210000 5.000000
0 0.220000 5.000000
0 0.230000 5.000000
0 0.240000 5.000000
0 0.250000 5.000000
0 0.260000 5.000000
0 0.270000 5.000000
0 0.280000 5.000000
0 0.290000 5.000000
0 0.300000 5.000000
0 0.310000 5.000000
0 0.320000 5.000000
0 0.330000 5.000000
0 0.340000 5.000000
0 0.350000 5.000000
0 0.360000 5.000000
0 0.370000 5.000000
0 0.380000 5.000000
0 0.390000 5.000000
0 0.400000 5.000000
0 0.410000 5.000000
0 0.420000 5.000000
0 0.430000 5.000000
0 0.440000 5.000000
0 0.450000 5.000000
0 0.460000 5.000000
0 0.470000 5.000000
0 0.480000 5.000000
0 0.490000 5.000000
0 0.500000 5.000000
0 0.510000 5.000000
0 0.520000 5.000000
0 0.530000 5.000000
0 0.540000 5.000000
0 0.550000 5.000000
0 0.560000 5.000000
0 0.570000 5.000000
0 0.580000 5.000000
0 0.590000 5.000000
0 0.600000 5.000000
0 0.610000 5.000000
0 0.620000 5.000000
0 0.630000 5.000000
0 0.640000 5.000000
0 0.650000 5.000000
0 0.660000 5.000000
0 0.670000 5.000000
0 0.680000 5.000000
0 0.690000 5.000000
0 0.700000 5.000000
0 0.710000 5.000000
0 0.720000 5.000000
0 0.730000 5.000000
0 0.740000 5.000000
0 0.750000 5.000000
0 0.760000 5.000000
0 0.770000 5.000000
0 0.780000 5.000000
0 0.790000 5.000000
0 0.800000 5.000000
0 0.810000 5.000000
0 0.820000 5.000000
0 0.830000 5.000000
0 0.840000 5.000000
0 0.850000 5.000000
0 0.860000 5.000000
0 0.870000 5.000000
0 0.880000 5.000000
0 0.890000 5.000000
0 0.900000 5.000000
0 0.910000 5.000000
0 0.920000 5.000000
0 0.930000 5.000000
0 0.940000 5.000000
0 0.950000 5.000000
0 0.960000 5.000000
0 0.970000 5.000000
0 0.980000 5.000000
0 0.990000 5.000000
0 1.000000 5.000000
0 1.010000 5.000000
0 1.020000 5.000000
0 1.030000 5.000000
0 1.040000 5.000000
0 1.050000 5.000000
0 1.060000 5.000000
0 1.070000 5.000000
0 1.080000 5.000000
0 1.090000 5.000000
0 1.100000 5.000000
0 1.110000 5.000000
0 1.120000 5.000000
0 1.130000 5.000000
0 1.140000 5.000000
0 1.150000 5.000000
0 1.160000 5.000000
0 1.170000 5.000000
0 1.180000 5.000000
0 1.190000 5.000000
0 1.200000 5.000000
0 1.210000 5.000000
0 1.220000 5.000000
0 1.230000 5.000000
0 1.240000 5.000000
0 1.250000 5.000000
0 1.260000 5.000000
0 1.270000 5.000000
0 1.280000 5.000000
0 1.290000 5.000000
0 1.300000 5.000000
0 1.310000 5.000000
0 1.320000 5.000000
0 1.330000 5.000000
0 1.340000 5.000000
0 1.350000 5.000000
0 1.360000 5.000000
0 1.370000 5.000000
0 1.380000 5.000000
0 1.390000 5.000000
0 1.400000 5.000000
0 1.410000 5.000000
0 1.420000 5.000000
0 1.430000 5.000000
0 1.440000 5.000000
0 1.450000 5.000000
0 1.460000 5.000000
0 1.470000 5.000000
0 1.480000 5.000000
0 1.490000 5.000000
0 1.500000 5.000000
0 1.510000 5.000000
0 1.520000 5.000000
0 1.530000 5.000000
0 1.540000 5.000000
0 1.550000 5.000000
0 1.560000 5.000000
0 1.570000 5.000000
0 1.580000 5.000000
0 1.590000 5.000000
0 1.600000 5.000000
0 1.610000 5.000000
0 1.620000 5.000000
0 1.630000 5.000000
0 1.640000 5.000000
0 1.650000 5.000000
0 1.660000 5.000000
0 1.670000 5.000000
0 1.680000 5.000000
0 1.690000 5.000000
0 1.700000 5.000000
0 1.710000 5.000000
0 1.720000 5.000000
0 1.730000 5.000000
0 1.740000 5.000000
0 1.750000 5.000000
0 1.760000 5.000000
0 1.770000 5.000000
0 1.780000 5.000000
0 1.790000 5.000000
0 1.800000 5.000000
0 1.810000 5.000000
0 1.820000 5.000000
0 1.830000 5.000000
0 1.840000 5.000000
0 1.850000 5.000000
0 1.860000 5.000000
0 1.870000 5.000000
0 1.880000 5.000000
0 1.890000 5.000000
0 1.900000 5.000000
0 1.910000 5.000000
0 1.920000 5.000000
0 1.930000 5.000000
0 1.940000 5.000000
0 1.950000 5.000000
0 1.960000 5.000000
0 1.970000 5.000000
0 1.980000 5.000000
0 1.990000 5.000000
0 2.000000 5.000000
0 2.010000 5.000000
0 2.020000 5.000000
0 2.030000 5.000000
0 2.040000 5.000000
0 2.050000 5.000000
0 2.060000 5.000000
0 2.070000 5.000000
0 2.080000 5.000000
0 2.090000 5.000000
0 2.100000 5.000000
0 2.110000 5.000000
0 2.120000 5.000000
0 2.130000 5.000000
0 2.140000 5.000000
0 2.150000 5.000000
0 2.160000 5.000000
0 2.170000 5.000000
0 2.180000 5.000000
0 2.190000 5.000000
0 2.200000 5.000000
0 2.210000 5.000000
0 2.220000 5.000000
0 2.230000 5.000000
0 2.240000 5.000000
0 2.250000 5.000000
0 2.260000 5.000000
0 2.270000 5.000000
0 2.280000 5.000000
0 2.290000 5.000000
0 2.300000 5.000000
0 2.310000 5.000000
0 2.320000 5.000000
0 2.330000 5.000000
0 2.340000 5.000000
0 2.350000 5.000000
0 2.360000 5.000000
0 2.370000 5.000000
0 2.380000 5.000000
0 2.390000 5.000000
0 2.400000 5.000000
1 2.910000 5.000000
1 2.920000 5.000000
1 2.930000 5.000000
1 2.940000 5.000000
1 2.950000 5.000000
1 2.960000 5.000000
1 2.970000 5.000000
1 2.980000 5.000000
1 2.990000 5.000000
1 3.000000 5.000000
1 3.010000 5.000000
1 3.020000 5.000000
1 3.030000 5.000000
1 3.040000 5.000000
1 3.050000 5.000000
1 3.060000 5.000000
1 3.070000 5.000000
1 3.080000 5.000000
1 3.090000 5.000000
1 3.100000 5.000000
1 3.110000 5.000000
1 3.120000 5.000000
1 3.130000 5.000000
1 3.140000 5.000000
1 3.150000 5.000000
1 3.160000 5.000000
1 3.170000 5.000000
1 3.180000 5.000000
1 3.190000 5.000000
1 3.200000 5.000000
1 3.210000 5.000000
1 3.220000 5.000000
1 3.230000 5.000000
1 3.240000 5.000000
1 3.250000 5.000000
1 3.260000 5.000000
1 3.270000 5.000000
1 3.280000 5.000000
1 3.290000 5.000000
1 3.300000 5.000000
1 3.310000 5.000000
1 3.320000 5.000000
1 3.330000 5.000000
1 3.340000 5.000000
1 3.350000 5.000000
1 3.360000 5.000000
1 3.370000 5.000000
1 3.380000 5.000000
1 3.390000 5.000000
1 3.400000 5.000000
1 3.410000 5.000000
1 3.420000 5.000000
1 3.430000 5.000000
1 3.440000 5.000000
1 3.450000 5.000000
1 3.460000 5.000000
1 3.470000 5.000000
1 3.480000 5.000000
1 3.490000 5.000000
1 3.500000 5.000000
1 3.510000 5.000000
1 3.520000 5.000000
1 3.530000 5.000000
1 3.540000 5.000000
1 3.550000 5.000000
1 3.560000 5.000000
1 3.570000 5.000000
1 3.580000 5.000000
1 3.590000 5.000000
1 3.600000 5.000000
1 3.610000 5.000000
1 3.620000 5.000000
1 3.630000 5.000000
1 3.640000 5.000000
1 3.650000 5.000000
1 3.660000 5.000000
1 3.670000 5.000000
1 3.680000 5.000000
1 3.690000 5.000000
1 3.700000 5.000000
1 3.710000 5.000000
1 3.720000 5.000000
1 3.730000 5.000000
1 3.740000 5.000000
1 3.750000 5.000000
1 3.760000 5.000000
1 3.770000 5.000000
1 3.780000 5.000000
1 3.790000 5.000000
1 3.800000 5.000000
1 3.810000 5.000000
1 3.820000 5.000000
1 3.830000 5.000000
1 3.840000 5.000000
1 3.850000 5.000000
1 3.860000 5.000000
1 3.870000 5.000000
1 3.880000 5.000000
1 3.890000 5.000000
1 3.900000 5.000000
1 3.910000 5.000000
1 3.920000 5.000000
1 3.930000 5.000000
1 3.940000 5.000000
1 3.950000 5.000000
1 3.960000 5.000000
1 3.970000 5.000000
1 3.980000 5.000000
1 3.990000 5.000000
1 4.000000 5.000000
1 4.010000 5.000000
1 4.020000 5.000000
1 4.030000 5.000000
1 4.040000 5.000000
1 4.050000 5.000000
1 4.060000 5.000000
1 4.070000 5.000000
1 4.080000 5.000000
1 4.090000 5.000000
1 4.100000 5.000000
1 4.110000 5.000000
1 4.120000 5.000000
1 4.130000 5.000000
1 4.140000 5.000000
1 4.150000 5.000000
1 4.160000 5.000000
1 4.170000 5.000000
1 4.180000 5.000000
1 4.190000 5.000000
1 4.200000 5.000000
1 4.210000 5.000000
1 4.220000 5.000000
1 4.230000 5.000000
1 4.240000 5.000000
1 4.250000 5.000000
1 4.260000 5.000000
1 4.270000 5.000000
1 4.280000 5.000000
1 4.290000 5.000000
1 4.300000 5.000000
1 4.310000 5.000000
1 4.320000 5.000000
1 4.330000 5.000000
1 4.340000 5.000000
1 4.350000 5.000000
1 4.360000 5.000000
1 4.370000 5.000000
1 4.380000 5.000000
1 4.390000 5.000000
1 4.400000 5.000000
1 4.410000 5.000000
1 4.420000 5.000000
1 4.430000 5.000000
1 4.440000 5.000000
1 4.450000 5.000000
1 4.460000 5.000000
1 4.470000 5.000000
1 4.480000 5.000000
1 4.490000 5.000000
1 4.500000 5.000000
1 4.510000 5.000000
1 4.520000 5.000000
1 4.530000 5.000000
1 4.540000 5.000000
1 4.550000 5.000000
1 4.560000 5.000000
1 4.570000 5.000000
1 4.580000 5.000000
1 4.590000 5.000000
1 4.600000 5.000000
1 4.610000 5.000000
1 4.620000 5.000000
1 4.630000 5.000000
1 4.640000 5.000000
1 4.650000 5.000000
1 4.660000 5.000000
1 4.670000 5.000000
1 4.680000 5.000000
1 4.690000 5.000000
1 4.700000 5.000000
1 4.710000 5.000000
1 4.720000 5.000000
1 4.730000 5.000000
1 4.740000 5.000000
1 4.750000 5.000000
1 4.760000 5.000000
1 4.770000 5.000000
1 4.780000 5.000000
1 4.790000 5.000000
1 4.800000 5.000000
1 4.810000 5.000000
1 4.820000 5.000000
1 4.830000 5.000000
1 4.840000 5.000000
1 4.850000 5.000000
1 4.860000 5.000000
1 4.870000 5.000000
1 4.880000 5.000000
1 4.890000 5.000000
1 4.900000 5.000000
1 4.910000 5.000000
1 4.920000 5.000000
1 4.930000 5.000000
1 4.940000 5.000000
1 4.950000 5.000000
1 4.960000 5.000000
1 4.970000 5.000000
1 4.980000 5.000000
1 4.990000 5.000000
1 5.000000 5.000000
2 5.000000 5.000000
2 5.010000 5.000000
2 5.020000 5.000000
2 5.030000 5.000000
2 5.040000 5.000000
2 5.050000 5.000000
2 5.060000 5.000000
2 5.070000 5.000000
2 5.080000 5.000000
2 5.090000 5.000000
2 5.100000 5.000000
2 5.110000 5.000000
2 5.120000 5.000000
2 5.130000 5.000000
2 5.140000 5.000000
2 5.150000 5.000000
2 5.160000 5.000000
2 5.170000 5.000000
2 5.180000 5.000000
2 5.190000 5.000000
2 5.200000 5.000000
2 5.210000 5.000000
2 5.220000 5.000000
2 5.230000 5.000000
2 5.240000 5.000000
2 5.250000 5.000000
2 5.260000 5.000000
2 5.270000 5.000000
2 5.280000 5.000000
2 5.290000 5.000000
2 5.300000 5.000000
2 5.310000 5.000000
2 5.320000 5.000000
2 5.330000 5.000000
2 5.340000 5.000000
2 5.350000 5.000000
2 5.360000 5.000000
2 5.370000 5.000000
2 5.380000 5.000000
2 5.390000 5.000000
2 5.400000 5.000000
2 5.410000 5.000000
2 5.420000 5.000000
2 5.430000 5.000000
2 5.440000 5.000000
2 5.450000 5.000000
2 5.460000 5.000000
2 5.470000 5.000000
2 5.480000 5.000000
2 5.490000 5.000000
2 5.500000 5.000000
2 5.510000 5.000000
2 5.520000 5.000000
2 5.530000 5.000000
2 5.540000 5.000000
2 5.550000 5.000000
2 5.560000 5.000000
2 5.570000 5.000000
2 5.580000 5.000000
2 5.590000 5.000000
2 5.600000 5.000000
2 5.610000 5.000000
2 5.620000 5.000000
2 5.630000 5.000000
2 5.640000 5.000000
2 5.650000 5.000000
2 5.660000 5.000000
2 5.670000 5.000000
2 5.680000 5.000000
2 5.690000 5.000000
2 5.700000 5.000000
2 5.710000 5.000000
2 5.720000 5.000000
2 5.730000 5.000000
2 5.740000 5.000000
2 5.750000 5.000000
2 5.760000 5.000000
2 5.770000 5.000000
2 5.780000 5.000000
2 5.790000 5.000000
2 5.800000 5.000000
2 5.810000 5.000000
2 5.820000 5.000000
2 5.830000 5.000000
2 5.840000 5.000000
2 5.850000 5.000000
2 5.860000 5.000000
2 5.870000 5.000000
2 5.880000 5.000000
2 5.890000 5.000000
2 5.900000 5.000000
2 5.910000 5.000000
2 5.920000 5.000000
2 5.930000 5.000000
2 5.940000 5.000000
2 5.950000 5.000000
2 5.960000 5.000000
2 5.970000 5.000000
2 5.980000 5.000000
2 5.990000 5.000000
2 6.000000 5.000000
2 6.010000 5.000000
2 6.020000 5.000000
2 6.030000 5.000000
2 6.040000 5.000000
2 6.050000 5.000000
2 6.060000 5.000000
2 6.070000 5.000000
2 6.080000 5.000000
2 6.090000 5.000000
2 6.100000 5.000000
2 6.110000 5.000000
2 6.120000 5.000000
2 6.130000 5.000000
2 6.140000 5.000000
2 6.150000 5.000000
2 6.160000 5.000000
2 6.170000 5.000000
2 6.180000 5.000000
2 6.190000 5.000000
2 6.200000 5.000000
2 6.210000 5.000000
2 6.220000 5.000000
2 6.230000 5.000000
2 6.240000 5.000000
2 6.250000 5.000000
2 6.260000 5.000000
2 6.270000 5.000000
2 6.280000 5.000000
2 6.290000 5.000000
2 6.300000 5.000000
2 6.310000 5.000000
2 6.320000 5.000000
2 6.330000 5.000000
2 6.340000 5.000000
2 6.350000 5.000000
2 6.360000 5.000000
2 6.370000 5.000000
2 6.380000 5.000000
2 6.390000 5.000000
2 6.400000 5.000000
2 6.410000 5.000000
2 6.420000 5.000000
2 6.430000 5.000000
2 6.440000 5.000000
2 6.450000 5.000000
2 6.460000 5.000000
2 6.470000 5.000000
2 6.480000 5.000000
2 6.490000 5.000000
2 6.500000 5.000000
2 6.510000 5.000000
2 6.520000 5.000000
2 6.530000 5.000000
2 6.540000 5.000000
2 6.550000 5.000000
2 6.560000 5.000000
2 6.570000 5.000000
2 6.580000 5.000000
2 6.590000 5.000000
2 6.600000 5.000000
2 6.610000 5.000000
2 6.620000 5.000000
2 6.630000 5.000000
2 6.640000 5.000000
2 6.650000 5.000000
2 6.660000 5.000000
2 6.670000 5.000000
2 6.680000 5.000000
2 6.690000 5.000000
2 6.700000 5.000000
2 6.710000 5.000000
2 6.720000 5.000000
2 6.730000 5.000000
2 6.740000 5.000000
2 6.750000 5.000000
2 6.760000 5.000000
2 6.770000 5.000000
2 6.780000 5.000000
2 6.790000 5.000000
2 6.800000 5.000000
2 6.810000 5.000000
2 6.820000 5.000000
2 6.830000 5.000000
2 6.840000 5.000000
2 6.850000 5.000000
2 6.860000 5.000000
2 6.870000 5.000000
2 6.880000 5.000000
2 6.890000 5.000000
2 6.900000 5.000000
2 6.910000 5.000000
2 6.920000 5.000000
2 6.930000 5.000000
2 6.940000 5.000000
2 6.950000 5.000000
2 6.960000 5.000000
2 6.970000 5.000000
2 6.980000 5.000000
2 6.990000 5.000000
2 7.000000 5.000000
2 7.010000 5.000000
2 7.020000 5.000000
2 7.030000 5.000000
2 7.040000 5.000000
2 7.050000 5.000000
2 7.060000 5.000000
2 7.070000 5.000000
2 7.080000 5.000000
2 7.090000 5.000000
3 7.600000 5.000000
3 7.610000 5.000000
3 7.620000 5.000000
3 7.630000 5.000000
3 7.640000 5.000000
3 7.650000 5.000000
3 7.660000 5.000000
3 7.670000 5.000000
3 7.680000 5.000000
3 7.690000 5.000000
3 7.700000 5.000000
3 7.710000 5.000000
3 7.720000 5.000000
3 7.730000 5.000000
3 7.740000 5.000000
3 7.750000 5.000000
3 7.760000 5.000000
3 7.770000 5.000000
3 7.780000 5.000000
3 7.790000 5.000000
3 7.800000 5.000000
3 7.810000 5.000000
3 7.820000 5.000000
3 7.830000 5.000000
3 7.840000 5.000000
3 7.850000 5.000000
3 7.860000 5.000000
3 7.870000 5.000000
3 7.880000 5.000000
3 7.890000 5.000000
3 7.900000 5.000000
3 7.910000 5.000000
3 7.920000 5.000000
3 7.930000 5.000000
3 7.940000 5.000000
3 7.950000 5.000000
3 7.960000 5.000000
3 7.970000 5.000000
3 7.980000 5.000000
3 7.990000 5.000000
3 8.000000 5.000000
3 8.010000 5.000000
3 8.020000 5.000000
3 8.030000 5.000000
3 8.040000 5.000000
3 8.050000 5.000000
3 8.060000 5.000000
3 8.070000 5.000000
3 8.080000 5.000000
3 8.090000 5.000000
3 8.100000 5.000000
3 8.110000 5.000000
3 8.120000 5.000000
3 8.130000 5.000000
3 8.140000 5.000000
3 8.150000 5.000000
3 8.160000 5.000000
3 8.170000 5.000000
3 8.180000 5.000000
3 8.190000 5.000000
3 8.200000 5.000000
3 8.210000 5.000000
3 8.220000 5.000000
3 8.230000 5.000000
3 8.240000 5.000000
3 8.250000 5.000000
3 8.260000 5.000000
3 8.270000 5.000000
3 8.280000 5.000000
3 8.290000 5.000000
3 8.300000 5.000000
3 8.310000 5.000000
3 8.320000 5.000000
3 8.330000 5.000000
3 8.340000 5.000000
3 8.350000 5.000000
3 8.360000 5.000000
3 8.370000 5.000000
3 8.380000 5.000000
3 8.390000 5.000000
3 8.400000 5.000000
3 8.410000 5.000000
3 8.420000 5.000000
3 8.430000 5.000000
3 8.440000 5.000000
3 8.450000 5.000000
3 8.460000 5.000000
3 8.470000 5.000000
3 8.480000 5.000000
3 8.490000 5.000000
3 8.500000 5.000000
3 8.510000 5.000000
3 8.520000 5.000000
3 8.530000 5.000000
3 8.540000 5.000000
3 8.550000 5.000000
3 8.560000 5.000000
3 8.570000 5.000000
3 8.580000 5.000000
3 8.590000 5.000000
3 8.600000 5.000000
3 8.610000 5.000000
3 8.620000 5.000000
3 8.630000 5.000000
3 8.640000 5.000000
3 8.650000 5.000000
3 8.660000 5.000000
3 8.670000 5.000000
3 8.680000 5.000000
3 8.690000 5.000000
3 8.700000 5.000000
3 8.710000 5.000000
3 8.720000 5.000000
3 8.730000 5.000000
3 8.740000 5.000000
3 8.750000 5.000000
3 8.760000 5.000000
3 8.770000 5.000000
3 8.780000 5.000000
3 8.790000 5.000000
3 8.800000 5.000000
3 8.810000 5.000000
3 8.820000 5.000000
3 8.830000 5.000000
3 8.840000 5.000000
3 8.850000 5.000000
3 8.860000 5.000000
3 8.870000 5.000000
3 8.880000 5.000000
3 8.890000 5.000000
3 8.900000 5.000000
3 8.910000 5.000000
3 8.920000 5.000000
3 8.930000 5.000000
3 8.940000 5.000000
3 8.950000 5.000000
3 8.960000 5.000000
3 8.970000 5.000000
3 8.980000 5.000000
3 8.990000 5.000000
3 9.000000 5.000000
3 9.010000 5.000000
3 9.020000 5.000000
3 9.030000 5.000000
3 9.040000 5.000000
3 9.050000 5.000000
3 9.060000 5.000000
3 9.070000 5.000000
3 9.080000 5.000000
3 9.090000 5.000000
3 9.100000 5.000000
3 9.110000 5.000000
3 9.120000 5.000000
3 9.130000 5.000000
3 9.140000 5.000000
3 9.150000 5.000000
3 9.160000 5.000000
3 9.170000 5.000000
3 9.180000 5.000000
3 9.190000 5.000000
3 9.200000 5.000000
3 9.210000 5.000000
3 9.220000 5.000000
3 9.230000 5.000000
3 9.240000 5.000000
3 9.250000 5.000000
3 9.260000 5.000000
3 9.270000 5.000000
3 9.280000 5.000000
3 9.290000 5.000000
3 9.300000 5.000000
3 9.310000 5.000000
3 9.320000 5.000000
3 9.330000 5.000000
3 9.340000 5.000000
3 9.350000 5.000000
3 9.360000 5.000000
3 9.370000 5.000000
3 9.380000 5.000000
3 9.390000 5.000000
3 9.400000 5.000000
3 9.410000 5.000000
3 9.420000 5.000000
3 9.430000 5.000000
3 9.440000 5.000000
3 9.450000 5.000000
3 9.460000 5.000000
3 9.470000 5.000000
3 9.480000 5.000000
3 9.490000 5.000000
3 9.500000 5.000000
3 9.510000 5.000000
3 9.520000 5.000000
3 9.530000 5.000000
3 9.540000 5.000000
3 9.550000 5.000000
3 9.560000 5.000000
3 9.570000 5.000000
3 9.580000 5.000000
3 9.590000 5.000000
3 9.600000 5.000000
3 9.610000 5.000000
3 9.620000 5.000000
3 9.630000 5.000000
3 9.640000 5.000000
3 9.650000 5.000000
3 9.660000 5.000000
3 9.670000 5.000000
3 9.680000 5.000000
3 9.690000 5.000000
3 9.700000 5.000000
3 9.710000 5.000000
3 9.720000 5.000000
3 9.730000 5.000000
3 9.740000 5.000000
3 9.750000 5.000000
3 9.760000 5.000000
3 9.770000 5.000000
3 9.780000 5.000000
3 9.790000 5.000000
3 9.800000 5.000000
3 9.810000 5.000000
3 9.820000 5.000000
3 9.830000 5.000000
3 9.840000 5.000000
3 9.850000 5.000000
3 9.860000 5.000000
3 9.870000 5.000000
3 9.880000 5.000000
3 9.890000 5.000000
3 9.900000 5.000000
3 9.910000 5.000000
3 9.920000 5.000000
3 9.930000 5.000000
3 9.940000 5.000000
3 9.950000 5.000000
3 9.960000 5.000000
3 9.970000 5.000000
3 9.980000 5.000000
3 9.990000 5.000000
3 10.000000 5.000000
4 5.000000 0.000000
4 5.000000 0.010000
4 5.000000 0.020000
4 5.000000 0.030000
4 5.000000 0.040000
4 5.000000 0.050000
4 5.000000 0.060000
4 5.000000 0.070000
4 5.000000 0.080000
4 5.000000 0.090000
4 5.000000 0.100000
4 5.000000 0.110000
4 5.000000 0.120000
4 5.000000 0.130000
4 5.000000 0.140000
4 5.000000 0.150000
4 5.000000 0.160000
4 5.000000 0.170000
4 5.000000 0.180000
4 5.000000 0.190000
4 5.000000 0.200000
4 5.000000 0.210000
4 5.000000 0.220000
4 5.000000 0.230000
4 5.000000 0.240000
4 5.000000 0.250000
4 5.000000 0.260000
4 5.000000 0.270000
4 5.000000 0.280000
4 5.000000 0.290000
4 5.000000 0.300000
4 5.000000 0.310000
4 5.000000 0.320000
4 5.000000 0.330000
4 5.000000 0.340000
4 5.000000 0.350000
4 5.000000 0.360000
4 5.000000 0.370000
4 5.000000 0.380000
4 5.000000 0.390000
4 5.000000 0.400000
4 5.000000 0.410000
4 5.000000 0.420000
4 5.000000 0.430000
4 5.000000 0.440000
4 5.000000 0.450000
4 5.000000 0.460000
4 5.000000 0.470000
4 5.000000 0.480000
4 5.000000 0.490000
4 5.000000 0.500000
4 5.000000 0.510000
4 5.000000 0.520000
4 5.000000 0.530000
4 5.000000 0.540000
4 5.000000 0.550000
4 5.000000 0.560000
4 5.000000 0.570000
4 5.000000 0.580000
4 5.000000 0.590000
4 5.000000 0.600000
4 5.000000 0.610000
4 5.000000 0.620000
4 5.000000 0.630000
4 5.000000 0.640000
4 5.000000 0.650000
4 5.000000 0.660000
4 5.000000 0.670000
4 5.000000 0.680000
4 5.000000 0.690000
4 5.000000 0.700000
4 5.000000 0.710000
4 5.000000 0.720000
4 5.000000 0.730000
4 5.000000 0.740000
4 5.000000 0.750000
4 5.000000 0.760000
4 5.000000 0.770000
4 5.000000 0.780000
4 5.000000 0.790000
4 5.000000 0.800000
4 5.000000 0.810000
4 5.000000 0.820000
4 5.000000 0.830000
4 5.000000 0.840000
4 5.000000 0.850000
4 5.000000 0.860000
4 5.000000 0.870000
4 5.000000 0.880000
4 5.000000 0.890000
4 5.000000 0.900000
4 5.000000 0.910000
4 5.000000 0.920000
4 5.000000 0.930000
4 5.000000 0.940000
4 5.000000 0.950000
4 5.000000 0.960000
4 5.000000 0.970000
4 5.000000 0.980000
4 5.000000 0.990000
4 5.000000 1.000000
4 5.000000 1.010000
4 5.000000 1.020000
4 5.000000 1.030000
4 5.000000 1.040000
4 5.000000 1.050000
4 5.000000 1.060000
4 5.000000 1.070000
4 5.000000 1.080000
4 5.000000 1.090000
4 5.000000 1.100000
4 5.000000 1.110000
4 5.000000 1.120000
4 5.000000 1.130000
4 5.000000 1.140000
4 5.000000 1.150000
4 5.000000 1.160000
4 5.000000 1.170000
4 5.000000 1.180000
4 5.000000 1.190000
4 5.000000 1.200000
4 5.000000 1.210000
4 5.000000 1.220000
4 5.000000 1.230000
4 5.000000 1.240000
4 5.000000 1.250000
5 5.000000 1.760000
5 5.000000 1.770000
5 5.000000 1.780000
5 5.000000 1.790000
5 5.000000 1.800000
5 5.000000 1.810000
5 5.000000 1.820000
5 5.000000 1.830000
5 5.000000 1.840000
5 5.000000 1.850000
5 5.000000 1.860000
5 5.000000 1.870000
5 5.000000 1.880000
5 5.000000 1.890000
5 5.000000 1.900000
5 5.000000 1.910000
5 5.000000 1.920000
5 5.000000 1.930000
5 5.000000 1.940000
5 5.000000 1.950000
5 5.000000 1.960000
5 5.000000 1.970000
5 5.000000 1.980000
5 5.000000 1.990000
5 5.000000 2.000000
5 5.000000 2.010000
5 5.000000 2.020000
5 5.000000 2.030000
5 5.000000 2.040000
5 5.000000 2.050000
5 5.000000 2.060000
5 5.000000 2.070000
5 5.000000 2.080000
5 5.000000 2.090000
5 5.000000 2.100000
5 5.000000 2.110000
5 5.000000 2.120000
5 5.000000 2.130000
5 5.000000 2.140000
5 5.000000 2.150000
5 5.000000 2.160000
5 5.000000 2.170000
5 5.000000 2.180000
5 5.000000 2.190000
5 5.000000 2.200000
5 5.000000 2.210000
5 5.000000 2.220000
5 5.000000 2.230000
5 5.000000 2.240000
5 5.000000 2.250000
5 5.000000 2.260000
5 5.000000 2.270000
5 5.000000 2.280000
5 5.000000 2.290000
5 5.000000 2.300000
5 5.000000 2.310000
5 5.000000 2.320000
5 5.000000 2.330000
5 5.000000 2.340000
5 5.000000 2.350000
5 5.000000 2.360000
5 5.000000 2.370000
5 5.000000 2.380000
5 5.000000 2.390000
5 5.000000 2.400000
5 5.000000 2.410000
5 5.000000 2.420000
5 5.000000 2.430000
5 5.000000 2.440000
5 5.000000 2.450000
5 5.000000 2.460000
5 5.000000 2.470000
5 5.000000 2.480000
5 5.000000 2.490000
5 5.000000 2.500000
5 5.000000 2.510000
5 5.000000 2.520000
5 5.000000 2.530000
5 5.000000 2.540000
5 5.000000 2.550000
5 5.000000 2.560000
5 5.000000 2.570000
5 5.000000 2.580000
5 5.000000 2.590000
5 5.000000 2.600000
5 5.000000 2.610000
5 5.000000 2.620000
5 5.000000 2.630000
5 5.000000 2.640000
5 5.000000 2.650000
5 5.000000 2.660000
5 5.000000 2.670000
5 5.000000 2.680000
5 5.000000 2.690000
5 5.000000 2.700000
5 5.000000 2.710000
5 5.000000 2.720000
5 5.000000 2.730000
5 5.000000 2.740000
5 5.000000 2.750000
5 5.000000 2.760000
5 5.000000 2.770000
5 5.000000 2.780000
5 5.000000 2.790000
5 5.000000 2.800000
5 5.000000 2.810000
5 5.000000 2.820000
5 5.000000 2.830000
5 5.000000 2.840000
5 5.000000 2.850000
5 5.000000 2.860000
5 5.000000 2.870000
5 5.000000 2.880000
5 5.000000 2.890000
5 5.000000 2.900000
5 5.000000 2.910000
5 5.000000 2.920000
5 5.000000 2.930000
5 5.000000 2.940000
5 5.000000 2.950000
5 5.000000 2.960000
5 5.000000 2.970000
5 5.000000 2.980000
5 5.000000 2.990000
5 5.000000 3.000000
5 5.000000 3.010000
5 5.000000 3.020000
5 5.000000 3.030000
5 5.000000 3.040000
5 5.000000 3.050000
5 5.000000 3.060000
5 5.000000 3.070000
5 5.000000 3.080000
5 5.000000 3.090000
5 5.000000 3.100000
5 5.000000 3.110000
5 5.000000 3.120000
5 5.000000 3.130000
5 5.000000 3.140000
5 5.000000 3.150000
5 5.000000 3.160000
5 5.000000 3.170000
5 5.000000 3.180000
5 5.000000 3.190000
5 5.000000 3.200000
5 5.000000 3.210000
5 5.000000 3.220000
5 5.000000 3.230000
5 5.000000 3.240000
5 5.000000 3.250000
5 5.000000 3.260000
5 5.000000 3.270000
5 5.000000 3.280000
5 5.000000 3.290000
5 5.000000 3.300000
5 5.000000 3.310000
5 5.000000 3.320000
5 5.000000 3.330000
5 5.000000 3.340000
5 5.000000 3.350000
5 5.000000 3.360000
5 5.000000 3.370000
5 5.000000 3.380000
5 5.000000 3.390000
5 5.000000 3.400000
5 5.000000 3.410000
5 5.000000 3.420000
5 5.000000 3.430000
5 5.000000 3.440000
5 5.000000 3.450000
5 5.000000 3.460000
5 5.000000 3.470000
5 5.000000 3.480000
5 5.000000 3.490000
5 5.000000 3.500000
5 5.000000 3.510000
5 5.000000 3.520000
5 5.000000 3.530000
5 5.000000 3.540000
5 5.000000 3.550000
5 5.000000 3.560000
5 5.000000 3.570000
5 5.000000 3.580000
5 5.000000 3.590000
5 5.000000 3.600000
5 5.000000 3.610000
5 5.000000 3.620000
5 5.000000 3.630000
5 5.000000 3.640000
5 5.000000 3.650000
5 5.000000 3.660000
5 5.000000 3.670000
5 5.000000 3.680000
5 5.000000 3.690000
5 5.000000 3.700000
5 5.000000 3.710000
5 5.000000 3.720000
5 5.000000 3.730000
5 5.000000 3.740000
5 5.000000 3.750000
5 5.000000 3.760000
5 5.000000 3.770000
5 5.000000 3.780000
5 5.000000 3.790000
5 5.000000 3.800000
5 5.000000 3.810000
5 5.000000 3.820000
5 5.000000 3.830000
5 5.000000 3.840000
5 5.000000 3.850000
5 5.000000 3.860000
5 5.000000 3.870000
5 5.000000 3.880000
5 5.000000 3.890000
5 5.000000 3.900000
5 5.000000 3.910000
5 5.000000 3.920000
5 5.000000 3.930000
5 5.000000 3.940000
5 5.000000 3.950000
5 5.000000 3.960000
5 5.000000 3.970000
5 5.000000 3.980000
5 5.000000 3.990000
5 5.000000 4.000000
5 5.000000 4.010000
5 5.000000 4.020000
5 5.000000 4.030000
5 5.000000 4.040000
5 5.000000 4.050000
5 5.000000 4.060000
5 5.000000 4.070000
5 5.000000 4.080000
5 5.000000 4.090000
5 5.000000 4.100000
5 5.000000 4.110000
5 5.000000 4.120000
5 5.000000 4.130000
5 5.000000 4.140000
5 5.000000 4.150000
5 5.000000 4.160000
5 5.000000 4.170000
5 5.000000 4.180000
5 5.000000 4.190000
5 5.000000 4.200000
5 5.000000 4.210000
5 5.000000 4.220000
5 5.000000 4.230000
5 5.000000 4.240000
5 5.000000 4.250000
5 5.000000 4.260000
5 5.000000 4.270000
5 5.000000 4.280000
5 5.000000 4.290000
5 5.000000 4.300000
5 5.000000 4.310000
5 5.000000 4.320000
5 5.000000 4.330000
5 5.000000 4.340000
5 5.000000 4.350000
5 5.000000 4.360000
5 5.000000 4.370000
5 5.000000 4.380000
5 5.000000 4.390000
5 5.000000 4.400000
5 5.000000 4.410000
5 5.000000 4.420000
5 5.000000 4.430000
5 5.000000 4.440000
5 5.000000 4.450000
5 5.000000 4.460000
5 5.000000 4.470000
5 5.000000 4.480000
5 5.000000 4.490000
5 5.000000 4.500000
5 5.000000 4.510000
5 5.000000 4.520000
5 5.000000 4.530000
5 5.000000 4.540000
5 5.000000 4.550000
5 5.000000 4.560000
5 5.000000 4.570000
5 5.000000 4.580000
5 5.000000 4.590000
5 5.000000 4.600000
5 5.000000 4.610000
5 5.000000 4.620000
5 5.000000 4.630000
5 5.000000 4.640000
5 5.000000 4.650000
5 5.000000 4.660000
5 5.000000 4.670000
5 5.000000 4.680000
5 5.000000 4.690000
5 5.000000 4.700000
5 5.000000 4.710000
5 5.000000 4.720000
5 5.000000 4.730000
5 5.000000 4.740000
5 5.000000 4.750000
5 5.000000 4.760000
5 5.000000 4.770000
5 5.000000 4.780000
5 5.000000 4.790000
5 5.000000 4.800000
5 5.000000 4.810000
5 5.000000 4.820000
5 5.000000 4.830000
5 5.000000 4.840000
5 5.000000 4.850000
5 5.000000 4.860000
5 5.000000 4.870000
5 5.000000 4.880000
5 5.000000 4.890000
5 5.000000 4.900000
5 5.000000 4.910000
5 5.000000 4.920000
5 5.000000 4.930000
5 5.000000 4.940000
5 5.000000 4.950000
5 5.000000 4.960000
5 5.000000 4.970000
5 5.000000 4.980000
5 5.000000 4.990000
5 5.000000 5.000000
6 5.000000 5.000000
6 5.000000 5.010000
6 5.000000 5.020000
6 5.000000 5.030000
6 5.000000 5.040000
6 5.000000 5.050000
6 5.000000 5.060000
6 5.000000 5.070000
6 5.000000 5.080000
6 5.000000 5.090000
6 5.000000 5.100000
6 5.000000 5.110000
6 5.000000 5.120000
6 5.000000 5.130000
6 5.000000 5.140000
6 5.000000 5.150000
6 5.000000 5.160000
6 5.000000 5.170000
6 5.000000 5.180000
6 5.000000 5.190000
6 5.000000 5.200000
6 5.000000 5.210000
6 5.000000 5.220000
6 5.000000 5.230000
6 5.000000 5.240000
6 5.000000 5.250000
6 5.000000 5.260000
6 5.000000 5.270000
6 5.000000 5.280000
6 5.000000 5.290000
6 5.000000 5.300000
6 5.000000 5.310000
6 5.000000 5.320000
6 5.000000 5.330000
6 5.000000 5.340000
6 5.000000 5.350000
6 5.000000 5.360000
6 5.000000 5.370000
6 5.000000 5.380000
6 5.000000 5.390000
6 5.000000 5.400000
6 5.000000 5.410000
6 5.000000 5.420000
6 5.000000 5.430000
6 5.000000 5.440000
6 5.000000 5.450000
6 5.000000 5.460000
6 5.000000 5.470000
6 5.000000 5.480000
6 5.000000 5.490000
6 5.000000 5.500000
6 5.000000 5.510000
6 5.000000 5.520000
6 5.000000 5.530000
6 5.000000 5.540000
6 5.000000 5.550000
6 5.000000 5.560000
6 5.000000 5.570000
6 5.000000 5.580000
6 5.000000 5.590000
6 5.000000 5.600000
6 5.000000 5.610000
6 5.000000 5.620000
6 5.000000 5.630000
6 5.000000 5.640000
6 5.000000 5.650000
6 5.000000 5.660000
6 5.000000 5.670000
6 5.000000 5.680000
6 5.000000 5.690000
6 5.000000 5.700000
6 5.000000 5.710000
6 5.000000 5.720000
6 5.000000 5.730000
6 5.000000 5.740000
6 5.000000 5.750000
6 5.000000 5.760000
6 5.000000 5.770000
6 5.000000 5.780000
6 5.000000 5.790000
6 5.000000 5.800000
6 5.000000 5.810000
6 5.000000 5.820000
6 5.000000 5.830000
6 5.000000 5.840000
6 5.000000 5.850000
6 5.000000 5.860000
6 5.000000 5.870000
6 5.000000 5.880000
6 5.000000 5.890000
6 5.000000 5.900000
6 5.000000 5.910000
6 5.000000 5.920000
6 5.000000 5.930000
6 5.000000 5.940000
6 5.000000 5.950000
6 5.000000 5.960000
6 5.000000 5.970000
6 5.000000 5.980000
6 5.000000 5.990000
6 5.000000 6.000000
6 5.000000 6.010000
6 5.000000 6.020000
6 5.000000 6.030000
6 5.000000 6.040000
6 5.000000 6.050000
6 5.000000 6.060000
6 5.000000 6.070000
6 5.000000 6.080000
6 5.000000 6.090000
6 5.000000 6.100000
6 5.000000 6.110000
6 5.000000 6.120000
6 5.000000 6.130000
6 5.000000 6.140000
6 5.000000 6.150000
6 5.000000 6.160000
6 5.000000 6.170000
6 5.000000 6.180000
6 5.000000 6.190000
6 5.000000 6.200000
6 5.000000 6.210000
6 5.000000 6.220000
6 5.000000 6.230000
6 5.000000 6.240000
6 5.000000 6.250000
6 5.000000 6.260000
6 5.000000 6.270000
6 5.000000 6.280000
6 5.000000 6.290000
6 5.000000 6.300000
6 5.000000 6.310000
6 5.000000 6.320000
6 5.000000 6.330000
6 5.000000 6.340000
6 5.000000 6.350000
6 5.000000 6.360000
6 5.000000 6.370000
6 5.000000 6.380000
6 5.000000 6.390000
6 5.000000 6.400000
6 5.000000 6.410000
6 5.000000 6.420000
6 5.000000 6.430000
6 5.000000 6.440000
6 5.000000 6.450000
6 5.000000 6.460000
6 5.000000 6.470000
6 5.000000 6.480000
6 5.000000 6.490000
6 5.000000 6.500000
6 5.000000 6.510000
6 5.000000 6.520000
6 5.000000 6.530000
6 5.000000 6.540000
6 5.000000 6.550000
6 5.000000 6.560000
6 5.000000 6.570000
6 5.000000 6.580000
6 5.000000 6.590000
6 5.000000 6.600000
6 5.000000 6.610000
6 5.000000 6.620000
6 5.000000 6.630000
6 5.000000 6.640000
6 5.000000 6.650000
6 5.000000 6.660000
6 5.000000 6.670000
6 5.000000 6.680000
6 5.000000 6.690000
6 5.000000 6.700000
6 5.000000 6.710000
6 5.000000 6.720000
6 5.000000 6.730000
6 5.000000 6.740000
6 5.000000 6.750000
6 5.000000 6.760000
6 5.000000 6.770000
6 5.000000 6.780000
6 5.000000 6.790000
6 5.000000 6.800000
6 5.000000 6.810000
6 5.000000 6.820000
6 5.000000 6.830000
6 5.000000 6.840000
6 5.000000 6.850000
6 5.000000 6.860000
6 5.000000 6.870000
6 5.000000 6.880000
6 5.000000 6.890000
6 5.000000 6.900000
6 5.000000 6.910000
6 5.000000 6.920000
6 5.000000 6.930000
6 5.000000 6.940000
6 5.000000 6.950000
6 5.000000 6.960000
6 5.000000 6.970000
6 5.000000 6.980000
6 5.000000 6.990000
6 5.000000 7.000000
6 5.000000 7.010000
6 5.000000 7.020000
6 5.000000 7.030000
6 5.000000 7.040000
6 5.000000 7.050000
6 5.000000 7.060000
6 5.000000 7.070000
6 5.000000 7.080000
6 5.000000 7.090000
6 5.000000 7.100000
6 5.000000 7.110000
6 5.000000 7.120000
6 5.000000 7.130000
6 5.000000 7.140000
6 5.000000 7.150000
6 5.000000 7.160000
6 5.000000 7.170000
6 5.000000 7.180000
6 5.000000 7.190000
6 5.000000 7.200000
6 5.000000 7.210000
6 5.000000 7.220000
6 5.000000 7.230000
6 5.000000 7.240000
6 5.000000 7.250000
6 5.000000 7.260000
6 5.000000 7.270000
6 5.000000 7.280000
6 5.000000 7.290000
6 5.000000 7.300000
6 5.000000 7.310000
6 5.000000 7.320000
6 5.000000 7.330000
6 5.000000 7.340000
6 5.000000 7.350000
6 5.000000 7.360000
6 5.000000 7.370000
6 5.000000 7.380000
6 5.000000 7.390000
6 5.000000 7.400000
6 5.000000 7.410000
6 5.000000 7.420000
6 5.000000 7.430000
6 5.000000 7.440000
6 5.000000 7.450000
6 5.000000 7.460000
6 5.000000 7.470000
6 5.000000 7.480000
6 5.000000 7.490000
6 5.000000 7.500000
6 5.000000 7.510000
6 5.000000 7.520000
6 5.000000 7.530000
6 5.000000 7.540000
6 5.000000 7.550000
6 5.000000 7.560000
6 5.000000 7.570000
6 5.000000 7.580000
6 5.000000 7.590000
6 5.000000 7.600000
6 5.000000 7.610000
6 5.000000 7.620000
6 5.000000 7.630000
6 5.000000 7.640000
6 5.000000 7.650000
6 5.000000 7.660000
6 5.000000 7.670000
6 5.000000 7.680000
6 5.000000 7.690000
6 5.000000 7.700000
6 5.000000 7.710000
6 5.000000 7.720000
6 5.000000 7.730000
6 5.000000 7.740000
6 5.000000 7.750000
6 5.000000 7.760000
6 5.000000 7.770000
6 5.000000 7.780000
6 5.000000 7.790000
6 5.000000 7.800000
6 5.000000 7.810000
6 5.000000 7.820000
6 5.000000 7.830000
6 5.000000 7.840000
6 5.000000 7.850000
6 5.000000 7.860000
6 5.000000 7.870000
6 5.000000 7.880000
6 5.000000 7.890000
6 5.000000 7.900000
6 5.000000 7.910000
6 5.000000 7.920000
6 5.000000 7.930000
6 5.000000 7.940000
6 5.000000 7.950000
6 5.000000 7.960000
6 5.000000 7.970000
6 5.000000 7.980000
6 5.000000 7.990000
6 5.000000 8.000000
6 5.000000 8.010000
6 5.000000 8.020000
6 5.000000 8.030000
6 5.000000 8.040000
6 5.000000 8.050000
6 5.000000 8.060000
6 5.000000 8.070000
6 5.000000 8.080000
6 5.000000 8.090000
6 5.000000 8.100000
6 5.000000 8.110000
6 5.000000 8.120000
6 5.000000 8.130000
6 5.000000 8.140000
6 5.000000 8.150000
6 5.000000 8.160000
6 5.000000 8.170000
6 5.000000 8.180000
6 5.000000 8.190000
6 5.000000 8.200000
6 5.000000 8.210000
6 5.000000 8.220000
6 5.000000 8.230000
6 5.000000 8.240000
6 5.000000 8.250000
6 5.000000 8.260000
6 5.000000 8.270000
6 5.000000 8.280000
6 5.000000 8.290000
6 5.000000 8.300000
6 5.000000 8.310000
6 5.000000 8.320000
6 5.000000 8.330000
6 5.000000 8.340000
7 5.000000 8.850000
7 5.000000 8.860000
7 5.000000 8.870000
7 5.000000 8.880000
7 5.000000 8.890000
7 5.000000 8.900000
7 5.000000 8.910000
7 5.000000 8.920000
7 5.000000 8.930000
7 5.000000 8.940000
7 5.000000 8.950000
7 5.000000 8.960000
7 5.000000 8.970000
7 5.000000 8.980000
7 5.000000 8.990000
7 5.000000 9.000000
7 5.000000 9.010000
7 5.000000 9.020000
7 5.000000 9.030000
7 5.000000 9.040000
7 5.000000 9.050000
7 5.000000 9.060000
7 5.000000 9.070000
7 5.000000 9.080000
7 5.000000 9.090000
7 5.000000 9.100000
7 5.000000 9.110000
7 5.000000 9.120000
7 5.000000 9.130000
7 5.000000 9.140000
7 5.000000 9.150000
7 5.000000 9.160000
7 5.000000 9.170000
7 5.000000 9.180000
7 5.000000 9.190000
7 5.000000 9.200000
7 5.000000 9.210000
7 5.000000 9.220000
7 5.000000 9.230000
7 5.000000 9.240000
7 5.000000 9.250000
7 5.000000 9.260000
7 5.000000 9.270000
7 5.000000 9.280000
7 5.000000 9.290000
7 5.000000 9.300000
7 5.000000 9.310000
7 5.000000 9.320000
7 5.000000 9.330000
7 5.000000 9.340000
7 5.000000 9.350000
7 5.000000 9.360000
7 5.000000 9.370000
7 5.000000 9.380000
7 5.000000 9.390000
7 5.000000 9.400000
7 5.000000 9.410000
7 5.000000 9.420000
7 5.000000 9.430000
7 5.000000 9.440000
7 5.000000 9.450000
7 5.000000 9.460000
7 5.000000 9.470000
7 5.000000 9.480000
7 5.000000 9.490000
7 5.000000 9.500000
7 5.000000 9.510000
7 5.000000 9.520000
7 5.000000 9.530000
7 5.000000 9.540000
7 5.000000 9.550000
7 5.000000 9.560000
7 5.000000 9.570000
7 5.000000 9.580000
7 5.000000 9.590000
7 5.000000 9.600000
7 5.000000 9.610000
7 5.000000 9.620000
7 5.000000 9.630000
7 5.000000 9.640000
7 5.000000 9.650000
7 5.000000 9.660000
7 5.000000 9.670000
7 5.000000 9.680000
7 5.000000 9.690000
7 5.000000 9.700000
7 5.000000 9.710000
7 5.000000 9.720000
7 5.000000 9.730000
7 5.000000 9.740000
7 5.000000 9.750000
7 5.000000 9.760000
7 5.000000 9.770000
7 5.000000 9.780000
7 5.000000 9.790000
7 5.000000 9.800000
7 5.000000 9.810000
7 5.000000 9.820000
7 5.000000 9.830000
7 5.000000 9.840000
7 5.000000 9.850000
7 5.000000 9.860000
7 5.000000 9.870000
7 5.000000 9.880000
7 5.000000 9.890000
7 5.000000 9.900000
7 5.000000 9.910000
7 5.000000 9.920000
7 5.000000 9.930000
7 5.000000 9.940000
7 5.000000 9.950000
7 5.000000 9.960000
7 5.000000 9.970000
7 5.000000 9.980000
7 5.000000 9.990000
7 5.000000 10.000000
