1: 0 
2: 0 1 
3: 0 2 
4: 0 1 3 
7: 0 2 4 6 
8: 0 2 4 6 7 
13: 0 2 4 6 7 8 
25: 0 2 4 24 4 6 7 
64: 0 2 33 12 5 28 63 
78: 0 2 33 12 5 28 63 10 17 15 18 21 26 39 59 66 77 
81: 0 2 33 12 5 28 63 10 11 14 16 19 23 27 58 62 75 80 
83: 0 2 33 12 5 28 63 10 17 15 18 21 26 39 59 66 77 82 
87: 0 2 33 12 5 28 63 10 11 14 16 19 23 27 58 62 75 80 77 86 77 82 
105: 0 2 33 12 5 28 63 90 11 14 16 19 23 27 58 62 75 80 78 104 78 77 82 
109: 0 2 33 12 5 28 63 10 17 15 18 21 26 39 59 66 77 82 77 86 108 
123: 0 2 33 12 5 28 63 10 17 15 18 34 120 117 59 66 77 82 80 78 104 122 
124: 0 2 33 12 5 28 63 10 17 15 18 34 120 93 62 75 80 78 104 108 123 122 104 86 77 82 
261: 0 2 74 186 101 222 118 235 260 115 192 10 17 15 18 213 117 59 66 77 202 247 207 80 202 244 207 80 82 221 202 229 163 152 179 
262: 0 2 74 186 101 222 118 235 260 115 192 10 17 15 18 213 117 59 66 77 202 247 207 80 202 229 163 104 244 157 179 229 207 78 221 84 
265: 0 2 74 186 101 222 118 235 260 261 260 28 7 10 243 14 15 18 213 117 59 66 77 202 247 207 80 202 244 237 122 179 229 207 80 119 
266: 0 2 74 186 101 222 118 235 260 261 260 28 7 265 243 14 15 18 213 117 59 66 77 202 247 207 80 202 244 237 122 179 229 207 80 119 
267: 0 2 74 186 101 222 118 235 260 261 260 28 7 265 243 14 15 18 213 117 59 66 77 202 247 207 80 202 244 237 122 179 229 207 80 119 
268: 0 2 33 12 222 235 260 6 127 168 17 15 18 213 117 59 66 215 207 80 202 244 237 140 122 179 229 207 80 84 
303: 0 1 85 74 4 222 235 260 296 279 293 302 298 282 264 260 28 7 10 17 99 125 288 120 93 62 75 247 207 202 229 163 152 163 148 207 80 167 283 
309: 0 1 85 74 4 222 235 260 296 279 293 302 298 282 264 260 115 192 11 14 255 308 271 99 125 288 285 59 66 215 207 80 202 229 86 307 123 
315: 0 1 85 74 4 222 235 260 296 279 293 302 298 282 264 260 115 192 11 14 255 308 255 14 97 125 288 285 59 66 77 247 207 80 119 247 86 307 163 152 
318: 0 1 85 74 4 222 235 260 296 279 293 302 298 282 264 260 115 192 11 14 271 317 271 99 16 48 312 93 62 75 78 207 80 207 229 163 269 179 307 244 276 247 82 
334: 0 1 85 74 4 222 235 260 296 279 293 302 333 302 298 282 264 316 151 115 192 11 14 271 317 271 15 16 48 312 93 62 75 78 207 80 202 229 163 269 104 244 157 179 307 86 247 325 
338: 0 1 85 74 4 222 235 260 115 272 65 46 255 308 329 317 271 46 16 48 312 93 62 75 247 207 156 221 202 229 163 136 108 237 247 119 82 77 219 171 81 326 48 16 46 65 265 115 260 261 279 306 330 302 333 
345: 0 1 85 74 4 222 235 260 264 282 298 314 337 314 298 282 264 260 115 192 11 14 271 317 271 15 125 288 285 328 66 77 202 78 207 80 202 244 156 215 82 247 237 163 136 
353: 0 1 85 74 4 222 235 260 264 282 298 314 337 314 298 282 264 260 115 192 11 14 271 317 271 99 20 165 312 93 62 75 78 207 80 202 229 163 152 229 207 156 221 82 215 207 229 179 
369: 0 1 277 74 186 101 222 118 235 260 261 332 296 356 28 190 181 192 11 46 255 308 329 308 255 15 18 34 285 184 66 77 202 215 82 77 86 307 136 140 324 365 59 93 312 48 16 46 65 265 115 260 264 282 298 314 368 337 
406: 0 1 277 74 186 101 222 118 235 260 264 282 298 314 368 337 314 298 282 264 260 190 292 38 11 14 255 308 329 308 271 15 60 281 40 227 211 62 319 405 319 187 219 77 207 247 86 108 136 307 207 247 82 
466: 0 1 277 74 186 101 222 118 235 260 296 279 293 444 351 443 333 314 298 282 264 260 115 265 65 17 196 462 317 271 99 125 288 285 328 66 77 202 247 207 75 62 319 380 465 380 365 324 140 162 108 148 202 215 82 
493: 0 1 277 74 186 101 222 118 235 260 296 279 293 444 351 443 351 314 298 282 264 260 28 222 32 265 65 14 271 489 340 357 492 480 345 317 462 76 97 429 238 246 328 187 319 405 465 405 319 324 163 152 307 207 247 221 
498: 0 1 277 74 186 101 222 118 235 260 296 279 293 444 351 443 351 314 298 282 264 260 200 181 10 493 255 308 329 357 492 401 377 317 271 46 467 18 213 230 350 62 219 202 247 207 215 66 184 169 380 465 405 319 324 140 136 392 207 247 476 
510: 0 1 277 74 186 101 222 118 235 260 296 279 293 444 351 443 351 314 298 282 264 260 190 181 10 493 255 308 329 357 492 480 345 317 271 15 331 180 23 27 96 184 62 219 202 247 207 215 66 62 169 380 465 405 319 324 148 108 347 486 104 425 247 82 
581: 0 548 277 74 186 101 222 118 235 260 296 279 521 302 333 522 474 351 481 439 302 293 282 264 260 190 63 10 493 255 308 299 377 570 518 580 518 401 377 299 295 15 18 180 411 230 285 184 169 380 465 512 567 324 391 104 140 136 417 237 247 482 
600: 0 548 277 74 186 101 222 118 235 260 296 279 521 302 333 522 474 541 481 439 302 293 282 264 260 28 7 10 493 255 308 329 357 492 599 518 580 518 401 377 299 526 46 588 48 326 516 328 66 215 207 80 202 86 202 86 108 136 113 104 324 319 405 572 
610: 0 548 277 74 186 101 222 118 235 260 296 279 521 302 333 522 337 541 481 439 302 293 282 264 260 28 7 10 493 255 308 329 357 492 599 518 580 518 449 345 317 462 551 588 258 529 93 169 380 465 380 365 324 391 104 140 136 163 237 247 82 
611: 0 548 277 74 186 101 222 118 235 260 296 279 521 302 333 522 337 541 481 439 302 293 282 264 260 28 7 10 493 255 308 329 357 492 599 518 580 518 401 377 299 255 76 97 18 288 529 91 169 380 465 380 567 324 175 391 104 140 136 392 86 419 578 
612: 0 548 277 74 186 101 222 118 235 260 296 279 521 302 333 522 337 541 481 439 302 293 282 264 260 190 63 537 65 493 254 308 329 357 492 599 518 580 611 492 357 329 308 254 14 588 258 529 81 607 178 476 77 86 486 136 163 324 567 562 530 
1112: 0 1 95 367 651 101 222 118 151 914 190 7 535 947 724 493 255 308 329 357 763 1074 580 979 845 463 310 714 80 207 244 152 163 324 948 800 775 626 666 983 1075 1086 547 
