0 0.001000 0.001000
1 0.248417 0.435494
2 0.640513 0.745753
3 0.764852 1.230046
4 1.158791 1.537962
5 1.528807 1.874248
6 1.855287 2.252944
7 2.094811 2.691838
8 2.555246 2.496902
9 3.020477 2.680097
10 3.476782 2.884512
11 3.968327 2.976073
12 4.260553 3.381787
13 4.284668 3.881205
14 4.490679 4.336792
15 4.800031 4.729604
16 4.265323 2.573837
17 4.751314 5.227225
18 4.752679 5.727223
19 4.306771 5.953422
20 2.580000 2.990000
21 2.538477 3.488273
22 4.760396 3.369262
23 2.557583 1.996908
24 5.235645 3.213895
25 3.830991 6.107154
26 5.718432 3.083833
27 3.863960 6.606066
28 3.468679 6.912256
29 4.218666 6.958463
30 4.340000 4.640000
31 4.980000 3.460000
32 5.690000 3.330000
33 6.089435 3.630751
34 6.589252 3.617210
35 0.800000 1.450000
36 7.019709 3.871586
37 7.371366 3.516147
38 4.464679 2.115299
39 2.439135 3.978305
40 2.975718 6.995862
41 1.450113 2.545918
42 4.410000 3.380000
43 4.899973 6.205035
44 7.785577 3.796200
45 2.880000 3.790000
46 4.153017 7.454134
47 4.020000 3.660000
48 2.477666 6.951777
49 1.840000 3.110000
50 7.409397 3.017595
51 8.245653 3.991979
52 7.772663 2.674029
53 2.500000 7.330000
54 4.549948 7.758183
55 2.750000 2.970000
56 5.670000 3.070000
57 4.628730 8.251937
58 2.213114 7.739507
59 4.366124 8.677423
60 1.760000 1.580000
61 8.261496 4.491728
62 5.095855 8.430246
63 0.360000 1.170000
64 1.737725 7.894445
65 2.025529 4.259250
66 2.062906 6.672538
67 3.921203 8.905557
68 4.787140 1.733174
69 5.640000 3.340000
70 8.072447 4.954611
71 7.470555 2.275619
72 1.320000 2.030000
73 7.092830 4.366210
74 5.120000 3.220000
75 5.482232 8.747600
76 3.740000 9.230000
77 1.860939 7.129932
78 8.637933 3.681952
79 2.300000 7.890000
80 7.389592 1.782217
81 3.859738 8.409350
82 1.618452 8.380011
83 5.974582 8.834728
84 1.068216 0.486774
85 7.570000 2.730000
86 0.511268 1.858208
87 7.532174 1.302978
88 5.514895 9.246532
89 6.472932 8.875314
90 8.733960 4.655365
91 3.121390 4.227871
92 1.606338 4.531791
93 8.904567 3.258979
94 1.470000 8.260000
95 1.348356 8.800782
96 2.320000 2.900000
97 4.650000 7.370000
98 1.970000 2.910000
99 1.221448 4.212637
100 6.493803 8.375749
101 1.830000 2.040000
102 0.550000 1.680000
103 2.836036 1.581620
104 7.760000 4.740000
105 4.594603 9.122167
106 6.925508 9.087858
107 0.875186 8.962366
108 2.240000 7.920000
109 0.290000 1.760000
110 6.849612 9.582064
111 7.500000 3.690000
112 6.074386 2.732696
113 4.548261 1.293928
114 7.382946 8.885991
115 4.433683 9.595564
116 6.740000 9.200000
117 6.521637 2.509165
118 6.789747 7.972739
119 4.970000 7.610000
120 4.966209 1.019484
121 2.066480 6.172550
122 1.070350 7.959533
123 7.880535 8.935036
124 7.904996 0.969806
125 7.660000 3.280000
126 0.924955 7.481140
127 2.520000 6.770000
128 8.150000 3.260000
129 3.810000 4.050000
130 4.360000 2.880000
131 2.310000 2.120000
132 7.760000 8.990000
133 7.280000 1.080000
134 8.058194 8.467663
135 8.303527 1.271754
136 3.688537 5.627876
137 7.820000 8.840000
138 3.800000 4.380000
139 0.402321 9.124843
140 7.038241 0.642333
141 4.100000 9.890000
142 0.240000 2.100000
143 6.967923 4.850357
144 5.799412 4.038043
145 1.970000 3.960000
146 6.250000 3.990000
147 6.700000 2.480000
148 8.111695 7.970534
149 4.810000 7.510000
150 5.933085 9.520607
151 8.470000 3.080000
152 2.030000 3.400000
153 7.160000 1.130000
154 8.432482 7.587004
155 8.353764 1.769224
156 2.727954 1.093441
157 1.947844 5.686829
158 0.589649 8.097105
159 2.320000 2.180000
160 1.810000 5.410000
161 1.522802 0.278565
162 9.312307 3.548372
163 7.850000 0.540000
164 4.850000 5.530000
165 2.170000 5.710000
166 6.950000 8.810000
167 0.706736 7.031273
168 5.450000 9.360000
169 9.574848 3.122847
170 0.250000 9.310000
171 4.670000 8.840000
172 8.950000 2.970000
173 5.501450 9.857346
174 8.280000 7.660000
175 9.615280 2.624484
176 8.790957 1.160346
177 9.476350 4.020697
178 6.930000 8.980000
179 2.330000 1.730000
180 1.720000 8.430000
181 2.270000 7.180000
182 4.924864 2.310823
183 1.080000 1.020000
184 3.520000 6.680000
185 9.510000 3.320000
186 8.557469 8.494579
187 3.190000 1.610000
188 6.728949 0.249473
189 8.420176 7.087155
190 8.929822 7.638515
191 6.673545 1.245593
192 8.089438 6.712172
193 3.636089 7.962157
194 3.000000 2.290000
195 1.770000 2.600000
196 3.110000 2.940000
197 9.883387 4.311076
198 8.743268 8.958776
199 5.660000 3.730000
200 7.130000 0.200000
201 7.740000 3.330000
202 4.790000 0.790000
203 0.670000 1.300000
204 3.310000 3.050000
205 6.110000 3.310000
206 8.080000 9.160000
207 1.023132 2.806085
208 8.690000 4.270000
209 3.450000 5.350000
210 0.860000 7.810000
211 7.789336 6.312249
212 1.230000 1.860000
213 2.160446 8.666658
214 6.170000 9.560000
215 9.097068 4.999099
216 1.730000 3.260000
217 8.860000 4.300000
218 7.130000 4.010000
219 1.280000 8.170000
220 9.100000 8.070000
221 4.910000 2.840000
222 2.979047 0.661061
223 8.896463 2.472874
224 1.120000 4.420000
225 7.000000 3.180000
226 7.302538 6.198110
227 4.630000 2.480000
228 8.797656 9.455809
229 5.640000 2.740000
230 2.870000 0.510000
231 6.470000 4.830000
232 9.460000 4.220000
233 0.480000 1.470000
234 9.130000 8.860000
235 7.084984 6.648299
236 4.560000 2.410000
237 9.920000 3.120000
238 4.240000 1.570000
239 7.890000 3.560000
240 0.639238 4.557361
241 7.811459 7.485445
242 8.440000 8.070000
243 3.490000 4.670000
244 9.470000 3.840000
245 3.280838 9.032085
246 2.011836 0.382707
247 2.280000 0.370000
248 4.300000 1.680000
249 2.732174 8.141447
250 7.850000 1.610000
251 6.190000 9.640000
252 9.220000 7.770000
253 1.933875 9.112377
254 7.860000 2.560000
255 4.293582 5.428425
256 2.090000 6.500000
257 6.210000 3.090000
258 3.830000 9.820000
259 3.520000 5.500000
260 4.930000 1.660000
261 2.040000 9.190000
262 2.280000 5.440000
263 0.750000 2.230000
264 8.160000 9.430000
265 1.568681 6.219413
266 1.178425 5.906842
267 9.360000 4.300000
268 8.710000 7.730000
269 0.391572 4.991713
270 4.600000 5.350000
271 3.350317 9.961083
272 7.352854 5.700648
273 0.990000 1.040000
274 2.870000 7.610000
275 1.420000 0.090000
276 6.955150 7.500890
277 8.670000 8.470000
278 0.631152 3.116492
279 4.740000 2.790000
280 3.390000 4.970000
281 9.288785 1.113784
282 2.520000 7.280000
283 6.340000 8.830000
284 2.720000 2.360000
285 3.550000 7.190000
286 4.180000 8.790000
287 3.620000 3.880000
288 6.591509 6.728811
289 0.470000 4.540000
290 3.490000 2.440000
291 4.060000 4.770000
292 5.410000 3.310000
293 0.135453 8.702017
294 3.175870 5.862732
295 3.472533 0.741508
296 8.780000 1.610000
297 7.980000 4.100000
298 6.880000 6.400000
299 2.229034 1.060595
300 5.350000 3.560000
301 2.630000 6.930000
302 8.990000 1.860000
303 8.250000 9.210000
304 7.980000 1.260000
305 6.950000 4.480000
306 8.400000 3.580000
307 7.100000 0.080000
308 2.789835 8.937661
309 9.520000 4.010000
310 9.242983 7.248734
311 3.990000 3.800000
312 1.780000 6.710000
313 4.720676 0.294829
314 6.243046 0.367362
315 5.810000 3.280000
316 9.230000 1.170000
317 8.980000 7.960000
318 8.169258 9.929914
319 8.500000 6.840000
320 0.040000 9.200000
321 3.820000 7.010000
322 2.880000 2.190000
323 9.360000 3.920000
324 0.630000 7.870000
325 2.550000 4.280000
326 6.110000 9.820000
327 2.860000 5.850000
328 4.850000 4.640000
329 3.330000 0.590000
330 1.750000 4.150000
331 3.560000 7.660000
332 5.480000 8.340000
333 0.900000 0.050000
334 7.820000 4.680000
335 6.173633 1.236241
336 2.950000 9.900000
337 2.290000 3.960000
338 2.950000 5.850000
339 2.810000 2.380000
340 9.300000 3.480000
341 7.130000 6.350000
342 3.730000 3.760000
343 2.070000 5.180000
344 9.240000 2.630000
345 0.590000 1.700000
346 4.820000 6.390000
347 7.050000 5.480000
348 0.010000 4.840000
349 9.583553 1.523553
350 5.895746 1.651908
351 5.660000 3.240000
352 1.620000 6.350000
353 7.900000 5.970000
354 6.680000 5.460000
355 6.090000 3.530000
356 6.150000 9.370000
357 5.140000 8.160000
358 9.150000 2.950000
359 3.700000 8.120000
360 0.630000 8.040000
361 5.780000 0.520000
362 1.490000 5.570000
363 1.400000 3.540000
364 3.680000 9.310000
365 2.270000 9.120000
366 2.750000 8.540000
367 8.300000 9.470000
368 1.740000 4.910000
369 1.190000 0.960000
370 0.890000 1.750000
371 8.100000 6.820000
372 2.340000 3.130000
373 0.340000 4.320000
374 9.430000 8.270000
375 7.350000 4.850000
376 3.550000 5.920000
377 9.690000 2.290000
378 3.580000 6.340000
379 1.470000 8.710000
380 3.430000 4.240000
381 7.970000 4.170000
382 8.110000 0.250000
383 3.450000 6.770000
384 2.960000 0.420000
385 3.990000 8.260000
386 7.840000 9.300000
387 0.360000 8.640000
388 8.360000 3.960000
389 4.740000 0.640000
390 4.320000 8.230000
391 2.970000 4.340000
392 1.890000 8.860000
393 0.760000 4.730000
394 0.690000 1.080000
395 4.380000 7.050000
396 2.590000 3.080000
397 8.440000 6.540000
398 8.010000 9.910000
399 6.060000 1.640000
400 0.920000 0.880000
401 3.410000 0.750000
402 0.470000 9.530000
403 4.880000 1.640000
404 3.850000 2.110000
405 8.740000 0.950000
406 8.690000 6.410000
407 4.880000 6.360000
408 1.690000 3.460000
409 7.300000 3.790000
410 9.534399 0.678269
411 7.700000 5.370000
412 8.760000 2.300000
413 0.230000 9.880000
414 7.280000 4.900000
415 3.650000 8.880000
416 2.340000 8.210000
417 5.260000 9.360000
418 6.550000 5.400000
419 3.550000 1.010000
420 6.540000 3.240000
421 7.440000 4.020000
422 2.010000 6.840000
423 2.500000 1.130000
424 0.740000 0.190000
425 2.720000 4.350000
426 3.220000 6.000000
427 6.430000 0.940000
428 6.890000 3.770000
429 6.000000 0.560000
430 7.700000 1.030000
431 6.820000 7.900000
432 0.740000 3.190000
433 1.030000 6.790000
434 1.610000 6.360000
435 1.530000 7.550000
436 8.187657 5.480413
437 2.660000 7.910000
438 7.850000 7.710000
439 4.660000 5.430000
440 1.060000 4.010000
441 0.320000 4.170000
442 3.540000 4.660000
443 7.630000 8.010000
444 1.490000 5.790000
445 0.170000 9.820000
446 8.450000 8.670000
447 1.910000 2.000000
448 1.730000 6.460000
449 2.150000 4.580000
450 2.960000 8.340000
451 7.630000 7.210000
452 9.280000 1.360000
453 4.730000 9.420000
454 9.370000 7.740000
455 6.910000 8.560000
456 0.990000 8.170000
457 4.530000 0.610000
458 4.840000 6.230000
459 0.970000 3.100000
460 6.383182 7.656709
461 3.800000 3.350000
462 1.370000 4.820000
463 9.090000 2.690000
464 2.190000 2.730000
465 6.890000 0.910000
466 8.520000 3.330000
467 3.370000 2.550000
468 8.760000 1.470000
469 2.760000 6.740000
470 6.256365 6.357760
471 0.070000 4.810000
472 2.300000 7.920000
473 4.730000 6.420000
474 1.600000 7.030000
475 0.550000 9.750000
476 8.090000 3.080000
477 8.170000 8.180000
478 1.670000 1.040000
479 1.290000 1.450000
480 1.047947 9.704732
481 3.680000 6.980000
482 8.060000 1.490000
483 1.590000 8.480000
484 7.130000 2.360000
485 4.720000 6.280000
486 5.230000 2.940000
487 3.960000 2.220000
488 8.998331 6.016386
489 7.440000 2.630000
490 0.890000 7.840000
491 6.850000 9.140000
492 6.056447 5.319964
493 1.650000 7.500000
494 0.480000 1.940000
495 6.890000 2.290000
496 9.970000 2.210000
497 4.230000 3.870000
498 3.650000 0.540000
499 9.240000 9.350000
500 2.360000 6.770000
501 7.500000 1.450000
502 3.230000 3.720000
503 9.200000 4.380000
504 3.340000 4.460000
505 9.510000 8.360000
506 8.250000 1.110000
507 6.080000 7.530000
508 2.530000 7.690000
509 2.060000 6.030000
510 4.960000 2.230000
511 4.160000 7.140000
512 5.990000 5.310000
513 3.690000 3.230000
514 6.830000 7.420000
515 7.550000 7.510000
516 9.200000 7.990000
517 0.220556 3.401817
518 6.590000 2.770000
519 0.600000 7.910000
520 0.890000 4.250000
521 7.340000 8.770000
522 1.180000 4.060000
523 0.695439 5.777521
524 8.180000 9.780000
525 8.160000 9.220000
526 3.530000 6.710000
527 3.750000 6.590000
528 7.940000 3.780000
529 1.870000 7.530000
530 7.030000 3.300000
531 9.110000 8.730000
532 1.630000 8.140000
533 8.450000 9.360000
534 3.630000 7.770000
535 9.570000 8.310000
536 0.500000 8.400000
537 2.930000 6.710000
538 0.580000 8.130000
539 8.950000 6.720000
540 8.530000 7.030000
541 3.320000 9.720000
542 7.840000 9.810000
543 9.480000 1.550000
544 8.400000 1.430000
545 1.850000 3.400000
546 8.940000 8.160000
547 9.470000 2.400000
548 5.800000 1.890000
549 3.510000 6.060000
550 6.450000 6.150000
551 8.790000 7.510000
552 8.040000 2.530000
553 2.210000 1.220000
554 3.840000 1.440000
555 5.850000 7.800000
556 2.080000 6.530000
557 4.770000 9.110000
558 5.920000 4.510000
559 7.640000 9.910000
560 1.130000 6.020000
561 2.680000 3.940000
562 6.500000 5.750000
563 6.140000 8.070000
564 5.990000 6.450000
565 7.330000 1.470000
566 2.350000 1.810000
567 1.480000 2.240000
568 9.080000 8.170000
569 3.020000 9.840000
570 1.110000 0.850000
571 3.050000 4.370000
572 2.730000 5.890000
573 2.780000 8.090000
574 6.350000 3.700000
575 7.170000 3.540000
576 1.790000 0.450000
577 6.290000 8.000000
578 2.940000 1.480000
579 7.160000 1.720000
580 8.390000 1.560000
581 2.620000 9.410000
582 4.680000 6.290000
583 0.240000 9.080000
584 2.540000 6.880000
585 1.970000 4.360000
586 2.270000 5.670000
587 8.330000 2.430000
588 9.350000 1.090000
589 7.390000 1.250000
590 6.220000 0.230000
591 3.650000 4.870000
592 2.590000 8.480000
593 0.170000 3.210000
594 6.530000 3.520000
595 9.630000 2.050000
596 8.480000 8.930000
597 8.500000 8.120000
598 9.350000 5.800000
599 9.030000 9.360000
600 8.310000 5.520000
601 4.780000 3.580000
602 1.720000 9.110000
603 3.480000 1.460000
604 6.910000 0.330000
605 1.750000 3.770000
606 7.710000 3.780000
607 4.650000 0.010000
608 0.180000 9.720000
609 7.780000 2.000000
610 5.520000 7.640000
611 5.490000 8.230000
612 0.840000 3.890000
613 7.880000 7.800000
614 9.070000 6.260000
615 5.730000 6.830000
616 8.880000 7.640000
617 6.100000 4.750000
618 7.320000 4.280000
619 0.740000 8.710000
620 0.210000 3.120000
621 9.270000 8.140000
622 5.470000 7.670000
623 5.620000 8.400000
624 1.150000 4.150000
625 5.980000 7.400000
626 2.460000 7.070000
627 7.280000 6.970000
628 5.890000 4.760000
629 2.430000 5.110000
630 2.000000 3.480000
631 3.160000 5.410000
632 4.400000 7.450000
633 5.790000 4.680000
634 7.500000 5.160000
635 7.880000 7.930000
636 7.730000 8.070000
637 8.710000 8.700000
638 3.260000 9.490000
639 2.970000 2.340000
640 0.260000 9.130000
641 1.680000 9.470000
642 5.690000 9.970000
643 9.320000 6.950000
644 7.650000 2.430000
645 0.196485 5.809858
646 4.850000 2.810000
647 3.170000 6.000000
648 2.780000 6.530000
649 4.360000 1.030000
650 8.570000 0.500000
651 1.350000 0.370000
652 2.080000 1.450000
653 3.130000 7.990000
654 3.380000 0.180000
655 1.960000 4.570000
656 4.450000 3.830000
657 3.660000 5.830000
658 9.280192 9.848382
659 4.800000 2.240000
660 7.870000 9.990000
661 4.990000 0.330000
662 0.750000 6.410000
663 7.890000 7.660000
664 8.620000 1.410000
665 5.540000 4.520000
666 2.900000 9.570000
667 8.660000 2.970000
668 2.580000 4.120000
669 4.020000 2.270000
670 8.060000 8.460000
671 8.440000 1.900000
672 1.450000 5.800000
673 3.700000 5.810000
674 0.620000 0.160000
675 9.410000 3.580000
676 0.900000 6.990000
677 7.340000 3.840000
678 5.600000 9.950000
679 1.300000 4.790000
680 5.690000 1.510000
681 6.140000 1.340000
682 2.830000 5.920000
683 0.480000 7.070000
684 3.880000 1.940000
685 1.360000 2.380000
686 8.060000 7.890000
687 5.800000 8.470000
688 3.310000 8.540000
689 3.620000 7.410000
690 3.720000 0.630000
691 6.670000 3.970000
692 3.680000 5.690000
693 7.290000 1.110000
694 4.370000 0.330000
695 9.270000 1.740000
696 4.840000 9.650000
697 2.024607 9.832279
698 5.740000 5.230000
699 6.970000 1.980000
700 8.920000 2.420000
701 1.060000 8.520000
702 0.770000 2.490000
703 7.850000 1.200000
704 1.760000 4.960000
705 3.380000 1.820000
706 9.200000 2.530000
707 5.685591 6.053345
708 8.090000 8.310000
709 5.920000 8.040000
710 6.400000 2.330000
711 4.140000 0.140000
712 9.592677 4.932983
713 3.180000 4.090000
714 6.200000 6.140000
715 8.270000 3.370000
716 3.150000 6.470000
717 3.060000 8.520000
718 3.570000 7.030000
719 9.470000 4.130000
720 5.630000 9.180000
721 6.230000 1.130000
722 1.340000 5.850000
723 1.370000 3.320000
724 4.710000 9.100000
725 9.760000 1.930000
726 1.100000 9.970000
727 0.810000 0.550000
728 6.190000 1.540000
729 9.570000 2.030000
730 5.460000 6.810000
731 0.270000 1.250000
732 2.650000 3.910000
733 4.050000 1.410000
734 4.420000 1.130000
735 0.260000 8.720000
736 3.040000 6.810000
737 6.720000 1.690000
738 6.780000 2.750000
739 8.270000 5.460000
740 4.420000 7.050000
741 5.510000 7.950000
742 9.220000 2.350000
743 9.710000 4.910000
744 5.480000 1.870000
745 3.570000 6.480000
746 1.750000 4.210000
747 7.540000 8.240000
748 1.860000 0.400000
749 7.020000 2.160000
750 3.940000 2.290000
751 1.220000 3.930000
752 3.960000 7.900000
753 2.780000 3.920000
754 4.400000 1.350000
755 5.770000 4.230000
756 1.650000 9.030000
757 5.490000 3.700000
758 6.660000 9.310000
759 1.970000 0.510000
760 7.180000 0.290000
761 7.530000 1.070000
762 2.740000 9.930000
763 4.760000 0.440000
764 0.350000 3.740000
765 7.970000 1.670000
766 3.700000 3.260000
767 6.510000 3.990000
768 8.800000 7.120000
769 8.810000 1.020000
770 3.500000 9.840000
771 2.300000 0.550000
772 3.290000 7.190000
773 0.060000 5.430000
774 1.740000 9.400000
775 0.990000 0.250000
776 9.240000 8.680000
777 3.050000 1.900000
778 8.350000 1.850000
779 9.390000 1.940000
780 9.520000 1.310000
781 5.410000 3.650000
782 3.920000 3.760000
783 7.010000 3.030000
784 6.910000 9.260000
785 5.430000 5.770000
786 2.340000 8.450000
787 2.610000 8.160000
788 2.480000 1.770000
789 7.180000 4.650000
790 4.180000 5.990000
791 6.120000 2.600000
792 9.470000 1.550000
793 9.360000 6.580000
794 4.350000 4.050000
795 2.310000 0.960000
796 9.650000 8.880000
797 8.660000 3.470000
798 9.360000 9.540000
799 9.930000 4.860000
800 2.920000 6.390000
801 3.580000 4.750000
802 1.270000 1.190000
803 3.410000 6.130000
804 7.690000 7.500000
805 8.210000 2.050000
806 7.900000 7.290000
807 8.010000 3.580000
808 9.610000 9.720000
809 6.640000 2.160000
810 8.190000 6.220000
811 9.280000 2.560000
812 9.330000 6.570000
813 9.660000 3.300000
814 7.230000 6.790000
815 0.780000 5.700000
816 7.350000 6.460000
817 6.230000 4.830000
818 0.800000 6.980000
819 2.980000 5.220000
820 7.000000 2.650000
821 5.570000 0.240000
822 3.810000 3.470000
823 4.580000 3.730000
824 3.860000 1.640000
825 4.780000 9.440000
826 1.930000 9.500000
827 2.940000 8.530000
828 2.650000 6.630000
829 1.010000 1.570000
830 4.800000 5.440000
831 1.990000 8.240000
832 7.180000 3.760000
833 2.780000 8.220000
834 6.250000 3.620000
835 4.110000 9.600000
836 2.910000 5.520000
837 6.490000 7.800000
838 9.460000 0.700000
839 2.650000 2.220000
840 1.560000 2.260000
841 3.200000 3.770000
842 9.960000 0.920000
843 6.680000 1.660000
844 9.560000 8.000000
845 3.400000 2.910000
846 7.800000 2.840000
847 6.790000 3.620000
848 4.250000 3.270000
849 2.300000 5.720000
850 6.390000 7.280000
851 3.280000 8.800000
852 1.650000 2.710000
853 3.830000 9.010000
854 5.440000 1.530000
855 6.450000 7.270000
856 1.580000 8.810000
857 6.350000 8.400000
858 4.880000 9.650000
859 6.180000 4.680000
860 1.400000 7.770000
861 6.750000 1.900000
862 8.510000 5.810000
863 9.540000 5.040000
864 8.790000 7.020000
865 9.550000 4.060000
866 8.590000 2.380000
867 9.800000 8.750000
868 5.960000 1.740000
869 7.420000 0.760000
870 8.720000 9.210000
871 1.710000 7.420000
872 7.660000 0.520000
873 6.840000 2.760000
874 6.850000 6.760000
875 1.560000 3.440000
876 3.500000 2.310000
877 9.960000 0.440000
878 2.080000 3.380000
879 8.010000 4.630000
880 6.610000 8.400000
881 8.550000 4.720000
882 1.570000 6.230000
883 9.260000 5.800000
884 0.710000 3.930000
885 3.740000 7.250000
886 3.230000 6.250000
887 3.040000 0.700000
888 5.570000 6.820000
889 8.450000 4.000000
890 4.210000 0.770000
891 8.190000 2.030000
892 0.630000 5.510000
893 5.470000 8.790000
894 0.610000 6.310000
895 5.520000 8.220000
896 9.580000 9.690000
897 0.120000 0.090000
898 2.950000 2.360000
899 1.250000 6.360000
900 7.350000 7.950000
901 4.870000 0.070000
902 8.530000 6.870000
903 6.320000 4.500000
904 9.070000 7.430000
905 1.430000 2.130000
906 9.010000 1.760000
907 6.720000 9.930000
908 4.050000 7.640000
909 9.530000 1.410000
910 2.720000 9.940000
911 9.380000 3.420000
912 4.230000 1.120000
913 7.320000 9.340000
914 7.340000 2.500000
915 3.050000 3.560000
916 4.950000 5.860000
917 6.220000 0.670000
918 8.850000 2.830000
919 0.208699 7.598738
920 2.890000 6.130000
921 1.830000 2.060000
922 3.800000 1.980000
923 4.400000 7.780000
924 9.380000 5.000000
925 6.300000 4.620000
926 1.680000 4.630000
927 7.440000 0.020000
928 7.700000 8.180000
929 6.080000 1.040000
930 1.450000 4.810000
931 4.270000 2.360000
932 0.280000 2.810000
933 7.440000 7.440000
934 8.890000 2.020000
935 4.630000 0.750000
936 4.310000 1.810000
937 7.190000 3.820000
938 3.270000 9.580000
939 1.470000 4.500000
