0 4 1 1 0 0 0.854225
0 16 1 1 0 0 1.104627
0 21 1 1 0 0 1.794018
0 24 1 1 0 0 1.404066
0 25 1 1 0 0 2.738923
0 27 1 1 0 0 2.500500
0 32 1 1 0 0 1.717353
0 39 1 1 0 0 2.907456
0 40 1 1 0 0 2.566729
0 42 1 1 0 0 2.601000
0 47 1 1 0 0 2.956518
1 8 1 1 0 0 1.898420
1 9 1 1 0 0 1.884728
1 18 1 1 0 0 1.146124
1 21 1 1 0 0 2.924739
1 22 1 1 0 0 1.734849
1 23 1 1 0 0 1.189496
1 31 1 1 0 0 1.712921
1 35 1 1 0 0 2.809573
1 41 1 1 0 0 2.661297
1 43 1 1 0 0 2.884614
1 44 1 1 0 0 2.661823
1 45 1 1 0 0 2.680392
2 3 1 1 0 0 1.878643
2 5 1 1 0 0 1.710205
2 12 1 1 0 0 1.691626
2 14 1 1 0 0 1.612452
2 15 1 1 0 0 2.972491
2 19 1 1 0 0 1.219180
2 25 1 1 0 0 1.359890
2 27 1 1 0 0 1.586852
2 30 1 1 0 0 2.752617
2 33 1 1 0 0 2.490181
2 34 1 1 0 0 2.540079
2 39 1 1 0 0 2.557597
3 5 1 1 0 0 0.236008
3 10 1 1 0 0 1.467583
3 12 1 1 0 0 0.615873
3 14 1 1 0 0 0.778010
3 15 1 1 0 0 1.173456
3 19 1 1 0 0 1.300961
3 25 1 1 0 0 2.665521
3 27 1 1 0 0 2.997132
3 28 1 1 0 0 1.633554
3 30 1 1 0 0 1.318484
3 33 1 1 0 0 1.297575
3 34 1 1 0 0 1.368247
3 37 1 1 0 0 2.310087
4 16 1 1 0 0 0.657951
4 21 1 1 0 0 0.984073
4 24 1 1 0 0 0.989798
4 27 1 1 0 0 2.988143
4 31 1 1 0 0 2.835842
4 32 1 1 0 0 1.244588
4 40 1 1 0 0 2.613236
4 42 1 1 0 0 2.522875
4 47 1 1 0 0 2.480504
5 10 1 1 0 0 1.631104
5 12 1 1 0 0 0.404969
5 14 1 1 0 0 0.555698
5 15 1 1 0 0 1.277693
5 19 1 1 0 0 1.065082
5 25 1 1 0 0 2.436329
5 27 1 1 0 0 2.769206
5 28 1 1 0 0 1.688076
5 30 1 1 0 0 1.281601
5 33 1 1 0 0 1.196411
5 34 1 1 0 0 1.266491
5 37 1 1 0 0 2.322068
5 52 1 1 0 0 2.952982
6 7 1 1 0 0 2.030616
6 11 1 1 0 0 1.570891
6 13 1 1 0 0 2.040245
6 20 1 1 0 0 1.652755
6 29 1 1 0 0 2.912748
6 38 1 1 0 0 2.267708
6 48 1 1 0 0 2.558613
6 49 1 1 0 0 2.799786
7 11 1 1 0 0 0.554707
7 13 1 1 0 0 0.300666
7 17 1 1 0 0 1.394597
7 20 1 1 0 0 0.736614
7 26 1 1 0 0 1.396281
7 29 1 1 0 0 1.160388
7 36 1 1 0 0 2.201022
7 38 1 1 0 0 1.812209
7 48 1 1 0 0 2.701796
7 49 1 1 0 0 2.599423
7 50 1 1 0 0 2.981879
7 54 1 1 0 0 2.797159
8 9 1 1 0 0 0.058310
8 16 1 1 0 0 1.800555
8 18 1 1 0 0 1.341343
8 21 1 1 0 0 1.051523
8 23 1 1 0 0 1.788435
8 24 1 1 0 0 1.938659
8 31 1 1 0 0 1.464548
8 32 1 1 0 0 1.960230
8 35 1 1 0 0 1.274873
8 43 1 1 0 0 2.093084
8 44 1 1 0 0 2.479698
8 46 1 1 0 0 2.136001
9 16 1 1 0 0 1.820165
9 18 1 1 0 0 1.296534
9 21 1 1 0 0 1.051903
9 23 1 1 0 0 1.742900
9 24 1 1 0 0 1.948794
9 31 1 1 0 0 1.408581
9 32 1 1 0 0 1.961046
9 35 1 1 0 0 1.236487
9 43 1 1 0 0 2.037351
9 44 1 1 0 0 2.421425
9 45 1 1 0 0 2.962988
9 46 1 1 0 0 2.084059
10 12 1 1 0 0 1.770226
10 14 1 1 0 0 1.922004
10 15 1 1 0 0 0.532541
10 19 1 1 0 0 2.533397
10 28 1 1 0 0 0.850706
10 30 1 1 0 0 1.287245
10 33 1 1 0 0 1.608011
10 34 1 1 0 0 1.642955
10 37 1 1 0 0 1.531176
10 51 1 1 0 0 2.520020
10 52 1 1 0 0 2.632451
11 13 1 1 0 0 0.471699
11 17 1 1 0 0 1.819945
11 26 1 1 0 0 1.699441
11 29 1 1 0 0 1.373536
11 36 1 1 0 0 2.442335
11 38 1 1 0 0 1.454166
11 48 1 1 0 0 2.264906
11 49 1 1 0 0 2.233047
11 54 1 1 0 0 2.546566
11 62 1 1 0 0 2.909313
12 14 1 1 0 0 0.172047
12 15 1 1 0 0 1.324575
12 19 1 1 0 0 0.772010
12 25 1 1 0 0 2.185246
12 27 1 1 0 0 2.522400
12 28 1 1 0 0 1.623083
12 30 1 1 0 0 1.085772
12 33 1 1 0 0 0.902109
12 34 1 1 0 0 0.967471
12 37 1 1 0 0 2.164625
12 51 1 1 0 0 2.926055
12 52 1 1 0 0 2.660921
12 53 1 1 0 0 2.847174
12 58 1 1 0 0 2.691357
12 64 1 1 0 0 2.844820
12 65 1 1 0 0 2.960574
13 17 1 1 0 0 1.348369
13 20 1 1 0 0 0.532353
13 26 1 1 0 0 1.252198
13 29 1 1 0 0 0.959010
13 36 1 1 0 0 2.026253
13 38 1 1 0 0 1.524631
13 48 1 1 0 0 2.430165
13 49 1 1 0 0 2.309329
13 50 1 1 0 0 2.735032
13 54 1 1 0 0 2.496498
13 62 1 1 0 0 2.778489
14 15 1 1 0 0 1.460034
14 19 1 1 0 0 0.611882
14 25 1 1 0 0 2.026154
14 27 1 1 0 0 2.363493
14 28 1 1 0 0 1.720465
14 30 1 1 0 0 1.140570
14 33 1 1 0 0 0.906091
14 34 1 1 0 0 0.965401
14 37 1 1 0 0 2.218829
14 51 1 1 0 0 2.936154
14 52 1 1 0 0 2.639564
14 53 1 1 0 0 2.689238
14 58 1 1 0 0 2.571264
14 64 1 1 0 0 2.734118
14 65 1 1 0 0 2.876560
15 19 1 1 0 0 2.062935
15 28 1 1 0 0 0.540833
15 30 1 1 0 0 0.766942
15 33 1 1 0 0 1.076151
15 34 1 1 0 0 1.112879
15 37 1 1 0 0 1.287362
15 51 1 1 0 0 2.265149
15 52 1 1 0 0 2.273719
16 21 1 1 0 0 0.888426
16 24 1 1 0 0 0.342345
16 25 1 1 0 0 2.877933
16 27 1 1 0 0 2.563455
16 32 1 1 0 0 0.635059
16 39 1 1 0 0 2.568599
16 40 1 1 0 0 1.986983
16 42 1 1 0 0 1.872165
16 47 1 1 0 0 1.892829
17 20 1 1 0 0 1.812760
17 26 1 1 0 0 0.465296
17 29 1 1 0 0 0.756042
17 36 1 1 0 0 1.082405
17 38 1 1 0 0 2.296519
17 49 1 1 0 0 2.935524
17 50 1 1 0 0 2.154553
17 54 1 1 0 0 2.790340
17 59 1 1 0 0 2.485156
17 62 1 1 0 0 2.802231
17 63 1 1 0 0 2.656106
18 21 1 1 0 0 2.152324
18 22 1 1 0 0 1.856906
18 23 1 1 0 0 0.447772
18 31 1 1 0 0 0.572451
18 35 1 1 0 0 1.798472
18 41 1 1 0 0 2.210000
18 43 1 1 0 0 1.739943
18 44 1 1 0 0 1.622498
18 45 1 1 0 0 1.883534
18 46 1 1 0 0 1.999725
18 55 1 1 0 0 2.763422
18 56 1 1 0 0 2.675986
18 61 1 1 0 0 2.610306
18 67 1 1 0 0 2.805780
18 69 1 1 0 0 2.863931
19 25 1 1 0 0 1.414390
19 27 1 1 0 0 1.751713
19 28 1 1 0 0 2.275434
19 30 1 1 0 0 1.641737
19 33 1 1 0 0 1.329135
19 34 1 1 0 0 1.368503
19 37 1 1 0 0 2.684772
19 52 1 1 0 0 2.896636
19 53 1 1 0 0 2.327574
19 58 1 1 0 0 2.444954
19 60 1 1 0 0 2.795890
19 64 1 1 0 0 2.648509
19 65 1 1 0 0 2.903963
20 26 1 1 0 0 1.619938
20 29 1 1 0 0 1.262418
20 36 1 1 0 0 2.309913
20 38 1 1 0 0 1.165204
20 48 1 1 0 0 1.994618
20 49 1 1 0 0 1.946484
20 50 1 1 0 0 2.829311
20 54 1 1 0 0 2.258694
20 62 1 1 0 0 2.631387
21 23 1 1 0 0 2.561250
21 24 1 1 0 0 0.923959
21 32 1 1 0 0 0.909175
21 40 1 1 0 0 2.581821
21 42 1 1 0 0 2.358665
21 47 1 1 0 0 1.820027
21 66 1 1 0 0 2.675407
22 23 1 1 0 0 1.440139
22 31 1 1 0 0 2.075090
22 41 1 1 0 0 1.247878
22 43 1 1 0 0 2.957719
22 44 1 1 0 0 2.286744
22 45 1 1 0 0 1.780899
22 55 1 1 0 0 2.212871
22 56 1 1 0 0 2.262963
23 31 1 1 0 0 0.699714
23 35 1 1 0 0 2.120849
23 41 1 1 0 0 1.782807
23 43 1 1 0 0 1.810442
23 44 1 1 0 0 1.475127
23 45 1 1 0 0 1.555892
23 46 1 1 0 0 2.121367
23 55 1 1 0 0 2.406076
23 56 1 1 0 0 2.337905
23 61 1 1 0 0 2.551627
23 67 1 1 0 0 2.630076
23 69 1 1 0 0 2.692582
24 25 1 1 0 0 2.810640
24 27 1 1 0 0 2.483405
24 32 1 1 0 0 0.313847
24 39 1 1 0 0 2.365777
24 40 1 1 0 0 1.730462
24 42 1 1 0 0 1.576135
24 47 1 1 0 0 1.561794
24 57 1 1 0 0 2.928276
24 66 1 1 0 0 2.732490
24 68 1 1 0 0 2.660620
25 27 1 1 0 0 0.337343
25 30 1 1 0 0 2.954894
25 32 1 1 0 0 2.939013
25 33 1 1 0 0 2.601096
25 34 1 1 0 0 2.618416
25 39 1 1 0 0 1.206731
25 40 1 1 0 0 1.767088
25 42 1 1 0 0 2.136001
25 53 1 1 0 0 1.989095
25 57 1 1 0 0 2.206286
25 58 1 1 0 0 2.686429
25 60 1 1 0 0 2.161134
25 64 1 1 0 0 2.939201
26 29 1 1 0 0 0.383275
26 36 1 1 0 0 0.816884
26 38 1 1 0 0 1.900658
26 48 1 1 0 0 2.812561
26 49 1 1 0 0 2.498039
26 50 1 1 0 0 1.776851
26 54 1 1 0 0 2.326994
26 59 1 1 0 0 2.104590
26 62 1 1 0 0 2.340940
26 63 1 1 0 0 2.275434
27 32 1 1 0 0 2.604918
27 33 1 1 0 0 2.924944
27 34 1 1 0 0 2.939813
27 39 1 1 0 0 0.987927
27 40 1 1 0 0 1.462190
27 42 1 1 0 0 1.824089
27 57 1 1 0 0 2.042474
28 30 1 1 0 0 0.674759
28 33 1 1 0 0 1.040865
28 34 1 1 0 0 1.043456
28 37 1 1 0 0 0.747262
28 51 1 1 0 0 1.731185
28 52 1 1 0 0 1.787093
28 58 1 1 0 0 2.828745
28 64 1 1 0 0 2.843976
28 65 1 1 0 0 2.644126
29 36 1 1 0 0 1.070701
29 38 1 1 0 0 1.543503
29 48 1 1 0 0 2.472003
29 49 1 1 0 0 2.185063
29 50 1 1 0 0 1.844912
29 54 1 1 0 0 2.093036
29 59 1 1 0 0 2.158240
29 62 1 1 0 0 2.190639
29 63 1 1 0 0 2.324758
30 33 1 1 0 0 0.366742
30 34 1 1 0 0 0.376962
30 37 1 1 0 0 1.080046
30 51 1 1 0 0 1.881622
30 52 1 1 0 0 1.718139
30 53 1 1 0 0 2.896084
30 58 1 1 0 0 2.343608
30 64 1 1 0 0 2.406512
30 65 1 1 0 0 2.323553
31 35 1 1 0 0 1.456709
31 41 1 1 0 0 2.085569
31 43 1 1 0 0 1.172391
31 44 1 1 0 0 1.115706
31 45 1 1 0 0 1.555892
31 46 1 1 0 0 1.450862
31 55 1 1 0 0 2.448591
31 56 1 1 0 0 2.331738
31 61 1 1 0 0 2.045189
31 67 1 1 0 0 2.290087
31 69 1 1 0 0 2.344781
32 39 1 1 0 0 2.365418
32 40 1 1 0 0 1.672961
32 42 1 1 0 0 1.457155
32 47 1 1 0 0 1.257816
32 57 1 1 0 0 2.815759
32 66 1 1 0 0 2.418677
32 68 1 1 0 0 2.415988
33 34 1 1 0 0 0.070711
33 37 1 1 0 0 1.355655
33 51 1 1 0 0 2.030665
33 52 1 1 0 0 1.763661
33 53 1 1 0 0 2.569708
33 58 1 1 0 0 2.101904
33 64 1 1 0 0 2.195723
33 65 1 1 0 0 2.191073
34 37 1 1 0 0 1.318484
34 51 1 1 0 0 1.970837
34 52 1 1 0 0 1.695789
34 53 1 1 0 0 2.533140
34 58 1 1 0 0 2.044162
34 64 1 1 0 0 2.133776
34 65 1 1 0 0 2.122499
35 43 1 1 0 0 1.196035
35 44 1 1 0 0 1.923018
35 45 1 1 0 0 2.675892
35 46 1 1 0 0 1.053091
35 61 1 1 0 0 2.120000
35 67 1 1 0 0 2.727215
35 69 1 1 0 0 2.752889
36 38 1 1 0 0 2.230874
36 49 1 1 0 0 2.620172
36 50 1 1 0 0 1.121472
36 54 1 1 0 0 2.236605
36 59 1 1 0 0 1.446790
36 62 1 1 0 0 2.051170
36 63 1 1 0 0 1.614466
36 70 1 1 0 0 2.663175
37 51 1 1 0 0 0.992472
37 52 1 1 0 0 1.158318
37 58 1 1 0 0 2.534758
37 64 1 1 0 0 2.486001
37 65 1 1 0 0 2.166703
38 48 1 1 0 0 0.947629
38 49 1 1 0 0 0.788480
38 50 1 1 0 0 2.244037
38 54 1 1 0 0 1.151694
38 59 1 1 0 0 2.411390
38 62 1 1 0 0 1.622498
38 63 1 1 0 0 2.518353
38 75 1 1 0 0 2.486966
38 81 1 1 0 0 2.735343
39 40 1 1 0 0 0.760263
39 42 1 1 0 0 1.121472
39 47 1 1 0 0 2.429918
39 57 1 1 0 0 1.074663
39 68 1 1 0 0 2.121745
40 42 1 1 0 0 0.376962
40 47 1 1 0 0 1.686802
40 57 1 1 0 0 1.240202
40 66 1 1 0 0 2.833231
40 68 1 1 0 0 1.668592
41 43 1 1 0 0 2.465867
41 44 1 1 0 0 1.634870
41 45 1 1 0 0 0.860233
41 46 1 1 0 0 2.822942
41 55 1 1 0 0 0.970155
41 56 1 1 0 0 1.042785
41 59 1 1 0 0 1.350926
41 61 1 1 0 0 2.504795
41 63 1 1 0 0 1.475568
41 67 1 1 0 0 2.073861
41 69 1 1 0 0 2.136633
42 47 1 1 0 0 1.312174
42 57 1 1 0 0 1.359485
42 66 1 1 0 0 2.461321
42 68 1 1 0 0 1.416510
42 89 1 1 0 0 2.894996
43 44 1 1 0 0 0.841487
43 45 1 1 0 0 1.642468
43 46 1 1 0 0 0.364005
43 55 1 1 0 0 2.349745
43 56 1 1 0 0 2.174695
43 61 1 1 0 0 1.018676
43 67 1 1 0 0 1.542012
43 69 1 1 0 0 1.572927
43 72 1 1 0 0 1.873846
44 45 1 1 0 0 0.800999
44 46 1 1 0 0 1.191050
44 50 1 1 0 0 2.539705
44 55 1 1 0 0 1.556535
44 56 1 1 0 0 1.396066
44 59 1 1 0 0 2.605724
44 61 1 1 0 0 1.115168
44 67 1 1 0 0 1.183427
44 69 1 1 0 0 1.241451
44 72 1 1 0 0 2.292597
45 46 1 1 0 0 1.990025
45 50 1 1 0 0 1.751485
45 55 1 1 0 0 0.893756
45 56 1 1 0 0 0.792591
45 59 1 1 0 0 1.847431
45 61 1 1 0 0 1.664332
45 62 1 1 0 0 2.994812
45 63 1 1 0 0 1.908953
45 67 1 1 0 0 1.343019
45 69 1 1 0 0 1.409823
45 72 1 1 0 0 2.873882
46 55 1 1 0 0 2.655899
46 56 1 1 0 0 2.475237
46 61 1 1 0 0 1.067801
46 67 1 1 0 0 1.707425
46 69 1 1 0 0 1.725862
47 57 1 1 0 0 2.352616
47 66 1 1 0 0 1.270157
47 68 1 1 0 0 1.381919
47 82 1 1 0 0 2.747108
48 49 1 1 0 0 0.457056
48 50 1 1 0 0 2.728095
48 54 1 1 0 0 1.132961
48 59 1 1 0 0 2.792705
48 62 1 1 0 0 1.697793
48 63 1 1 0 0 2.849860
49 50 1 1 0 0 2.273719
49 54 1 1 0 0 0.688840
49 59 1 1 0 0 2.335744
49 62 1 1 0 0 1.257060
49 63 1 1 0 0 2.394368
50 54 1 1 0 0 1.670838
50 55 1 1 0 0 1.131592
50 56 1 1 0 0 1.320189
50 59 1 1 0 0 0.330606
50 62 1 1 0 0 1.247878
50 63 1 1 0 0 0.501597
50 67 1 1 0 0 2.494474
50 69 1 1 0 0 2.540177
50 70 1 1 0 0 1.804217
50 76 1 1 0 0 2.756102
51 52 1 1 0 0 0.582151
51 58 1 1 0 0 2.262742
51 64 1 1 0 0 2.119811
51 65 1 1 0 0 1.641585
52 53 1 1 0 0 2.690297
52 58 1 1 0 0 1.681814
52 64 1 1 0 0 1.546900
52 65 1 1 0 0 1.099318
53 58 1 1 0 0 1.055367
53 60 1 1 0 0 0.612699
53 64 1 1 0 0 1.277576
53 65 1 1 0 0 1.828497
53 96 1 1 0 0 2.520972
54 55 1 1 0 0 2.770162
54 56 1 1 0 0 2.960270
54 59 1 1 0 0 1.685823
54 62 1 1 0 0 0.568243
54 63 1 1 0 0 1.728034
54 75 1 1 0 0 1.337535
54 81 1 1 0 0 1.587608
54 87 1 1 0 0 2.792060
55 56 1 1 0 0 0.190263
55 59 1 1 0 0 1.095536
55 61 1 1 0 0 1.992185
55 62 1 1 0 0 2.282652
55 67 1 1 0 0 1.369562
55 69 1 1 0 0 1.418732
56 59 1 1 0 0 1.283900
56 61 1 1 0 0 1.802276
56 67 1 1 0 0 1.188486
56 69 1 1 0 0 1.239758
57 68 1 1 0 0 1.445164
57 74 1 1 0 0 2.290262
58 60 1 1 0 0 1.580506
58 64 1 1 0 0 0.254558
58 65 1 1 0 0 0.780000
58 73 1 1 0 0 2.211425
59 62 1 1 0 0 1.187139
59 63 1 1 0 0 0.171172
59 70 1 1 0 0 1.675022
59 76 1 1 0 0 2.617059
60 64 1 1 0 0 1.765559
60 65 1 1 0 0 2.314649
60 79 1 1 0 0 2.055164
60 90 1 1 0 0 2.739142
61 67 1 1 0 0 0.730548
61 69 1 1 0 0 0.724983
61 72 1 1 0 0 1.212106
62 63 1 1 0 0 1.200666
62 70 1 1 0 0 0.612209
62 75 1 1 0 0 0.942603
62 81 1 1 0 0 1.169017
62 86 1 1 0 0 1.918176
62 98 1 1 0 0 2.718032
62 103 1 1 0 0 2.488715
62 109 1 1 0 0 2.990401
63 70 1 1 0 0 1.640122
64 65 1 1 0 0 0.553173
66 68 1 1 0 0 1.731416
67 69 1 1 0 0 0.067082
68 73 1 1 0 0 1.858521
68 74 1 1 0 0 0.872009
68 82 1 1 0 0 1.368247
68 84 1 1 0 0 1.582214
68 88 1 1 0 0 2.278464
68 89 1 1 0 0 1.481249
68 91 1 1 0 0 1.731849
68 93 1 1 0 0 2.756320
68 102 1 1 0 0 2.998666
68 104 1 1 0 0 2.224095
68 108 1 1 0 0 2.570000
68 112 1 1 0 0 2.822357
70 75 1 1 0 0 0.643506
70 76 1 1 0 0 0.951893
70 80 1 1 0 0 1.967028
70 81 1 1 0 0 0.892749
70 83 1 1 0 0 2.204926
70 85 1 1 0 0 2.188356
70 86 1 1 0 0 1.306675
70 87 1 1 0 0 2.260199
70 98 1 1 0 0 2.108388
70 103 1 1 0 0 1.963084
70 109 1 1 0 0 2.683375
70 113 1 1 0 0 2.655202
71 72 1 1 0 0 2.603767
71 78 1 1 0 0 0.457056
71 87 1 1 0 0 1.414284
71 92 1 1 0 0 1.770198
71 95 1 1 0 0 1.757555
71 97 1 1 0 0 1.702058
71 99 1 1 0 0 2.949254
71 101 1 1 0 0 1.840897
71 110 1 1 0 0 2.426850
72 78 1 1 0 0 2.697870
72 94 1 1 0 0 1.410319
72 99 1 1 0 0 1.571528
72 102 1 1 0 0 1.707513
72 121 1 1 0 0 2.850123
73 74 1 1 0 0 2.490080
73 79 1 1 0 0 2.168156
73 82 1 1 0 0 1.162841
73 84 1 1 0 0 2.860087
73 88 1 1 0 0 0.832166
73 89 1 1 0 0 2.254595
73 90 1 1 0 0 2.567041
73 91 1 1 0 0 2.106419
73 93 1 1 0 0 1.349370
73 104 1 1 0 0 2.661898
73 105 1 1 0 0 1.895257
73 108 1 1 0 0 2.522578
73 112 1 1 0 0 2.558828
73 120 1 1 0 0 2.760163
74 82 1 1 0 0 1.611862
74 84 1 1 0 0 0.778332
74 88 1 1 0 0 2.675556
74 89 1 1 0 0 1.042161
74 91 1 1 0 0 1.439618
74 102 1 1 0 0 2.143362
74 104 1 1 0 0 1.748885
74 108 1 1 0 0 2.271849
74 112 1 1 0 0 2.584898
74 118 1 1 0 0 2.686280
74 119 1 1 0 0 2.718272
75 76 1 1 0 0 1.260635
75 80 1 1 0 0 2.317002
75 81 1 1 0 0 0.252389
75 83 1 1 0 0 2.471963
75 85 1 1 0 0 2.442335
75 86 1 1 0 0 1.346143
75 87 1 1 0 0 1.654630
75 97 1 1 0 0 2.411514
75 98 1 1 0 0 2.058835
75 101 1 1 0 0 2.763422
75 103 1 1 0 0 1.601125
75 109 1 1 0 0 2.077932
75 113 1 1 0 0 2.110024
76 80 1 1 0 0 1.059292
76 81 1 1 0 0 1.410284
76 83 1 1 0 0 1.258014
76 85 1 1 0 0 1.238790
76 86 1 1 0 0 0.573149
76 87 1 1 0 0 2.851701
76 98 1 1 0 0 1.319394
76 103 1 1 0 0 1.619136
76 109 1 1 0 0 2.773626
76 113 1 1 0 0 2.570019
76 117 1 1 0 0 2.643199
77 79 1 1 0 0 0.941913
77 90 1 1 0 0 1.234342
77 96 1 1 0 0 2.343032
77 100 1 1 0 0 1.326725
77 106 1 1 0 0 1.939407
77 107 1 1 0 0 2.517936
77 111 1 1 0 0 2.032142
77 114 1 1 0 0 2.126805
77 115 1 1 0 0 2.579477
77 116 1 1 0 0 2.393700
78 87 1 1 0 0 1.075407
78 92 1 1 0 0 1.357240
78 94 1 1 0 0 2.869233
78 95 1 1 0 0 1.326084
78 97 1 1 0 0 1.249200
78 99 1 1 0 0 2.786144
78 101 1 1 0 0 1.385208
78 110 1 1 0 0 1.999025
78 122 1 1 0 0 2.662273
79 90 1 1 0 0 0.891067
79 96 1 1 0 0 1.555699
79 100 1 1 0 0 1.698529
79 106 1 1 0 0 2.425387
79 107 1 1 0 0 1.933287
79 111 1 1 0 0 2.024846
79 114 1 1 0 0 2.340021
79 115 1 1 0 0 2.151953
79 116 1 1 0 0 2.825774
79 124 1 1 0 0 2.753071
79 125 1 1 0 0 2.970152
80 81 1 1 0 0 2.450184
80 83 1 1 0 0 0.383275
80 85 1 1 0 0 0.414367
80 86 1 1 0 0 1.190378
80 98 1 1 0 0 1.353699
80 103 1 1 0 0 2.192008
80 117 1 1 0 0 2.290022
81 83 1 1 0 0 2.572567
81 85 1 1 0 0 2.538602
81 86 1 1 0 0 1.398428
81 87 1 1 0 0 1.452067
81 97 1 1 0 0 2.184422
81 98 1 1 0 0 2.047071
81 101 1 1 0 0 2.535271
81 103 1 1 0 0 1.467685
81 109 1 1 0 0 1.831748
81 113 1 1 0 0 1.885975
82 84 1 1 0 0 1.775528
82 88 1 1 0 0 1.072800
82 89 1 1 0 0 1.106797
82 91 1 1 0 0 0.950158
82 93 1 1 0 0 1.454991
82 104 1 1 0 0 1.520691
82 105 1 1 0 0 1.767993
82 108 1 1 0 0 1.517893
82 112 1 1 0 0 1.663310
82 118 1 1 0 0 2.829700
82 119 1 1 0 0 2.892490
82 120 1 1 0 0 2.354591
82 128 1 1 0 0 2.865554
83 85 1 1 0 0 0.056569
83 86 1 1 0 0 1.211487
83 98 1 1 0 0 1.132166
83 103 1 1 0 0 2.079663
83 117 1 1 0 0 1.923148
83 129 1 1 0 0 2.782894
83 130 1 1 0 0 2.771462
84 88 1 1 0 0 2.821135
84 89 1 1 0 0 0.750000
84 91 1 1 0 0 1.154513
84 102 1 1 0 0 1.435340
84 104 1 1 0 0 1.200000
84 108 1 1 0 0 1.831420
84 112 1 1 0 0 2.171106
84 118 1 1 0 0 1.927511
84 119 1 1 0 0 1.954789
84 128 1 1 0 0 2.996415
85 86 1 1 0 0 1.170171
85 98 1 1 0 0 1.075639
85 103 1 1 0 0 2.025883
85 117 1 1 0 0 1.881303
85 129 1 1 0 0 2.736074
85 130 1 1 0 0 2.733093
86 87 1 1 0 0 2.730073
86 98 1 1 0 0 0.805295
86 103 1 1 0 0 1.096221
86 109 1 1 0 0 2.371350
86 113 1 1 0 0 2.100119
86 117 1 1 0 0 2.160926
86 129 1 1 0 0 2.752780
87 92 1 1 0 0 0.514782
87 95 1 1 0 0 0.620322
87 97 1 1 0 0 0.824621
87 101 1 1 0 0 1.166919
87 103 1 1 0 0 2.263846
87 109 1 1 0 0 1.505855
87 110 1 1 0 0 1.965960
87 113 1 1 0 0 1.915516
87 122 1 1 0 0 2.273060
87 127 1 1 0 0 2.573092
88 89 1 1 0 0 2.104020
88 91 1 1 0 0 1.814635
88 93 1 1 0 0 0.537122
88 104 1 1 0 0 2.276928
88 105 1 1 0 0 1.065317
88 108 1 1 0 0 1.956860
88 112 1 1 0 0 1.905912
88 120 1 1 0 0 1.932097
89 91 1 1 0 0 0.426380
89 93 1 1 0 0 2.347765
89 102 1 1 0 0 1.959311
89 105 1 1 0 0 2.458617
89 108 1 1 0 0 1.230041
89 112 1 1 0 0 1.547773
89 118 1 1 0 0 1.927745
89 119 1 1 0 0 1.978510
89 120 1 1 0 0 2.698166
89 128 1 1 0 0 2.551549
90 96 1 1 0 0 1.251319
90 100 1 1 0 0 1.075639
90 106 1 1 0 0 1.780590
90 107 1 1 0 0 1.287633
90 111 1 1 0 0 1.147693
90 114 1 1 0 0 1.527514
90 115 1 1 0 0 1.364001
90 116 1 1 0 0 2.110213
90 123 1 1 0 0 2.453487
90 124 1 1 0 0 1.889391
90 125 1 1 0 0 2.096902
91 93 1 1 0 0 1.992034
91 99 1 1 0 0 2.526697
91 102 1 1 0 0 2.202385
91 104 1 1 0 0 0.582495
91 105 1 1 0 0 2.055480
91 108 1 1 0 0 0.854400
91 112 1 1 0 0 1.149348
91 118 1 1 0 0 1.887326
91 119 1 1 0 0 1.948256
91 120 1 1 0 0 2.272290
91 128 1 1 0 0 2.226432
92 95 1 1 0 0 0.165529
92 97 1 1 0 0 0.468402
92 101 1 1 0 0 0.810247
92 110 1 1 0 0 1.581139
92 122 1 1 0 0 1.776119
92 127 1 1 0 0 2.059757
93 104 1 1 0 0 2.352552
93 105 1 1 0 0 0.561427
93 108 1 1 0 0 1.896154
93 112 1 1 0 0 1.753283
93 120 1 1 0 0 1.472990
93 128 1 1 0 0 2.729982
94 99 1 1 0 0 0.219317
94 101 1 1 0 0 2.784116
94 102 1 1 0 0 0.346699
94 104 1 1 0 0 2.048414
94 108 1 1 0 0 2.677779
94 110 1 1 0 0 2.367826
94 112 1 1 0 0 2.995280
94 118 1 1 0 0 1.722469
94 119 1 1 0 0 1.692926
94 121 1 1 0 0 1.445337
94 126 1 1 0 0 2.146625
95 97 1 1 0 0 0.305941
95 101 1 1 0 0 0.644748
95 110 1 1 0 0 1.418238
95 122 1 1 0 0 1.652755
95 127 1 1 0 0 1.963059
96 100 1 1 0 0 2.244371
96 106 1 1 0 0 2.865676
96 107 1 1 0 0 0.711758
96 111 1 1 0 0 1.864886
96 114 1 1 0 0 2.396351
96 115 1 1 0 0 1.168118
96 123 1 1 0 0 1.671466
96 124 1 1 0 0 1.900316
96 125 1 1 0 0 2.140841
97 99 1 1 0 0 2.900845
97 101 1 1 0 0 0.352278
97 110 1 1 0 0 1.146909
97 122 1 1 0 0 1.510099
97 126 1 1 0 0 2.792060
98 103 1 1 0 0 1.035761
98 109 1 1 0 0 2.427880
98 113 1 1 0 0 2.022325
98 117 1 1 0 0 1.356798
98 129 1 1 0 0 1.981338
98 130 1 1 0 0 2.201454
99 101 1 1 0 0 2.613236
99 102 1 1 0 0 0.376962
99 104 1 1 0 0 2.188264
99 108 1 1 0 0 2.800607
99 110 1 1 0 0 2.166218
99 121 1 1 0 0 1.280976
99 122 1 1 0 0 2.957719
99 126 1 1 0 0 1.942395
100 106 1 1 0 0 0.731095
100 107 1 1 0 0 2.015589
100 111 1 1 0 0 0.894986
100 114 1 1 0 0 0.810987
100 115 1 1 0 0 1.829453
100 116 1 1 0 0 1.132254
100 124 1 1 0 0 1.971903
100 125 1 1 0 0 2.085857
101 102 1 1 0 0 2.960017
101 110 1 1 0 0 0.799062
101 121 1 1 0 0 2.806439
101 122 1 1 0 0 1.280039
101 126 1 1 0 0 2.442478
101 127 1 1 0 0 1.704846
102 104 1 1 0 0 1.830683
102 108 1 1 0 0 2.431481
102 110 1 1 0 0 2.464467
102 112 1 1 0 0 2.736585
102 118 1 1 0 0 1.379746
102 119 1 1 0 0 1.348258
102 121 1 1 0 0 1.208139
102 126 1 1 0 0 1.994843
103 109 1 1 0 0 1.397784
103 113 1 1 0 0 1.034698
103 117 1 1 0 0 1.992109
103 129 1 1 0 0 2.210090
103 130 1 1 0 0 2.660075
104 105 1 1 0 0 2.286329
104 108 1 1 0 0 0.663702
104 112 1 1 0 0 1.004042
104 118 1 1 0 0 1.309084
104 119 1 1 0 0 1.371860
104 120 1 1 0 0 2.267730
104 128 1 1 0 0 1.831093
104 150 1 1 0 0 2.946795
105 108 1 1 0 0 1.718430
105 112 1 1 0 0 1.489295
105 120 1 1 0 0 0.920489
105 128 1 1 0 0 2.292597
106 107 1 1 0 0 2.510319
106 111 1 1 0 0 1.151217
106 114 1 1 0 0 0.689638
106 115 1 1 0 0 2.212871
106 116 1 1 0 0 0.460977
106 124 1 1 0 0 2.108673
106 125 1 1 0 0 2.142452
107 111 1 1 0 0 1.391690
107 114 1 1 0 0 1.933417
107 115 1 1 0 0 0.473814
107 116 1 1 0 0 2.642007
107 123 1 1 0 0 1.181524
107 124 1 1 0 0 1.195408
107 125 1 1 0 0 1.434225
107 143 1 1 0 0 2.444443
108 112 1 1 0 0 0.342053
108 118 1 1 0 0 1.586190
108 119 1 1 0 0 1.658463
108 120 1 1 0 0 1.605522
108 128 1 1 0 0 1.390324
108 135 1 1 0 0 2.268942
109 113 1 1 0 0 0.505964
109 129 1 1 0 0 2.965148
109 152 1 1 0 0 2.582344
110 121 1 1 0 0 2.082402
110 122 1 1 0 0 0.898109
110 126 1 1 0 0 1.645418
110 127 1 1 0 0 1.398070
110 137 1 1 0 0 2.742207
110 138 1 1 0 0 2.841162
111 114 1 1 0 0 0.543415
111 115 1 1 0 0 1.062121
111 116 1 1 0 0 1.251319
111 123 1 1 0 0 2.191255
111 124 1 1 0 0 1.077126
111 125 1 1 0 0 1.197080
111 151 1 1 0 0 2.982030
112 118 1 1 0 0 1.777920
112 119 1 1 0 0 1.850649
112 120 1 1 0 0 1.272360
112 128 1 1 0 0 1.204159
112 135 1 1 0 0 2.252221
113 117 1 1 0 0 2.617728
113 129 1 1 0 0 2.466110
113 147 1 1 0 0 2.744340
114 115 1 1 0 0 1.580506
114 116 1 1 0 0 0.708590
114 123 1 1 0 0 2.658439
114 124 1 1 0 0 1.419049
114 125 1 1 0 0 1.458664
115 116 1 1 0 0 2.281074
115 123 1 1 0 0 1.178855
115 124 1 1 0 0 0.733553
115 125 1 1 0 0 0.974936
115 143 1 1 0 0 2.028300
115 160 1 1 0 0 2.780450
116 124 1 1 0 0 2.024846
116 125 1 1 0 0 2.006390
117 129 1 1 0 0 0.917061
117 130 1 1 0 0 0.873212
118 119 1 1 0 0 0.072801
118 120 1 1 0 0 2.901396
118 128 1 1 0 0 1.677200
119 120 1 1 0 0 2.970825
119 128 1 1 0 0 1.730925
120 128 1 1 0 0 1.565407
121 122 1 1 0 0 2.553312
121 126 1 1 0 0 0.895879
121 127 1 1 0 0 2.898862
121 157 1 1 0 0 2.370654
121 161 1 1 0 0 2.800661
121 168 1 1 0 0 2.887300
122 126 1 1 0 0 1.835647
122 127 1 1 0 0 0.500000
123 124 1 1 0 0 1.330038
123 125 1 1 0 0 1.448378
124 125 1 1 0 0 0.241661
124 151 1 1 0 0 1.915646
124 160 1 1 0 0 2.165410
125 151 1 1 0 0 1.790112
126 127 1 1 0 0 2.100381
126 137 1 1 0 0 1.097133
126 138 1 1 0 0 1.196328
129 130 1 1 0 0 0.631269
131 133 1 1 0 0 1.883826
131 140 1 1 0 0 1.209049
131 143 1 1 0 0 0.730068
131 151 1 1 0 0 1.766465
131 155 1 1 0 0 1.822004
131 159 1 1 0 0 2.713890
131 160 1 1 0 0 1.666883
131 170 1 1 0 0 1.942498
131 174 1 1 0 0 2.091220
131 178 1 1 0 0 2.693641
131 179 1 1 0 0 2.352871
131 180 1 1 0 0 2.909519
131 185 1 1 0 0 2.436144
132 135 1 1 0 0 2.688215
132 144 1 1 0 0 0.698355
132 150 1 1 0 0 2.076463
132 156 1 1 0 0 1.258968
132 159 1 1 0 0 1.327403
132 162 1 1 0 0 1.412834
132 167 1 1 0 0 2.270198
132 169 1 1 0 0 1.886637
132 173 1 1 0 0 2.415988
132 176 1 1 0 0 2.151279
132 186 1 1 0 0 2.490080
132 189 1 1 0 0 2.868815
132 191 1 1 0 0 2.829311
133 143 1 1 0 0 1.524270
133 151 1 1 0 0 0.859069
133 160 1 1 0 0 1.592011
133 170 1 1 0 0 2.455952
133 174 1 1 0 0 2.464549
133 178 1 1 0 0 2.117475
133 179 1 1 0 0 2.416609
133 180 1 1 0 0 2.150837
133 185 1 1 0 0 2.801785
133 186 1 1 0 0 2.464163
133 197 1 1 0 0 2.923183
134 141 1 1 0 0 0.700071
134 142 1 1 0 0 0.791202
134 146 1 1 0 0 0.590339
134 148 1 1 0 0 0.622896
134 149 1 1 0 0 0.730616
134 152 1 1 0 0 2.728681
134 153 1 1 0 0 2.422313
134 164 1 1 0 0 2.179197
134 166 1 1 0 0 1.924396
134 171 1 1 0 0 2.301239
134 177 1 1 0 0 1.940103
134 184 1 1 0 0 2.206558
134 187 1 1 0 0 2.421673
134 193 1 1 0 0 2.987390
134 199 1 1 0 0 2.950051
135 144 1 1 0 0 2.373942
135 150 1 1 0 0 1.023035
135 154 1 1 0 0 1.000050
135 156 1 1 0 0 2.230897
135 158 1 1 0 0 1.320038
135 162 1 1 0 0 2.759746
135 167 1 1 0 0 1.942807
135 169 1 1 0 0 2.832967
135 173 1 1 0 0 2.278004
135 183 1 1 0 0 2.169239
135 188 1 1 0 0 2.998483
135 192 1 1 0 0 2.890121
135 198 1 1 0 0 2.861416
136 137 1 1 0 0 2.450020
136 138 1 1 0 0 2.580019
136 139 1 1 0 0 0.927793
136 145 1 1 0 0 1.156936
136 147 1 1 0 0 0.964002
136 157 1 1 0 0 1.650242
136 161 1 1 0 0 1.494590
136 163 1 1 0 0 2.574976
136 168 1 1 0 0 2.093466
136 172 1 1 0 0 2.684045
136 175 1 1 0 0 2.084035
136 190 1 1 0 0 2.988143
136 200 1 1 0 0 2.961520
137 138 1 1 0 0 0.130000
137 139 1 1 0 0 1.533949
137 145 1 1 0 0 1.445441
137 157 1 1 0 0 1.412268
137 161 1 1 0 0 1.912067
137 163 1 1 0 0 1.277380
137 168 1 1 0 0 1.802776
137 172 1 1 0 0 1.836001
137 175 1 1 0 0 2.388012
137 181 1 1 0 0 2.058786
137 188 1 1 0 0 2.442949
137 190 1 1 0 0 2.662705
137 195 1 1 0 0 2.811565
137 196 1 1 0 0 2.846050
137 205 1 1 0 0 2.973785
138 139 1 1 0 0 1.663641
138 145 1 1 0 0 1.570032
138 157 1 1 0 0 1.514001
138 161 1 1 0 0 2.016953
138 163 1 1 0 0 1.305067
138 168 1 1 0 0 1.878004
138 172 1 1 0 0 1.872111
138 175 1 1 0 0 2.472266
138 181 1 1 0 0 2.074825
138 188 1 1 0 0 2.452774
138 190 1 1 0 0 2.707490
138 195 1 1 0 0 2.853559
138 196 1 1 0 0 2.889792
138 205 1 1 0 0 2.970067
139 145 1 1 0 0 0.353412
139 147 1 1 0 0 1.751485
139 157 1 1 0 0 0.917878
139 161 1 1 0 0 1.050048
139 163 1 1 0 0 1.750686
139 168 1 1 0 0 1.487616
139 172 1 1 0 0 1.988794
139 175 1 1 0 0 1.740115
139 181 1 1 0 0 2.357796
139 188 1 1 0 0 2.723417
139 190 1 1 0 0 2.501400
139 195 1 1 0 0 2.658439
139 196 1 1 0 0 2.665521
139 201 1 1 0 0 2.847876
139 202 1 1 0 0 2.903274
139 206 1 1 0 0 2.999550
139 207 1 1 0 0 2.975450
140 143 1 1 0 0 1.568184
140 151 1 1 0 0 2.691357
140 155 1 1 0 0 0.737902
140 160 1 1 0 0 2.263647
140 170 1 1 0 0 2.018044
140 174 1 1 0 0 2.208393
140 179 1 1 0 0 2.588165
140 185 1 1 0 0 2.438893
141 142 1 1 0 0 1.390144
141 146 1 1 0 0 0.711196
141 148 1 1 0 0 0.691158
141 149 1 1 0 0 1.085035
141 153 1 1 0 0 2.992073
141 164 1 1 0 0 2.584956
141 166 1 1 0 0 2.241160
141 171 1 1 0 0 2.626519
141 177 1 1 0 0 1.808674
141 184 1 1 0 0 1.926292
141 187 1 1 0 0 2.070024
141 199 1 1 0 0 2.669925
142 146 1 1 0 0 0.820792
142 148 1 1 0 0 0.869253
142 149 1 1 0 0 0.509313
142 152 1 1 0 0 1.943734
142 153 1 1 0 0 1.632176
142 164 1 1 0 0 1.455782
142 165 1 1 0 0 2.422437
142 166 1 1 0 0 1.296187
142 171 1 1 0 0 1.638566
142 177 1 1 0 0 1.809420
142 182 1 1 0 0 2.504596
142 184 1 1 0 0 2.207193
142 187 1 1 0 0 2.482438
142 193 1 1 0 0 2.464163
142 199 1 1 0 0 2.883609
143 151 1 1 0 0 1.133225
143 155 1 1 0 0 1.955019
143 159 1 1 0 0 2.070604
143 160 1 1 0 0 0.938136
143 169 1 1 0 0 2.755358
143 170 1 1 0 0 1.356355
143 174 1 1 0 0 1.471666
143 178 1 1 0 0 1.963797
143 179 1 1 0 0 1.675291
143 180 1 1 0 0 2.180482
143 185 1 1 0 0 1.836137
143 197 1 1 0 0 2.510856
144 150 1 1 0 0 1.570032
144 156 1 1 0 0 0.560803
144 159 1 1 0 0 0.857030
144 162 1 1 0 0 0.804114
144 167 1 1 0 0 1.591006
144 169 1 1 0 0 1.240363
144 173 1 1 0 0 1.719680
144 176 1 1 0 0 1.629264
144 178 1 1 0 0 2.046069
144 180 1 1 0 0 1.931321
144 183 1 1 0 0 2.770776
144 186 1 1 0 0 1.914158
144 189 1 1 0 0 2.190205
144 191 1 1 0 0 2.183873
144 192 1 1 0 0 2.486524
144 197 1 1 0 0 2.840370
144 204 1 1 0 0 2.649849
144 211 1 1 0 0 2.932934
145 147 1 1 0 0 1.845318
145 157 1 1 0 0 0.566039
145 161 1 1 0 0 0.743303
145 163 1 1 0 0 1.434503
145 168 1 1 0 0 1.135473
145 172 1 1 0 0 1.639329
145 175 1 1 0 0 1.425938
145 181 1 1 0 0 2.010100
145 188 1 1 0 0 2.372277
145 190 1 1 0 0 2.153718
145 195 1 1 0 0 2.311580
145 196 1 1 0 0 2.320194
145 200 1 1 0 0 2.953862
145 201 1 1 0 0 2.507449
145 202 1 1 0 0 2.556658
145 205 1 1 0 0 2.965215
145 206 1 1 0 0 2.710609
145 207 1 1 0 0 2.670468
145 208 1 1 0 0 2.941462
145 209 1 1 0 0 2.734374
145 213 1 1 0 0 2.876752
146 148 1 1 0 0 0.050000
146 149 1 1 0 0 0.392046
146 152 1 1 0 0 2.661879
146 153 1 1 0 0 2.326220
146 164 1 1 0 0 1.874086
146 166 1 1 0 0 1.534471
146 171 1 1 0 0 1.920417
146 177 1 1 0 0 1.350592
146 182 1 1 0 0 2.900224
146 184 1 1 0 0 1.625054
146 187 1 1 0 0 1.853969
146 193 1 1 0 0 2.485156
146 199 1 1 0 0 2.364085
146 214 1 1 0 0 2.759601
147 157 1 1 0 0 2.166841
147 161 1 1 0 0 1.799472
147 168 1 1 0 0 2.406928
147 175 1 1 0 0 2.136001
147 200 1 1 0 0 2.340363
147 206 1 1 0 0 2.813006
147 207 1 1 0 0 2.929198
147 208 1 1 0 0 2.631539
148 149 1 1 0 0 0.430116
148 152 1 1 0 0 2.700907
148 153 1 1 0 0 2.364149
148 164 1 1 0 0 1.897709
148 166 1 1 0 0 1.550387
148 171 1 1 0 0 1.936001
148 177 1 1 0 0 1.322422
148 182 1 1 0 0 2.918938
148 184 1 1 0 0 1.586852
148 187 1 1 0 0 1.812209
148 193 1 1 0 0 2.482438
148 199 1 1 0 0 2.328003
148 214 1 1 0 0 2.733368
149 152 1 1 0 0 2.270793
149 153 1 1 0 0 1.934373
149 164 1 1 0 0 1.510927
149 165 1 1 0 0 2.618396
149 166 1 1 0 0 1.209173
149 171 1 1 0 0 1.592263
149 177 1 1 0 0 1.355950
149 182 1 1 0 0 2.552802
149 184 1 1 0 0 1.721772
149 187 1 1 0 0 1.987687
149 193 1 1 0 0 2.258871
149 199 1 1 0 0 2.422437
149 214 1 1 0 0 2.714719
150 154 1 1 0 0 1.444195
150 156 1 1 0 0 1.280820
150 158 1 1 0 0 1.639543
150 159 1 1 0 0 2.081466
150 162 1 1 0 0 1.783704
150 167 1 1 0 0 0.966075
150 169 1 1 0 0 1.813974
150 173 1 1 0 0 1.305871
150 176 1 1 0 0 2.467894
150 181 1 1 0 0 2.932320
150 183 1 1 0 0 1.621172
150 186 1 1 0 0 2.510976
150 189 1 1 0 0 2.148488
150 191 1 1 0 0 2.396101
150 192 1 1 0 0 2.016383
150 198 1 1 0 0 2.536632
150 203 1 1 0 0 2.317801
150 204 1 1 0 0 2.540807
150 210 1 1 0 0 2.673443
151 155 1 1 0 0 2.986051
151 159 1 1 0 0 0.948262
151 160 1 1 0 0 0.774661
151 169 1 1 0 0 1.662348
151 170 1 1 0 0 1.658584
151 174 1 1 0 0 1.640488
151 178 1 1 0 0 1.310153
151 179 1 1 0 0 1.560641
151 180 1 1 0 0 1.402462
151 185 1 1 0 0 1.961632
151 189 1 1 0 0 2.609310
151 197 1 1 0 0 2.090215
152 153 1 1 0 0 0.347131
152 164 1 1 0 0 1.202082
152 165 1 1 0 0 0.807775
152 166 1 1 0 0 1.616230
152 171 1 1 0 0 1.500133
152 177 1 1 0 0 2.902912
152 182 1 1 0 0 1.432655
152 193 1 1 0 0 2.368628
152 194 1 1 0 0 2.039730
152 212 1 1 0 0 2.751182
152 217 1 1 0 0 2.908333
153 164 1 1 0 0 0.898053
153 165 1 1 0 0 0.898109
153 166 1 1 0 0 1.289690
153 171 1 1 0 0 1.216594
153 177 1 1 0 0 2.567255
153 182 1 1 0 0 1.358308
153 193 1 1 0 0 2.137686
153 194 1 1 0 0 2.082547
153 212 1 1 0 0 2.594706
153 216 1 1 0 0 2.857271
153 217 1 1 0 0 2.884874
154 156 1 1 0 0 2.702665
154 158 1 1 0 0 0.326497
154 167 1 1 0 0 2.009278
154 173 1 1 0 0 2.281228
154 183 1 1 0 0 1.637834
154 192 1 1 0 0 2.637518
154 198 1 1 0 0 2.052949
154 203 1 1 0 0 2.530316
154 205 1 1 0 0 2.371919
155 160 1 1 0 0 2.398833
155 170 1 1 0 0 1.878297
155 174 1 1 0 0 2.062353
155 179 1 1 0 0 2.464731
155 185 1 1 0 0 2.190091
156 158 1 1 0 0 2.855066
156 159 1 1 0 0 0.803617
156 162 1 1 0 0 0.538238
156 167 1 1 0 0 1.056030
156 169 1 1 0 0 0.803243
156 173 1 1 0 0 1.160172
156 174 1 1 0 0 2.928378
156 176 1 1 0 0 1.350926
156 178 1 1 0 0 1.933417
156 179 1 1 0 0 2.661766
156 183 1 1 0 0 2.249644
156 186 1 1 0 0 1.543535
156 189 1 1 0 0 1.664602
156 191 1 1 0 0 1.707513
156 192 1 1 0 0 1.927823
156 203 1 1 0 0 2.535528
156 204 1 1 0 0 2.127205
156 210 1 1 0 0 2.523569
156 211 1 1 0 0 2.536178
157 161 1 1 0 0 0.506063
157 163 1 1 0 0 0.937763
157 168 1 1 0 0 0.595399
157 172 1 1 0 0 1.074151
157 175 1 1 0 0 1.033683
157 181 1 1 0 0 1.446271
157 188 1 1 0 0 1.806239
157 190 1 1 0 0 1.624962
157 195 1 1 0 0 1.784881
157 196 1 1 0 0 1.799028
157 200 1 1 0 0 2.765231
157 201 1 1 0 0 2.001225
157 202 1 1 0 0 2.029409
157 205 1 1 0 0 2.399271
157 206 1 1 0 0 2.337905
157 207 1 1 0 0 2.259602
157 208 1 1 0 0 2.665371
157 209 1 1 0 0 2.313871
157 213 1 1 0 0 2.380021
158 167 1 1 0 0 2.064219
158 173 1 1 0 0 2.302564
158 183 1 1 0 0 1.494021
158 188 1 1 0 0 1.681190
158 192 1 1 0 0 2.558378
158 198 1 1 0 0 1.779101
158 203 1 1 0 0 2.368143
158 205 1 1 0 0 2.049244
159 160 1 1 0 0 1.440868
159 162 1 1 0 0 0.339559
159 167 1 1 0 0 1.661385
159 169 1 1 0 0 0.735527
159 170 1 1 0 0 2.219842
159 173 1 1 0 0 1.614497
159 174 1 1 0 0 2.125653
159 176 1 1 0 0 0.823893
159 178 1 1 0 0 1.195533
159 179 1 1 0 0 1.870722
159 180 1 1 0 0 1.075407
159 183 1 1 0 0 2.822570
159 185 1 1 0 0 2.343672
159 186 1 1 0 0 1.176138
159 189 1 1 0 0 1.731040
159 191 1 1 0 0 1.591540
159 192 1 1 0 0 2.200023
159 197 1 1 0 0 1.983381
159 203 1 1 0 0 2.889792
159 204 1 1 0 0 2.148488
159 210 1 1 0 0 2.666721
159 211 1 1 0 0 2.180092
160 162 1 1 0 0 1.770254
160 169 1 1 0 0 2.008208
160 170 1 1 0 0 0.884081
160 173 1 1 0 0 2.964406
160 174 1 1 0 0 0.873212
160 178 1 1 0 0 1.028008
160 179 1 1 0 0 0.873212
160 180 1 1 0 0 1.258730
160 185 1 1 0 0 1.212642
160 197 1 1 0 0 1.610124
160 215 1 1 0 0 2.428600
161 163 1 1 0 0 1.313811
161 168 1 1 0 0 0.621289
161 172 1 1 0 0 1.236649
161 175 1 1 0 0 0.690072
161 181 1 1 0 0 1.600312
161 188 1 1 0 0 1.896945
161 190 1 1 0 0 1.511688
161 195 1 1 0 0 1.661114
161 196 1 1 0 0 1.660120
161 200 1 1 0 0 2.284294
161 201 1 1 0 0 1.822800
161 202 1 1 0 0 1.901578
161 205 1 1 0 0 2.462722
161 206 1 1 0 0 1.967562
161 207 1 1 0 0 1.929378
161 208 1 1 0 0 2.223533
161 209 1 1 0 0 1.994919
161 213 1 1 0 0 2.177016
161 230 1 1 0 0 2.736512
161 231 1 1 0 0 2.734374
162 167 1 1 0 0 1.321855
162 169 1 1 0 0 0.484665
162 170 1 1 0 0 2.522102
162 173 1 1 0 0 1.285029
162 174 1 1 0 0 2.416299
162 176 1 1 0 0 0.845991
162 178 1 1 0 0 1.395206
162 179 1 1 0 0 2.133846
162 183 1 1 0 0 2.486966
162 185 1 1 0 0 2.609234
162 186 1 1 0 0 1.110045
162 189 1 1 0 0 1.493720
162 191 1 1 0 0 1.417921
162 192 1 1 0 0 1.912538
162 203 1 1 0 0 2.589401
162 204 1 1 0 0 1.934968
162 210 1 1 0 0 2.420021
162 211 1 1 0 0 2.128967
163 168 1 1 0 0 0.825651
163 172 1 1 0 0 0.572713
163 175 1 1 0 0 1.427620
163 181 1 1 0 0 0.790253
163 183 1 1 0 0 2.171866
163 188 1 1 0 0 1.183427
163 190 1 1 0 0 1.417780
163 195 1 1 0 0 1.557562
163 196 1 1 0 0 1.596778
163 201 1 1 0 0 1.833712
163 202 1 1 0 0 1.761732
163 203 1 1 0 0 2.915647
163 205 1 1 0 0 1.747484
163 206 1 1 0 0 2.517936
163 207 1 1 0 0 2.358474
163 209 1 1 0 0 2.382142
163 213 1 1 0 0 2.204654
164 165 1 1 0 0 1.182074
164 166 1 1 0 0 0.447214
164 171 1 1 0 0 0.336155
164 177 1 1 0 0 1.736116
164 182 1 1 0 0 1.054751
164 184 1 1 0 0 2.208574
164 187 1 1 0 0 2.508745
164 193 1 1 0 0 1.312174
164 194 1 1 0 0 1.935071
164 199 1 1 0 0 2.584279
164 212 1 1 0 0 1.902630
164 214 1 1 0 0 2.428003
164 216 1 1 0 0 2.140210
164 217 1 1 0 0 2.492429
164 224 1 1 0 0 2.660545
164 234 1 1 0 0 2.943909
165 166 1 1 0 0 1.620031
165 171 1 1 0 0 1.331803
165 177 1 1 0 0 2.868763
165 182 1 1 0 0 0.754718
165 193 1 1 0 0 1.928756
165 194 1 1 0 0 1.232234
165 212 1 1 0 0 2.124924
165 216 1 1 0 0 2.397707
165 217 1 1 0 0 2.120024
165 224 1 1 0 0 2.244371
165 234 1 1 0 0 2.640170
166 171 1 1 0 0 0.386005
166 177 1 1 0 0 1.294488
166 182 1 1 0 0 1.373062
166 184 1 1 0 0 1.770028
166 187 1 1 0 0 2.072342
166 193 1 1 0 0 1.195073
166 194 1 1 0 0 2.241897
166 199 1 1 0 0 2.190000
166 212 1 1 0 0 1.898420
166 214 1 1 0 0 2.121320
166 216 1 1 0 0 2.100405
166 217 1 1 0 0 2.666271
166 224 1 1 0 0 2.840863
167 169 1 1 0 0 1.106526
167 173 1 1 0 0 0.340000
167 176 1 1 0 0 1.739023
167 183 1 1 0 0 1.195701
167 186 1 1 0 0 1.672633
167 189 1 1 0 0 1.185116
167 191 1 1 0 0 1.457258
167 192 1 1 0 0 1.100045
167 198 1 1 0 0 2.174075
167 203 1 1 0 0 1.563873
167 204 1 1 0 0 1.576642
167 210 1 1 0 0 1.761022
167 211 1 1 0 0 2.406200
168 172 1 1 0 0 0.617171
168 175 1 1 0 0 0.618547
168 181 1 1 0 0 0.979081
168 183 1 1 0 0 2.850491
168 188 1 1 0 0 1.287633
168 190 1 1 0 0 1.029563
168 195 1 1 0 0 1.189496
168 196 1 1 0 0 1.204159
168 200 1 1 0 0 2.441311
168 201 1 1 0 0 1.410035
168 202 1 1 0 0 1.434015
168 205 1 1 0 0 1.866387
168 206 1 1 0 0 1.843611
168 207 1 1 0 0 1.732195
168 208 1 1 0 0 2.255948
168 209 1 1 0 0 1.777104
168 213 1 1 0 0 1.791368
168 230 1 1 0 0 2.535133
168 231 1 1 0 0 2.510856
169 173 1 1 0 0 0.957079
169 176 1 1 0 0 0.657419
169 183 1 1 0 0 2.173131
169 186 1 1 0 0 0.749466
169 189 1 1 0 0 1.011187
169 191 1 1 0 0 0.945304
169 192 1 1 0 0 1.465776
169 203 1 1 0 0 2.160208
169 204 1 1 0 0 1.450310
169 210 1 1 0 0 1.941958
169 211 1 1 0 0 1.733032
170 174 1 1 0 0 0.191050
170 178 1 1 0 0 1.349370
170 179 1 1 0 0 0.588303
170 180 1 1 0 0 1.635726
170 185 1 1 0 0 0.493660
170 197 1 1 0 0 1.449724
170 215 1 1 0 0 1.800694
171 177 1 1 0 0 1.537303
171 182 1 1 0 0 0.994032
171 184 1 1 0 0 1.993790
171 187 1 1 0 0 2.285695
171 193 1 1 0 0 0.980612
171 194 1 1 0 0 1.857337
171 199 1 1 0 0 2.303411
171 212 1 1 0 0 1.606549
171 214 1 1 0 0 2.103759
171 216 1 1 0 0 1.832730
171 217 1 1 0 0 2.297129
171 224 1 1 0 0 2.470324
171 234 1 1 0 0 2.720000
172 175 1 1 0 0 1.062309
172 181 1 1 0 0 0.374833
172 188 1 1 0 0 0.737902
172 190 1 1 0 0 0.845991
172 195 1 1 0 0 0.984886
172 196 1 1 0 0 1.024158
172 200 1 1 0 0 2.785121
172 201 1 1 0 0 1.261150
172 202 1 1 0 0 1.192518
172 205 1 1 0 0 1.332704
172 206 1 1 0 0 1.984943
172 207 1 1 0 0 1.810414
172 208 1 1 0 0 2.507987
172 209 1 1 0 0 1.827840
172 213 1 1 0 0 1.632330
172 230 1 1 0 0 2.543737
173 176 1 1 0 0 1.533949
173 183 1 1 0 0 1.218401
173 186 1 1 0 0 1.407302
173 189 1 1 0 0 0.845991
173 191 1 1 0 0 1.132784
173 192 1 1 0 0 0.813941
173 198 1 1 0 0 2.151325
173 203 1 1 0 0 1.375682
173 204 1 1 0 0 1.239758
173 210 1 1 0 0 1.463421
173 211 1 1 0 0 2.078894
174 178 1 1 0 0 1.189496
174 179 1 1 0 0 0.402492
174 180 1 1 0 0 1.475025
174 185 1 1 0 0 0.368782
174 197 1 1 0 0 1.258968
174 215 1 1 0 0 1.672423
175 181 1 1 0 0 1.335066
175 188 1 1 0 0 1.510033
175 190 1 1 0 0 0.933488
175 195 1 1 0 0 1.060424
175 196 1 1 0 0 1.046231
175 200 1 1 0 0 1.822800
175 201 1 1 0 0 1.172007
175 202 1 1 0 0 1.284134
175 205 1 1 0 0 2.002498
175 206 1 1 0 0 1.306331
175 207 1 1 0 0 1.246154
175 208 1 1 0 0 1.654237
175 209 1 1 0 0 1.308625
175 213 1 1 0 0 1.505722
175 230 1 1 0 0 2.057304
175 231 1 1 0 0 2.050610
175 241 1 1 0 0 2.965620
176 183 1 1 0 0 2.709779
176 186 1 1 0 0 0.403113
176 189 1 1 0 0 1.226744
176 191 1 1 0 0 0.947945
176 192 1 1 0 0 1.816177
176 203 1 1 0 0 2.520099
176 204 1 1 0 0 1.542077
176 210 1 1 0 0 2.116459
176 211 1 1 0 0 1.361323
177 182 1 1 0 0 2.435939
177 184 1 1 0 0 0.478853
177 187 1 1 0 0 0.783901
177 193 1 1 0 0 1.508410
177 199 1 1 0 0 1.074244
177 212 1 1 0 0 2.216326
177 214 1 1 0 0 1.412834
177 216 1 1 0 0 2.276928
178 179 1 1 0 0 0.820549
178 180 1 1 0 0 0.286356
178 185 1 1 0 0 1.277380
178 197 1 1 0 0 0.820792
178 215 1 1 0 0 1.980732
179 180 1 1 0 0 1.100409
179 185 1 1 0 0 0.475395
179 197 1 1 0 0 0.890505
179 215 1 1 0 0 1.556470
180 185 1 1 0 0 1.547288
180 197 1 1 0 0 0.915478
180 215 1 1 0 0 2.129343
181 188 1 1 0 0 0.396232
181 190 1 1 0 0 0.818413
181 195 1 1 0 0 0.912414
181 196 1 1 0 0 0.962601
181 200 1 1 0 0 2.935745
181 201 1 1 0 0 1.188276
181 202 1 1 0 0 1.062544
181 205 1 1 0 0 0.980816
181 206 1 1 0 0 2.039240
181 207 1 1 0 0 1.836110
181 208 1 1 0 0 2.609464
181 209 1 1 0 0 1.836001
181 213 1 1 0 0 1.520526
182 184 1 1 0 0 2.850632
182 193 1 1 0 0 1.243262
182 194 1 1 0 0 0.880909
182 199 1 1 0 0 2.982113
182 212 1 1 0 0 1.370584
182 214 1 1 0 0 2.555484
182 216 1 1 0 0 1.643472
182 217 1 1 0 0 1.535741
182 224 1 1 0 0 1.688668
182 234 1 1 0 0 2.033937
182 249 1 1 0 0 2.948220
183 186 1 1 0 0 2.502878
183 189 1 1 0 0 1.671466
183 191 1 1 0 0 2.053412
183 192 1 1 0 0 1.118928
183 198 1 1 0 0 0.984937
183 203 1 1 0 0 0.894427
183 204 1 1 0 0 1.784741
183 210 1 1 0 0 1.548967
183 211 1 1 0 0 2.871672
184 187 1 1 0 0 0.305287
184 193 1 1 0 0 1.810414
184 199 1 1 0 0 0.750267
184 212 1 1 0 0 2.446589
184 214 1 1 0 0 1.319470
184 216 1 1 0 0 2.457336
185 197 1 1 0 0 1.097725
185 215 1 1 0 0 1.310038
186 189 1 1 0 0 0.905207
186 191 1 1 0 0 0.574543
186 192 1 1 0 0 1.518552
186 203 1 1 0 0 2.207351
186 204 1 1 0 0 1.162110
186 210 1 1 0 0 1.744964
186 211 1 1 0 0 1.019657
187 193 1 1 0 0 2.028694
187 199 1 1 0 0 0.636946
187 212 1 1 0 0 2.616448
187 214 1 1 0 0 1.333042
187 216 1 1 0 0 2.598865
188 190 1 1 0 0 0.744312
188 195 1 1 0 0 0.768440
188 196 1 1 0 0 0.822192
188 200 1 1 0 0 2.916505
188 201 1 1 0 0 1.006479
188 202 1 1 0 0 0.832346
188 205 1 1 0 0 0.594811
188 206 1 1 0 0 1.938685
188 207 1 1 0 0 1.713972
188 208 1 1 0 0 2.542617
188 209 1 1 0 0 1.695789
188 213 1 1 0 0 1.274755
189 191 1 1 0 0 0.383275
189 192 1 1 0 0 0.616604
189 198 1 1 0 0 2.386483
189 203 1 1 0 0 1.302997
189 204 1 1 0 0 0.462709
189 210 1 1 0 0 0.936002
189 211 1 1 0 0 1.264002
190 195 1 1 0 0 0.160312
190 196 1 1 0 0 0.184391
190 200 1 1 0 0 2.173476
190 201 1 1 0 0 0.417852
190 202 1 1 0 0 0.404475
190 205 1 1 0 0 1.105712
190 206 1 1 0 0 1.225439
190 207 1 1 0 0 1.017890
190 208 1 1 0 0 1.812209
190 209 1 1 0 0 1.018283
190 213 1 1 0 0 0.798123
191 192 1 1 0 0 0.990808
191 198 1 1 0 0 2.759601
191 203 1 1 0 0 1.654237
191 204 1 1 0 0 0.594138
191 210 1 1 0 0 1.172007
191 211 1 1 0 0 0.949210
192 198 1 1 0 0 1.770226
192 203 1 1 0 0 0.707107
192 204 1 1 0 0 0.671193
192 210 1 1 0 0 0.661891
192 211 1 1 0 0 1.753083
192 250 1 1 0 0 2.525787
192 251 1 1 0 0 2.640928
192 256 1 1 0 0 2.874665
193 194 1 1 0 0 1.790000
193 199 1 1 0 0 1.777667
193 212 1 1 0 0 0.762758
193 214 1 1 0 0 1.313697
193 216 1 1 0 0 0.920272
193 217 1 1 0 0 1.776739
193 224 1 1 0 0 1.950410
194 212 1 1 0 0 1.498833
194 214 1 1 0 0 2.995881
194 216 1 1 0 0 1.725399
194 217 1 1 0 0 0.958801
194 224 1 1 0 0 1.049381
194 234 1 1 0 0 1.472990
194 238 1 1 0 0 2.027856
194 249 1 1 0 0 2.424046
195 196 1 1 0 0 0.053852
195 200 1 1 0 0 2.161227
195 201 1 1 0 0 0.280179
195 202 1 1 0 0 0.245153
195 205 1 1 0 0 1.041201
195 206 1 1 0 0 1.170470
195 207 1 1 0 0 0.948472
195 208 1 1 0 0 1.775387
195 209 1 1 0 0 0.936483
195 213 1 1 0 0 0.648460
196 200 1 1 0 0 2.109502
196 201 1 1 0 0 0.237065
196 202 1 1 0 0 0.241661
196 205 1 1 0 0 1.084159
196 206 1 1 0 0 1.116647
196 207 1 1 0 0 0.894707
196 208 1 1 0 0 1.722005
196 209 1 1 0 0 0.883233
196 213 1 1 0 0 0.614003
197 215 1 1 0 0 1.224418
198 203 1 1 0 0 1.149826
198 204 1 1 0 0 2.326972
198 210 1 1 0 0 1.870027
198 222 1 1 0 0 2.581046
199 212 1 1 0 0 2.222724
199 214 1 1 0 0 0.757166
199 216 1 1 0 0 2.151279
200 201 1 1 0 0 1.990025
200 202 1 1 0 0 2.200091
200 206 1 1 0 0 1.065317
200 207 1 1 0 0 1.302498
200 208 1 1 0 0 0.483011
200 209 1 1 0 0 1.363121
200 213 1 1 0 0 1.969010
201 202 1 1 0 0 0.210238
201 205 1 1 0 0 1.161551
201 206 1 1 0 0 0.955249
201 207 1 1 0 0 0.720347
201 208 1 1 0 0 1.574071
201 209 1 1 0 0 0.692892
201 213 1 1 0 0 0.384708
202 205 1 1 0 0 0.951315
202 206 1 1 0 0 1.161077
202 207 1 1 0 0 0.923959
202 208 1 1 0 0 1.781264
202 209 1 1 0 0 0.890225
202 213 1 1 0 0 0.458039
203 204 1 1 0 0 1.180381
203 210 1 1 0 0 0.742496
203 211 1 1 0 0 2.264178
203 235 1 1 0 0 2.219640
204 210 1 1 0 0 0.586686
204 211 1 1 0 0 1.101635
205 206 1 1 0 0 2.102879
205 207 1 1 0 0 1.863250
205 208 1 1 0 0 2.724133
205 209 1 1 0 0 1.818928
205 213 1 1 0 0 1.261269
206 207 1 1 0 0 0.240000
206 208 1 1 0 0 0.621289
206 209 1 1 0 0 0.298329
206 213 1 1 0 0 0.904710
206 230 1 1 0 0 0.791581
206 231 1 1 0 0 0.813941
206 241 1 1 0 0 1.663971
206 253 1 1 0 0 2.131385
206 260 1 1 0 0 2.493592
206 263 1 1 0 0 2.726243
206 264 1 1 0 0 2.952372
206 269 1 1 0 0 2.706677
206 270 1 1 0 0 2.864716
206 273 1 1 0 0 2.972491
207 208 1 1 0 0 0.860930
207 209 1 1 0 0 0.086023
207 213 1 1 0 0 0.673573
207 230 1 1 0 0 0.812527
207 231 1 1 0 0 0.805047
207 241 1 1 0 0 1.734589
207 242 1 1 0 0 2.375921
207 253 1 1 0 0 2.169332
207 260 1 1 0 0 2.480081
207 263 1 1 0 0 2.807775
207 269 1 1 0 0 2.743665
207 270 1 1 0 0 2.928515
208 209 1 1 0 0 0.910494
208 213 1 1 0 0 1.509603
208 231 1 1 0 0 1.081896
208 240 1 1 0 0 2.640701
209 213 1 1 0 0 0.606383
209 230 1 1 0 0 0.758947
209 231 1 1 0 0 0.743303
209 241 1 1 0 0 1.688609
209 242 1 1 0 0 2.362795
209 253 1 1 0 0 2.112487
209 263 1 1 0 0 2.762788
209 269 1 1 0 0 2.685610
209 270 1 1 0 0 2.877846
209 273 1 1 0 0 2.999017
210 211 1 1 0 0 1.570032
210 250 1 1 0 0 1.865931
210 251 1 1 0 0 2.001799
210 255 1 1 0 0 2.419628
210 256 1 1 0 0 2.213052
211 228 1 1 0 0 2.700833
211 229 1 1 0 0 2.379286
212 214 1 1 0 0 1.560513
212 216 1 1 0 0 0.272947
212 217 1 1 0 0 1.127918
212 224 1 1 0 0 1.287051
213 225 1 1 0 0 1.862901
214 216 1 1 0 0 1.443918
214 217 1 1 0 0 2.661766
216 217 1 1 0 0 1.221024
217 220 1 1 0 0 2.710904
217 221 1 1 0 0 1.731416
217 224 1 1 0 0 0.176918
217 227 1 1 0 0 0.668506
217 232 1 1 0 0 2.097737
217 234 1 1 0 0 0.521536
217 238 1 1 0 0 1.138640
217 243 1 1 0 0 2.604995
217 249 1 1 0 0 1.472311
217 257 1 1 0 0 1.910236
217 282 1 1 0 0 2.791577
218 225 1 1 0 0 2.845083
218 226 1 1 0 0 0.550273
218 230 1 1 0 0 1.889391
218 231 1 1 0 0 1.792010
218 233 1 1 0 0 0.466476
218 236 1 1 0 0 0.779872
218 240 1 1 0 0 1.002447
218 241 1 1 0 0 2.549510
218 245 1 1 0 0 1.333604
218 252 1 1 0 0 1.699441
218 253 1 1 0 0 2.672003
218 260 1 1 0 0 2.568502
218 264 1 1 0 0 2.158634
218 274 1 1 0 0 2.629620
219 237 1 1 0 0 2.881389
219 239 1 1 0 0 0.850059
219 244 1 1 0 0 2.732654
219 246 1 1 0 0 2.332595
219 247 1 1 0 0 1.407302
219 248 1 1 0 0 2.338055
219 255 1 1 0 0 2.468299
219 265 1 1 0 0 2.185795
219 267 1 1 0 0 2.650000
219 271 1 1 0 0 2.401687
219 277 1 1 0 0 2.625605
219 279 1 1 0 0 2.631805
219 284 1 1 0 0 2.879340
220 221 1 1 0 0 0.980000
220 223 1 1 0 0 0.691158
220 224 1 1 0 0 2.840440
220 227 1 1 0 0 2.097737
220 232 1 1 0 0 0.694622
220 234 1 1 0 0 2.707656
220 238 1 1 0 0 2.022498
220 243 1 1 0 0 1.265306
220 249 1 1 0 0 2.877933
220 254 1 1 0 0 1.772258
220 258 1 1 0 0 1.936621
220 276 1 1 0 0 2.366115
221 223 1 1 0 0 1.670479
221 224 1 1 0 0 1.860672
221 227 1 1 0 0 1.124500
221 232 1 1 0 0 0.434166
221 234 1 1 0 0 1.748885
221 238 1 1 0 0 1.160388
221 243 1 1 0 0 1.310954
221 249 1 1 0 0 2.074536
221 254 1 1 0 0 2.156409
221 257 1 1 0 0 2.546213
221 258 1 1 0 0 2.310433
221 276 1 1 0 0 2.625281
221 282 1 1 0 0 2.957178
222 228 1 1 0 0 1.699559
222 229 1 1 0 0 1.371860
222 235 1 1 0 0 0.748131
222 250 1 1 0 0 1.472990
222 251 1 1 0 0 1.464923
222 255 1 1 0 0 1.817306
222 256 1 1 0 0 1.839674
222 262 1 1 0 0 2.863861
222 265 1 1 0 0 2.584028
222 266 1 1 0 0 2.644334
222 268 1 1 0 0 2.907250
222 272 1 1 0 0 2.810160
223 227 1 1 0 0 2.783523
223 232 1 1 0 0 1.349741
223 238 1 1 0 0 2.668108
223 243 1 1 0 0 1.605273
223 254 1 1 0 0 1.758465
223 258 1 1 0 0 1.906253
223 276 1 1 0 0 2.377562
224 227 1 1 0 0 0.761183
224 232 1 1 0 0 2.210973
224 234 1 1 0 0 0.434626
224 238 1 1 0 0 1.162497
224 243 1 1 0 0 2.666027
224 249 1 1 0 0 1.377679
224 257 1 1 0 0 1.792791
224 282 1 1 0 0 2.699815
225 226 1 1 0 0 2.320022
225 230 1 1 0 0 0.975141
225 231 1 1 0 0 1.075639
225 233 1 1 0 0 2.610153
225 240 1 1 0 0 2.637954
225 241 1 1 0 0 1.075407
225 242 1 1 0 0 1.122542
225 253 1 1 0 0 1.592137
225 260 1 1 0 0 2.143945
225 263 1 1 0 0 1.912616
225 264 1 1 0 0 2.996064
225 269 1 1 0 0 2.093896
225 270 1 1 0 0 2.117286
225 273 1 1 0 0 2.172786
225 280 1 1 0 0 2.511812
226 230 1 1 0 0 1.352997
226 231 1 1 0 0 1.253994
226 233 1 1 0 0 0.356090
226 236 1 1 0 0 1.108603
226 240 1 1 0 0 0.795550
226 241 1 1 0 0 2.003697
226 242 1 1 0 0 2.998166
226 245 1 1 0 0 1.343019
226 253 1 1 0 0 2.154252
226 260 1 1 0 0 2.113764
226 262 1 1 0 0 2.730348
226 263 1 1 0 0 2.922054
226 264 1 1 0 0 1.910105
226 268 1 1 0 0 2.828569
226 269 1 1 0 0 2.617270
226 270 1 1 0 0 2.927559
226 280 1 1 0 0 2.766604
227 232 1 1 0 0 1.452790
227 234 1 1 0 0 0.639766
227 238 1 1 0 0 0.575847
227 243 1 1 0 0 1.943116
227 249 1 1 0 0 1.284134
227 254 1 1 0 0 2.842851
227 257 1 1 0 0 1.782723
227 258 1 1 0 0 2.966648
227 275 1 1 0 0 2.702036
227 282 1 1 0 0 2.503917
228 229 1 1 0 0 0.330000
228 235 1 1 0 0 2.297129
228 245 1 1 0 0 1.952562
228 250 1 1 0 0 1.868689
228 251 1 1 0 0 2.216867
228 252 1 1 0 0 1.820357
228 255 1 1 0 0 2.686503
228 256 1 1 0 0 2.083387
228 262 1 1 0 0 1.863169
228 264 1 1 0 0 2.997015
228 266 1 1 0 0 1.911282
228 268 1 1 0 0 1.954738
228 272 1 1 0 0 2.050098
228 274 1 1 0 0 2.211628
228 283 1 1 0 0 2.487268
229 235 1 1 0 0 1.970000
229 245 1 1 0 0 2.233965
229 250 1 1 0 0 1.640152
229 251 1 1 0 0 1.956732
229 252 1 1 0 0 2.054556
229 255 1 1 0 0 2.426397
229 256 1 1 0 0 1.893357
229 262 1 1 0 0 1.952255
229 266 1 1 0 0 1.927615
229 268 1 1 0 0 2.033347
229 272 1 1 0 0 2.079663
229 274 1 1 0 0 2.327230
229 283 1 1 0 0 2.483948
230 231 1 1 0 0 0.100499
230 233 1 1 0 0 1.635176
230 236 1 1 0 0 2.401416
230 240 1 1 0 0 1.692602
230 241 1 1 0 0 0.934773
230 242 1 1 0 0 1.732166
230 245 1 1 0 0 2.312163
230 253 1 1 0 0 1.357129
230 257 1 1 0 0 2.506970
230 260 1 1 0 0 1.702997
230 263 1 1 0 0 2.008233
230 264 1 1 0 0 2.254174
230 269 1 1 0 0 1.931968
230 270 1 1 0 0 2.118962
230 273 1 1 0 0 2.241540
230 275 1 1 0 0 2.322283
230 280 1 1 0 0 2.262675
231 233 1 1 0 0 1.534699
231 236 1 1 0 0 2.300978
231 240 1 1 0 0 1.597310
231 241 1 1 0 0 0.976371
231 242 1 1 0 0 1.813422
231 245 1 1 0 0 2.218829
231 253 1 1 0 0 1.370876
231 257 1 1 0 0 2.578565
231 260 1 1 0 0 1.683597
231 263 1 1 0 0 2.044725
231 264 1 1 0 0 2.188378
231 269 1 1 0 0 1.942833
231 270 1 1 0 0 2.144784
231 273 1 1 0 0 2.272708
231 275 1 1 0 0 2.356884
231 280 1 1 0 0 2.259779
232 234 1 1 0 0 2.037965
232 238 1 1 0 0 1.328533
232 243 1 1 0 0 0.943663
232 249 1 1 0 0 2.188333
232 254 1 1 0 0 1.742642
232 257 1 1 0 0 2.622003
232 258 1 1 0 0 1.900316
232 276 1 1 0 0 2.241473
232 282 1 1 0 0 2.887248
233 236 1 1 0 0 0.773692
233 240 1 1 0 0 0.555788
233 241 1 1 0 0 2.175684
233 245 1 1 0 0 1.015529
233 253 1 1 0 0 2.247221
233 260 1 1 0 0 2.109502
233 262 1 1 0 0 2.376047
233 264 1 1 0 0 1.716421
233 266 1 1 0 0 2.742626
233 268 1 1 0 0 2.474914
233 269 1 1 0 0 2.655805
233 270 1 1 0 0 2.987608
233 272 1 1 0 0 2.766821
233 280 1 1 0 0 2.750364
233 288 1 1 0 0 2.973214
234 238 1 1 0 0 0.825409
234 243 1 1 0 0 2.359068
234 249 1 1 0 0 0.951893
234 257 1 1 0 0 1.391761
234 282 1 1 0 0 2.272994
235 250 1 1 0 0 1.330564
235 251 1 1 0 0 1.104943
235 255 1 1 0 0 1.293870
235 256 1 1 0 0 1.654237
235 265 1 1 0 0 1.871069
235 266 1 1 0 0 2.746088
235 272 1 1 0 0 2.902223
235 286 1 1 0 0 2.869233
236 240 1 1 0 0 0.904710
236 241 1 1 0 0 2.855906
236 245 1 1 0 0 0.797057
236 252 1 1 0 0 1.004042
236 253 1 1 0 0 2.835948
236 260 1 1 0 0 2.566281
236 264 1 1 0 0 1.830983
236 288 1 1 0 0 2.955300
237 239 1 1 0 0 2.795174
237 244 1 1 0 0 0.679559
237 246 1 1 0 0 1.074151
237 248 1 1 0 0 1.162110
237 259 1 1 0 0 1.306484
237 261 1 1 0 0 1.332216
237 267 1 1 0 0 1.880877
237 271 1 1 0 0 2.511275
237 278 1 1 0 0 1.817966
237 279 1 1 0 0 2.432447
237 281 1 1 0 0 1.987285
237 289 1 1 0 0 2.710018
238 243 1 1 0 0 1.533786
238 249 1 1 0 0 0.919674
238 254 1 1 0 0 2.402041
238 257 1 1 0 0 1.406023
238 258 1 1 0 0 2.510020
238 263 1 1 0 0 2.327445
238 270 1 1 0 0 2.576199
238 273 1 1 0 0 2.492890
238 275 1 1 0 0 2.435775
238 276 1 1 0 0 2.633097
238 282 1 1 0 0 1.989271
239 244 1 1 0 0 2.452835
239 246 1 1 0 0 1.974335
239 247 1 1 0 0 0.658559
239 248 1 1 0 0 1.946407
239 250 1 1 0 0 2.595149
239 251 1 1 0 0 2.185795
239 255 1 1 0 0 1.955326
239 256 1 1 0 0 2.769206
239 259 1 1 0 0 2.640928
239 261 1 1 0 0 2.852122
239 265 1 1 0 0 1.400036
239 267 1 1 0 0 2.027141
239 271 1 1 0 0 1.627544
239 277 1 1 0 0 1.900000
239 278 1 1 0 0 2.608601
239 279 1 1 0 0 1.883454
239 284 1 1 0 0 2.039608
239 287 1 1 0 0 2.712066
239 292 1 1 0 0 2.661766
240 241 1 1 0 0 1.985674
240 245 1 1 0 0 0.630079
240 253 1 1 0 0 1.932589
240 260 1 1 0 0 1.678005
240 263 1 1 0 0 2.670824
240 264 1 1 0 0 1.161034
240 266 1 1 0 0 2.501220
240 269 1 1 0 0 2.257964
240 270 1 1 0 0 2.608620
240 273 1 1 0 0 2.782121
240 275 1 1 0 0 2.897464
240 280 1 1 0 0 2.291724
240 288 1 1 0 0 2.418285
241 242 1 1 0 0 1.052331
241 245 1 1 0 0 2.499700
241 253 1 1 0 0 0.524976
241 257 1 1 0 0 1.686090
241 260 1 1 0 0 1.072007
241 263 1 1 0 0 1.074244
241 264 1 1 0 0 2.019332
241 269 1 1 0 0 1.072986
241 270 1 1 0 0 1.200750
241 273 1 1 0 0 1.312440
241 275 1 1 0 0 1.389244
241 280 1 1 0 0 1.465367
241 282 1 1 0 0 2.575306
241 288 1 1 0 0 2.876804
241 294 1 1 0 0 2.474773
241 296 1 1 0 0 2.551255
242 253 1 1 0 0 1.284134
242 260 1 1 0 0 1.865529
242 263 1 1 0 0 1.095536
242 264 1 1 0 0 2.956772
242 269 1 1 0 0 1.508940
242 270 1 1 0 0 1.348481
242 273 1 1 0 0 1.324122
242 275 1 1 0 0 1.313088
242 280 1 1 0 0 1.930414
242 294 1 1 0 0 2.730293
242 296 1 1 0 0 2.725307
243 249 1 1 0 0 2.099548
243 254 1 1 0 0 0.904268
243 257 1 1 0 0 2.399708
243 258 1 1 0 0 1.039663
243 276 1 1 0 0 1.314876
243 282 1 1 0 0 2.336686
243 285 1 1 0 0 2.115963
243 295 1 1 0 0 2.412986
243 298 1 1 0 0 2.767400
244 246 1 1 0 0 0.503587
244 247 1 1 0 0 2.861416
244 248 1 1 0 0 0.567539
244 259 1 1 0 0 0.680074
244 261 1 1 0 0 0.773692
244 267 1 1 0 0 1.209339
244 271 1 1 0 0 1.878324
244 278 1 1 0 0 1.159483
244 279 1 1 0 0 1.773415
244 281 1 1 0 0 1.424114
244 284 1 1 0 0 2.576897
244 287 1 1 0 0 2.444361
244 289 1 1 0 0 2.170069
245 253 1 1 0 0 2.346764
245 256 1 1 0 0 2.977549
245 260 1 1 0 0 1.957575
245 264 1 1 0 0 1.061037
245 269 1 1 0 0 2.555504
245 270 1 1 0 0 2.918921
245 280 1 1 0 0 2.484552
245 288 1 1 0 0 2.160023
246 247 1 1 0 0 2.360191
246 248 1 1 0 0 0.094340
246 259 1 1 0 0 0.790253
246 261 1 1 0 0 0.975807
246 265 1 1 0 0 2.685759
246 267 1 1 0 0 0.878465
246 271 1 1 0 0 1.439340
246 278 1 1 0 0 1.078703
246 279 1 1 0 0 1.382245
246 281 1 1 0 0 1.520691
246 284 1 1 0 0 2.163793
246 287 1 1 0 0 2.163354
246 289 1 1 0 0 2.250778
247 248 1 1 0 0 2.310541
247 250 1 1 0 0 2.084059
247 251 1 1 0 0 1.656804
247 256 1 1 0 0 2.205130
247 259 1 1 0 0 2.910430
247 265 1 1 0 0 0.778845
247 267 1 1 0 0 2.165364
247 271 1 1 0 0 1.562370
247 277 1 1 0 0 1.245351
247 278 1 1 0 0 2.759438
247 279 1 1 0 0 1.844912
247 284 1 1 0 0 1.727918
247 287 1 1 0 0 2.520714
247 292 1 1 0 0 2.140210
248 259 1 1 0 0 0.763675
248 261 1 1 0 0 0.959010
248 265 1 1 0 0 2.615416
248 267 1 1 0 0 0.785493
248 271 1 1 0 0 1.349518
248 278 1 1 0 0 1.011385
248 279 1 1 0 0 1.288449
248 281 1 1 0 0 1.474924
248 284 1 1 0 0 2.071835
248 287 1 1 0 0 2.070604
248 289 1 1 0 0 2.197294
249 254 1 1 0 0 2.823048
249 257 1 1 0 0 0.500899
249 258 1 1 0 0 2.887213
249 260 1 1 0 0 2.420992
249 263 1 1 0 0 1.440139
249 269 1 1 0 0 1.950000
249 270 1 1 0 0 1.680774
249 273 1 1 0 0 1.584456
249 275 1 1 0 0 1.521184
249 276 1 1 0 0 2.859545
249 280 1 1 0 0 2.322434
249 282 1 1 0 0 1.322195
249 294 1 1 0 0 2.922277
250 251 1 1 0 0 0.430465
250 252 1 1 0 0 2.591930
250 255 1 1 0 0 0.857963
250 256 1 1 0 0 0.366742
250 262 1 1 0 0 1.821483
250 266 1 1 0 0 1.462395
250 268 1 1 0 0 1.817966
250 272 1 1 0 0 1.607514
250 274 1 1 0 0 2.186253
250 283 1 1 0 0 1.704259
250 286 1 1 0 0 1.810000
250 290 1 1 0 0 2.489418
250 291 1 1 0 0 2.274819
250 293 1 1 0 0 2.755449
250 297 1 1 0 0 2.226499
251 255 1 1 0 0 0.470106
251 256 1 1 0 0 0.604649
251 262 1 1 0 0 2.228924
251 266 1 1 0 0 1.850540
251 268 1 1 0 0 2.217408
251 272 1 1 0 0 1.985397
251 274 1 1 0 0 2.580543
251 283 1 1 0 0 2.016036
251 286 1 1 0 0 1.796107
251 290 1 1 0 0 2.765231
251 291 1 1 0 0 2.498820
251 297 1 1 0 0 2.280351
252 256 1 1 0 0 2.533377
252 262 1 1 0 0 0.980051
252 266 1 1 0 0 1.393162
252 268 1 1 0 0 1.065317
252 272 1 1 0 0 1.375573
252 274 1 1 0 0 0.956033
252 283 1 1 0 0 1.792875
252 290 1 1 0 0 2.108673
252 291 1 1 0 0 2.386483
252 293 1 1 0 0 2.102189
253 257 1 1 0 0 1.681814
253 260 1 1 0 0 0.600000
253 263 1 1 0 0 0.768375
253 264 1 1 0 0 1.673350
253 269 1 1 0 0 0.575587
253 270 1 1 0 0 0.796116
253 273 1 1 0 0 0.946414
253 275 1 1 0 0 1.048046
253 280 1 1 0 0 0.943663
253 288 1 1 0 0 2.392070
253 294 1 1 0 0 1.963084
253 296 1 1 0 0 2.051560
254 258 1 1 0 0 0.164924
254 276 1 1 0 0 0.619839
254 282 1 1 0 0 2.676752
254 285 1 1 0 0 1.462190
254 295 1 1 0 0 1.896629
254 298 1 1 0 0 2.120094
255 256 1 1 0 0 0.871436
255 262 1 1 0 0 2.543325
255 266 1 1 0 0 2.137218
255 268 1 1 0 0 2.515890
255 272 1 1 0 0 2.251755
255 274 1 1 0 0 2.863320
255 283 1 1 0 0 2.188196
255 286 1 1 0 0 1.610031
255 290 1 1 0 0 2.868188
255 291 1 1 0 0 2.544661
255 297 1 1 0 0 2.142195
256 262 1 1 0 0 1.673230
256 266 1 1 0 0 1.273460
256 268 1 1 0 0 1.649394
256 272 1 1 0 0 1.397784
256 274 1 1 0 0 2.003397
256 283 1 1 0 0 1.412091
256 286 1 1 0 0 1.463284
256 290 1 1 0 0 2.171750
256 291 1 1 0 0 1.930518
256 293 1 1 0 0 2.446957
256 297 1 1 0 0 1.862686
257 260 1 1 0 0 2.141892
257 263 1 1 0 0 1.080602
257 269 1 1 0 0 1.608229
257 270 1 1 0 0 1.293406
257 273 1 1 0 0 1.168674
257 276 1 1 0 0 2.956095
257 280 1 1 0 0 1.935975
257 282 1 1 0 0 0.982700
258 276 1 1 0 0 0.474342
258 282 1 1 0 0 2.663719
258 285 1 1 0 0 1.305527
258 295 1 1 0 0 1.752826
258 298 1 1 0 0 1.960918
259 261 1 1 0 0 0.211896
259 267 1 1 0 0 0.851469
259 271 1 1 0 0 1.612079
259 278 1 1 0 0 0.526972
259 279 1 1 0 0 1.420035
259 281 1 1 0 0 0.759605
259 284 1 1 0 0 2.210543
259 287 1 1 0 0 1.896365
259 289 1 1 0 0 1.506154
260 263 1 1 0 0 1.086646
260 264 1 1 0 0 1.127519
260 269 1 1 0 0 0.598080
260 270 1 1 0 0 0.961353
260 273 1 1 0 0 1.135473
260 275 1 1 0 0 1.252517
260 280 1 1 0 0 0.653682
260 288 1 1 0 0 1.805436
260 294 1 1 0 0 1.642224
260 296 1 1 0 0 1.780365
261 267 1 1 0 0 1.036967
261 271 1 1 0 0 1.797470
261 278 1 1 0 0 0.614003
261 279 1 1 0 0 1.591100
261 281 1 1 0 0 0.660076
261 284 1 1 0 0 2.367826
261 287 1 1 0 0 1.990603
261 289 1 1 0 0 1.400357
262 266 1 1 0 0 0.427551
262 268 1 1 0 0 0.107703
262 272 1 1 0 0 0.396611
262 274 1 1 0 0 0.403113
262 283 1 1 0 0 0.845044
262 286 1 1 0 0 2.280197
262 290 1 1 0 0 1.380507
262 291 1 1 0 0 1.536294
262 293 1 1 0 0 1.493352
262 297 1 1 0 0 2.270705
263 264 1 1 0 0 2.200023
263 269 1 1 0 0 0.527731
263 270 1 1 0 0 0.254951
263 273 1 1 0 0 0.260192
263 275 1 1 0 0 0.316228
263 280 1 1 0 0 0.883233
263 288 1 1 0 0 2.562577
263 294 1 1 0 0 1.641493
263 296 1 1 0 0 1.653874
264 269 1 1 0 0 1.681904
264 270 1 1 0 0 2.037965
264 273 1 1 0 0 2.204223
264 275 1 1 0 0 2.318211
264 280 1 1 0 0 1.505722
264 288 1 1 0 0 1.270157
264 294 1 1 0 0 2.093084
264 296 1 1 0 0 2.292597
265 267 1 1 0 0 2.230202
265 271 1 1 0 0 1.488624
265 277 1 1 0 0 0.564358
265 278 1 1 0 0 2.784116
265 279 1 1 0 0 1.747713
265 284 1 1 0 0 1.296187
265 287 1 1 0 0 2.155412
265 292 1 1 0 0 1.410567
266 268 1 1 0 0 0.380526
266 272 1 1 0 0 0.166433
266 274 1 1 0 0 0.730821
266 283 1 1 0 0 0.582495
266 286 1 1 0 0 1.890106
266 290 1 1 0 0 1.314002
266 291 1 1 0 0 1.343503
266 293 1 1 0 0 1.502831
266 297 1 1 0 0 1.940232
267 271 1 1 0 0 0.761183
267 277 1 1 0 0 2.731465
267 278 1 1 0 0 0.595063
267 279 1 1 0 0 0.581808
267 281 1 1 0 0 1.171836
267 284 1 1 0 0 1.387552
267 287 1 1 0 0 1.285146
267 289 1 1 0 0 1.747255
267 292 1 1 0 0 2.410332
268 272 1 1 0 0 0.313847
268 274 1 1 0 0 0.372156
268 283 1 1 0 0 0.743303
268 286 1 1 0 0 2.193468
268 290 1 1 0 0 1.276636
268 291 1 1 0 0 1.428636
268 293 1 1 0 0 1.397033
268 297 1 1 0 0 2.170921
269 270 1 1 0 0 0.364005
269 273 1 1 0 0 0.537587
269 275 1 1 0 0 0.654599
269 280 1 1 0 0 0.432666
269 288 1 1 0 0 2.075114
269 294 1 1 0 0 1.402926
270 273 1 1 0 0 0.174642
270 275 1 1 0 0 0.291548
270 280 1 1 0 0 0.644748
270 288 1 1 0 0 2.321767
270 294 1 1 0 0 1.398463
270 296 1 1 0 0 1.423692
271 277 1 1 0 0 1.973651
271 278 1 1 0 0 1.295569
271 279 1 1 0 0 0.283019
271 281 1 1 0 0 1.836355
271 284 1 1 0 0 0.738173
271 287 1 1 0 0 1.108603
271 289 1 1 0 0 2.258783
271 292 1 1 0 0 1.746568
272 274 1 1 0 0 0.614003
272 283 1 1 0 0 0.478539
272 286 1 1 0 0 1.883667
272 290 1 1 0 0 1.161077
272 291 1 1 0 0 1.222497
272 293 1 1 0 0 1.340821
272 297 1 1 0 0 1.886213
273 275 1 1 0 0 0.117047
273 280 1 1 0 0 0.773692
273 288 1 1 0 0 2.434030
273 294 1 1 0 0 1.406556
273 296 1 1 0 0 1.405774
274 283 1 1 0 0 0.895545
274 286 1 1 0 0 2.392405
274 290 1 1 0 0 1.170000
274 291 1 1 0 0 1.430559
274 293 1 1 0 0 1.213425
274 297 1 1 0 0 2.288056
275 280 1 1 0 0 0.872983
275 288 1 1 0 0 2.518492
275 294 1 1 0 0 1.431258
275 296 1 1 0 0 1.413259
276 282 1 1 0 0 2.421239
276 285 1 1 0 0 0.850529
276 295 1 1 0 0 1.278828
276 298 1 1 0 0 1.512680
277 279 1 1 0 0 2.210204
277 284 1 1 0 0 1.613072
277 287 1 1 0 0 2.451551
277 292 1 1 0 0 1.328533
278 279 1 1 0 0 1.050428
278 281 1 1 0 0 0.578014
278 284 1 1 0 0 1.785721
278 287 1 1 0 0 1.379311
278 289 1 1 0 0 1.214907
278 292 1 1 0 0 2.762788
279 281 1 1 0 0 1.571655
279 284 1 1 0 0 0.807094
279 287 1 1 0 0 0.921358
279 289 1 1 0 0 1.975905
279 292 1 1 0 0 1.832157
280 288 1 1 0 0 1.679434
280 294 1 1 0 0 1.031213
280 296 1 1 0 0 1.145426
281 284 1 1 0 0 2.228116
281 287 1 1 0 0 1.638780
281 289 1 1 0 0 0.747329
282 285 1 1 0 0 2.487127
282 295 1 1 0 0 2.242900
282 298 1 1 0 0 2.759746
283 286 1 1 0 0 1.496930
283 290 1 1 0 0 0.809506
283 291 1 1 0 0 0.763217
283 293 1 1 0 0 1.056030
283 297 1 1 0 0 1.428426
284 287 1 1 0 0 0.859826
284 289 1 1 0 0 2.440492
284 292 1 1 0 0 1.026158
285 295 1 1 0 0 0.537401
285 298 1 1 0 0 0.662722
286 290 1 1 0 0 1.755591
286 291 1 1 0 0 1.322309
286 293 1 1 0 0 2.036664
286 297 1 1 0 0 0.553173
287 289 1 1 0 0 1.661475
287 292 1 1 0 0 1.538343
288 294 1 1 0 0 1.523187
288 296 1 1 0 0 1.724558
290 291 1 1 0 0 0.441814
290 293 1 1 0 0 0.295466
290 297 1 1 0 0 1.417921
291 293 1 1 0 0 0.714493
291 297 1 1 0 0 0.979847
293 297 1 1 0 0 1.667693
294 296 1 1 0 0 0.210238
295 298 1 1 0 0 0.521536
