1         |67              |0.99 |0.8  |67       |0   |0.1675         |0      |0        |0             |0         |0        |0
8         |71              |0.99 |0.8  |71       |3.22526   |0.1775         |0      |0        |0             |0         |0        |13
9         |80              |0.99 |0.8  |80       |3.72526   |0.2         |0      |0        |0             |0         |0        |15
10         |106              |0.99 |0.8  |106       |4.22526   |0.265         |0      |0        |0             |0         |0        |17
11         |120              |0.99 |0.8  |120       |4.72526   |0.3         |0      |0        |0             |0         |0        |19
19         |123              |0.99 |0.8  |123       |4.90259   |0.3075         |0      |0        |0             |0         |0        |42
21         |133              |0.99 |0.8  |133       |7.25463   |0.3325         |0      |0        |0             |1         |1        |49
25         |150              |0.99 |0.8  |149       |7.4595   |0.3725         |0      |0        |0             |2         |2        |60
26         |176              |0.99 |0.8  |176       |8.0333   |0.44         |0      |0        |0             |3         |3        |62
27         |193              |0.99 |0.8  |192       |8.45948   |0.48         |0      |0        |0             |4         |4        |64
28         |198              |0.99 |0.8  |197       |8.95948   |0.4925         |0      |0        |0             |5         |5        |66
30         |206              |0.99 |0.8  |205       |9.45948   |0.5125         |0      |0        |0             |6         |6        |71
39         |217              |0.99 |0.8  |216       |9.86051   |0.54         |0      |0        |0             |8         |8        |103
42         |220              |0.99 |0.8  |219       |10.2904   |0.5475         |0      |0        |0             |11         |11        |116
45         |222              |0.99 |0.8  |220       |10.5266   |0.55         |0      |0        |0             |15         |15        |130
57         |223              |0.99 |0.8  |223       |11.4951   |0.5575         |0      |0        |0             |21         |21        |173
66         |238              |0.99 |0.8  |238       |13.9857   |0.595         |0      |0        |0             |28         |28        |194
68         |242              |0.99 |0.8  |242       |14.4051   |0.605         |0      |0        |0             |35         |35        |209
70         |280              |0.99 |0.8  |279       |15.3081   |0.6975         |0      |0        |0             |42         |42        |213
73         |297              |0.99 |0.8  |296       |15.5412   |0.74         |0      |0        |0             |50         |50        |225
74         |302              |0.99 |0.8  |301       |16.2734   |0.7525         |0      |0        |0             |59         |59        |227
75         |308              |0.99 |0.8  |307       |17.4539   |0.7675         |0      |0        |0             |70         |70        |229
83         |316              |0.99 |0.8  |315       |17.9539   |0.7875         |0      |0        |0             |82         |82        |247
84         |325              |0.99 |0.8  |324       |18.4539   |0.81         |0      |0        |0             |95         |95        |250
116         |392              |0.99 |0.8  |391       |33.277   |0.9775         |0      |0        |0             |146         |146        |385
122         |399              |0.99 |0.8  |398       |33.2801   |0.995         |0      |0        |0             |199         |199        |402
622         |400              |0.99 |0.8  |400       |29.8411   |1         |0      |0        |0             |4135         |4135        |6241
