1         |39              |0.99 |0.8  |39       |0   |0.0975         |0      |0        |0             |3         |3        |0
2         |40              |0.99 |0.8  |40       |0.5   |0.1         |0      |0        |0             |6         |6        |1
5         |48              |0.99 |0.8  |48       |1.98946   |0.12         |0      |0        |0             |9         |9        |7
6         |55              |0.99 |0.8  |55       |2.39325   |0.1375         |0      |0        |0             |12         |12        |9
7         |60              |0.99 |0.8  |60       |2.89325   |0.15         |0      |0        |0             |15         |15        |11
9         |75              |0.99 |0.8  |75       |3.09093   |0.1875         |0      |0        |0             |18         |18        |17
13         |76              |0.99 |0.8  |76       |4.58526   |0.19         |0      |0        |0             |21         |21        |24
25         |96              |0.99 |0.8  |96       |7.36158   |0.24         |0      |0        |0             |25         |25        |57
27         |98              |0.99 |0.8  |98       |7.83071   |0.245         |0      |0        |0             |29         |29        |64
30         |99              |0.99 |0.8  |99       |8.13131   |0.2475         |0      |0        |0             |33         |33        |74
32         |101              |0.99 |0.8  |101       |8.92216   |0.2525         |0      |0        |0             |37         |37        |79
33         |110              |0.99 |0.8  |110       |9.42216   |0.275         |0      |0        |0             |41         |41        |80
34         |112              |0.99 |0.8  |112       |9.92216   |0.28         |0      |0        |0             |46         |46        |82
39         |126              |0.99 |0.8  |125       |11.7152   |0.3125         |0      |0        |0             |52         |52        |107
42         |131              |0.99 |0.8  |130       |11.914   |0.325         |0      |0        |0             |57         |57        |127
55         |141              |0.99 |0.8  |141       |12.2324   |0.3525         |0      |0        |0             |63         |63        |189
56         |146              |0.99 |0.8  |146       |12.7324   |0.365         |0      |0        |0             |70         |70        |190
58         |151              |0.99 |0.8  |151       |13.209   |0.3775         |0      |0        |0             |77         |77        |194
60         |162              |0.99 |0.8  |162       |16.4773   |0.405         |0      |0        |0             |93         |93        |200
62         |170              |0.99 |0.8  |170       |18.4542   |0.425         |0      |0        |0             |108         |108        |210
64         |174              |0.99 |0.8  |174       |18.3671   |0.435         |0      |0        |0             |126         |126        |220
65         |178              |0.99 |0.8  |178       |19.0416   |0.445         |0      |0        |0             |144         |144        |222
75         |181              |0.99 |0.8  |181       |20.1334   |0.4525         |0      |0        |0             |182         |182        |274
77         |200              |0.99 |0.8  |200       |20.943   |0.5         |0      |0        |0             |223         |223        |281
79         |207              |0.99 |0.8  |207       |22.1935   |0.5175         |0      |0        |0             |264         |264        |286
99         |224              |0.99 |0.8  |224       |27.8932   |0.56         |0      |0        |0             |329         |329        |381
103         |235              |0.99 |0.8  |235       |29.0385   |0.5875         |0      |0        |0             |424         |424        |397
107         |242              |0.99 |0.8  |242       |31.7629   |0.605         |0      |0        |0             |594         |594        |406
118         |245              |0.99 |0.8  |243       |32.667   |0.6075         |0      |0        |0             |732         |732        |449
120         |258              |0.99 |0.8  |256       |33.6418   |0.64         |0      |0        |0             |897         |897        |459
130         |274              |0.99 |0.8  |273       |36.0165   |0.6825         |0      |0        |0             |1055         |1055        |510
185         |299              |0.99 |0.8  |297       |38.2571   |0.7425         |0      |0        |0             |1684         |1684        |856
186         |309              |0.99 |0.8  |306       |37.0971   |0.765         |0      |0        |0             |2307         |2307        |858
188         |326              |0.99 |0.8  |323       |42.5752   |0.8075         |0      |0        |0             |3095         |3095        |873
194         |347              |0.99 |0.8  |345       |44.008   |0.8625         |0      |0        |0             |4155         |4155        |901
197         |350              |0.99 |0.8  |347       |51.1667   |0.8675         |0      |0        |0             |4961         |4961        |911
208         |361              |0.99 |0.8  |359       |46.4031   |0.8975         |0      |0        |0             |5976         |5976        |993
209         |369              |0.99 |0.8  |366       |51.2119   |0.915         |0      |0        |0             |7079         |7079        |996
210         |372              |0.99 |0.8  |369       |52.3719   |0.9225         |0      |0        |0             |8434         |8434        |997
272         |373              |0.99 |0.8  |370       |45.5108   |0.925         |0      |0        |0             |9584         |9584        |1426
280         |377              |0.99 |0.8  |375       |43.8197   |0.9375         |0      |0        |0             |11398         |11398        |1508
365         |382              |0.99 |0.8  |379       |50.2931   |0.9475         |0      |0        |0             |14404         |14404        |2261
391         |385              |0.99 |0.8  |382       |57.8553   |0.955         |0      |0        |0             |22811         |22811        |2508
399         |388              |0.99 |0.8  |386       |54.3574   |0.965         |0      |0        |0             |30749         |30749        |2589
419         |393              |0.99 |0.8  |390       |49.5784   |0.975         |0      |0        |0             |34887         |34887        |2857
428         |394              |0.99 |0.8  |391       |47.8955   |0.9775         |0      |0        |0             |39296         |39296        |2990
480         |395              |0.99 |0.8  |392       |46.4964   |0.98         |0      |0        |0             |45799         |45799        |3585
566         |396              |0.99 |0.8  |394       |51.0222   |0.985         |0      |0        |0             |98968         |98968        |4665
1066         |396              |0.99 |0.8  |394       |36.9024   |0.985         |0      |0        |0             |342791         |342791        |10515
1566         |396              |0.99 |0.8  |394       |34.2856   |0.985         |0      |0        |0             |1921294         |1921294        |16109
1966         |400              |0.99 |0.8  |400       |0   |1         |0      |0        |0             |1921800         |1921800        |20750
2466         |400              |0.99 |0.8  |400       |0   |1         |0      |0        |0             |1922377         |1922377        |26780
2966         |400              |0.99 |0.8  |400       |0   |1         |0      |0        |0             |1922977         |1922977        |32547
3466         |400              |0.99 |0.8  |400       |0   |1         |0      |0        |0             |1923792         |1923792        |38975
3966         |400              |0.99 |0.8  |400       |0   |1         |0      |0        |0             |1924861         |1924861        |45276
