0 15 1 1 0 0 2.782966
0 29 1 1 0 0 2.560488
0 41 1 1 0 0 2.457723
0 43 1 1 0 0 2.370654
0 52 1 1 0 0 2.463981
1 3 1 1 0 0 0.561427
1 8 1 1 0 0 0.290689
1 9 1 1 0 0 2.894564
1 16 1 1 0 0 0.904434
1 18 1 1 0 0 1.253196
1 19 1 1 0 0 0.957079
1 28 1 1 0 0 2.793224
1 30 1 1 0 0 1.668772
1 42 1 1 0 0 2.538110
1 45 1 1 0 0 2.102808
1 46 1 1 0 0 2.081538
1 51 1 1 0 0 2.331545
2 27 1 1 0 0 1.262458
2 48 1 1 0 0 2.352361
2 50 1 1 0 0 2.284644
2 57 1 1 0 0 2.453589
3 8 1 1 0 0 0.771298
3 16 1 1 0 0 1.287012
3 18 1 1 0 0 1.691183
3 19 1 1 0 0 0.831865
3 30 1 1 0 0 2.080192
3 42 1 1 0 0 2.178164
3 45 1 1 0 0 2.232891
3 46 1 1 0 0 2.095710
3 51 1 1 0 0 2.163354
3 58 1 1 0 0 2.601000
3 60 1 1 0 0 2.862045
3 65 1 1 0 0 2.987390
4 6 1 1 0 0 0.170294
4 7 1 1 0 0 0.388973
4 10 1 1 0 0 0.928493
4 24 1 1 0 0 2.816026
4 25 1 1 0 0 1.039423
4 44 1 1 0 0 2.267730
4 62 1 1 0 0 2.875639
5 11 1 1 0 0 0.831925
5 12 1 1 0 0 0.394588
5 14 1 1 0 0 0.472969
5 17 1 1 0 0 1.056456
5 23 1 1 0 0 2.998266
5 26 1 1 0 0 2.019332
5 35 1 1 0 0 2.042401
5 40 1 1 0 0 2.150581
5 63 1 1 0 0 2.938333
6 7 1 1 0 0 0.500100
6 10 1 1 0 0 0.768440
6 13 1 1 0 0 2.988277
6 24 1 1 0 0 2.656501
6 25 1 1 0 0 0.912688
6 44 1 1 0 0 2.111019
6 62 1 1 0 0 2.760453
7 10 1 1 0 0 1.251319
7 25 1 1 0 0 1.065317
7 44 1 1 0 0 2.364001
7 62 1 1 0 0 2.804461
8 9 1 1 0 0 2.690911
8 16 1 1 0 0 0.615873
8 18 1 1 0 0 0.965401
8 19 1 1 0 0 0.884138
8 28 1 1 0 0 2.532982
8 30 1 1 0 0 1.379021
8 42 1 1 0 0 2.512469
8 45 1 1 0 0 1.858736
8 46 1 1 0 0 1.879495
8 51 1 1 0 0 2.204768
8 54 1 1 0 0 2.963191
8 58 1 1 0 0 2.367636
8 60 1 1 0 0 2.978087
8 65 1 1 0 0 2.851596
9 16 1 1 0 0 2.402520
9 18 1 1 0 0 2.026080
9 28 1 1 0 0 0.911811
9 30 1 1 0 0 1.918880
9 34 1 1 0 0 1.102180
9 53 1 1 0 0 2.053509
9 54 1 1 0 0 2.154182
9 64 1 1 0 0 2.733093
10 13 1 1 0 0 2.241807
10 20 1 1 0 0 2.545663
10 22 1 1 0 0 2.493692
10 24 1 1 0 0 1.888200
10 25 1 1 0 0 0.940479
10 44 1 1 0 0 1.670838
10 62 1 1 0 0 2.610134
11 12 1 1 0 0 0.690652
11 14 1 1 0 0 0.647765
11 17 1 1 0 0 1.584740
11 21 1 1 0 0 2.651980
11 23 1 1 0 0 2.178004
11 26 1 1 0 0 1.190378
11 31 1 1 0 0 2.353763
11 32 1 1 0 0 2.700704
11 35 1 1 0 0 1.257338
11 37 1 1 0 0 2.175684
11 40 1 1 0 0 2.435590
11 63 1 1 0 0 2.512867
11 67 1 1 0 0 2.942601
12 14 1 1 0 0 0.086023
12 17 1 1 0 0 0.910824
12 23 1 1 0 0 2.846067
12 26 1 1 0 0 1.802776
12 35 1 1 0 0 1.761732
12 37 1 1 0 0 2.787293
12 40 1 1 0 0 1.888306
12 63 1 1 0 0 2.544661
12 67 1 1 0 0 2.712803
13 20 1 1 0 0 0.468722
13 22 1 1 0 0 0.506952
13 24 1 1 0 0 0.709366
13 25 1 1 0 0 2.957431
13 44 1 1 0 0 2.582131
13 47 1 1 0 0 1.655597
13 57 1 1 0 0 2.071835
14 17 1 1 0 0 0.938616
14 23 1 1 0 0 2.784978
14 26 1 1 0 0 1.733032
14 31 1 1 0 0 2.937107
14 35 1 1 0 0 1.682409
14 37 1 1 0 0 2.715364
14 40 1 1 0 0 1.874487
14 63 1 1 0 0 2.465461
14 67 1 1 0 0 2.653469
14 74 1 1 0 0 2.997232
15 29 1 1 0 0 0.737564
15 39 1 1 0 0 1.140702
15 64 1 1 0 0 2.488473
16 18 1 1 0 0 0.422019
16 19 1 1 0 0 0.947629
16 28 1 1 0 0 2.069034
16 30 1 1 0 0 0.793221
16 34 1 1 0 0 2.655805
16 42 1 1 0 0 2.478871
16 45 1 1 0 0 1.338432
16 46 1 1 0 0 1.468196
16 51 1 1 0 0 1.960842
16 53 1 1 0 0 2.951339
16 54 1 1 0 0 2.363260
16 58 1 1 0 0 1.912067
16 60 1 1 0 0 2.743155
16 65 1 1 0 0 2.440348
17 26 1 1 0 0 2.577518
17 35 1 1 0 0 2.435590
17 40 1 1 0 0 1.151564
17 63 1 1 0 0 2.607163
17 67 1 1 0 0 2.400271
18 19 1 1 0 0 1.350148
18 28 1 1 0 0 1.647544
18 30 1 1 0 0 0.422019
18 34 1 1 0 0 2.233786
18 42 1 1 0 0 2.806154
18 45 1 1 0 0 1.351481
18 46 1 1 0 0 1.599281
18 51 1 1 0 0 2.194402
18 53 1 1 0 0 2.556345
18 54 1 1 0 0 2.005617
18 58 1 1 0 0 1.972942
18 60 1 1 0 0 2.960574
18 65 1 1 0 0 2.528003
19 28 1 1 0 0 2.983169
19 30 1 1 0 0 1.631686
19 42 1 1 0 0 1.631318
19 45 1 1 0 0 1.445061
19 46 1 1 0 0 1.266491
19 51 1 1 0 0 1.383221
19 58 1 1 0 0 1.770537
19 60 1 1 0 0 2.131220
19 65 1 1 0 0 2.161134
20 22 1 1 0 0 0.106301
20 24 1 1 0 0 0.735459
20 44 1 1 0 0 2.593935
20 47 1 1 0 0 1.240363
20 57 1 1 0 0 1.620864
20 71 1 1 0 0 2.648415
20 78 1 1 0 0 2.862516
21 23 1 1 0 0 0.504876
21 26 1 1 0 0 1.607980
21 31 1 1 0 0 0.524976
21 32 1 1 0 0 0.362215
21 35 1 1 0 0 1.877791
21 37 1 1 0 0 0.923147
21 69 1 1 0 0 2.282652
21 70 1 1 0 0 2.958530
21 77 1 1 0 0 2.812330
22 24 1 1 0 0 0.653758
22 44 1 1 0 0 2.495516
22 47 1 1 0 0 1.164302
22 57 1 1 0 0 1.565407
22 71 1 1 0 0 2.593068
22 75 1 1 0 0 2.984125
22 78 1 1 0 0 2.780450
23 26 1 1 0 0 1.103676
23 31 1 1 0 0 0.287924
23 32 1 1 0 0 0.543783
23 35 1 1 0 0 1.378768
23 37 1 1 0 0 0.560803
23 63 1 1 0 0 2.975534
23 69 1 1 0 0 2.292640
23 70 1 1 0 0 2.634730
23 77 1 1 0 0 2.690297
24 25 1 1 0 0 2.440328
24 44 1 1 0 0 1.894466
24 47 1 1 0 0 1.323102
24 75 1 1 0 0 2.638257
24 78 1 1 0 0 2.775626
25 44 1 1 0 0 1.304837
25 62 1 1 0 0 1.850108
25 75 1 1 0 0 2.885342
25 79 1 1 0 0 2.755739
26 31 1 1 0 0 1.213425
26 32 1 1 0 0 1.572768
26 35 1 1 0 0 0.399625
26 37 1 1 0 0 0.988433
26 63 1 1 0 0 2.193468
26 69 1 1 0 0 2.723692
26 70 1 1 0 0 2.243769
26 74 1 1 0 0 2.666608
26 77 1 1 0 0 2.807775
27 36 1 1 0 0 2.949661
27 38 1 1 0 0 2.629373
27 47 1 1 0 0 1.883667
27 48 1 1 0 0 1.101363
27 50 1 1 0 0 1.077868
27 55 1 1 0 0 2.684120
27 57 1 1 0 0 1.778004
27 68 1 1 0 0 2.070676
27 71 1 1 0 0 2.468400
27 72 1 1 0 0 2.848614
28 30 1 1 0 0 1.370584
28 34 1 1 0 0 0.596154
28 45 1 1 0 0 2.370084
28 46 1 1 0 0 2.792938
28 53 1 1 0 0 1.281601
28 54 1 1 0 0 1.246635
28 58 1 1 0 0 2.928498
28 64 1 1 0 0 1.935459
29 39 1 1 0 0 0.778974
29 52 1 1 0 0 2.607317
29 53 1 1 0 0 1.612762
29 76 1 1 0 0 2.522538
29 81 1 1 0 0 2.730165
30 34 1 1 0 0 1.929378
30 42 1 1 0 0 2.934825
30 45 1 1 0 0 1.203412
30 46 1 1 0 0 1.548419
30 51 1 1 0 0 2.222724
30 53 1 1 0 0 2.158240
30 54 1 1 0 0 1.585497
30 58 1 1 0 0 1.830956
30 60 1 1 0 0 2.951017
30 64 1 1 0 0 2.595092
30 65 1 1 0 0 2.393011
30 82 1 1 0 0 2.932183
30 83 1 1 0 0 2.957786
31 32 1 1 0 0 0.360555
31 35 1 1 0 0 1.419049
31 37 1 1 0 0 0.398246
31 63 1 1 0 0 2.884250
31 69 1 1 0 0 2.005916
31 70 1 1 0 0 2.452040
31 77 1 1 0 0 2.424046
32 35 1 1 0 0 1.775528
32 37 1 1 0 0 0.708378
32 69 1 1 0 0 1.925850
32 70 1 1 0 0 2.649094
32 77 1 1 0 0 2.451530
33 36 1 1 0 0 0.254951
33 38 1 1 0 0 0.704911
33 48 1 1 0 0 2.883210
33 49 1 1 0 0 0.857030
33 55 1 1 0 0 1.298075
33 56 1 1 0 0 1.097725
33 59 1 1 0 0 1.340821
33 66 1 1 0 0 1.763236
33 72 1 1 0 0 2.626195
33 73 1 1 0 0 2.199932
34 45 1 1 0 0 2.818315
34 53 1 1 0 0 0.975141
34 54 1 1 0 0 1.297266
34 64 1 1 0 0 1.652453
35 37 1 1 0 0 1.103676
35 40 1 1 0 0 2.831325
35 63 1 1 0 0 1.793878
35 67 1 1 0 0 2.621793
35 69 1 1 0 0 2.618167
35 70 1 1 0 0 1.901683
35 74 1 1 0 0 2.270352
35 77 1 1 0 0 2.592393
35 87 1 1 0 0 2.843449
36 38 1 1 0 0 0.452217
36 48 1 1 0 0 2.632052
36 49 1 1 0 0 0.701783
36 50 1 1 0 0 2.893596
36 55 1 1 0 0 1.077033
36 56 1 1 0 0 0.985089
36 59 1 1 0 0 1.177115
36 66 1 1 0 0 1.730780
36 72 1 1 0 0 2.404683
36 73 1 1 0 0 2.049219
36 84 1 1 0 0 2.964456
37 63 1 1 0 0 2.486544
37 69 1 1 0 0 1.878430
37 70 1 1 0 0 2.077619
37 74 1 1 0 0 2.828462
37 77 1 1 0 0 2.176649
37 90 1 1 0 0 2.850632
38 48 1 1 0 0 2.212193
38 49 1 1 0 0 0.544059
38 50 1 1 0 0 2.475035
38 55 1 1 0 0 0.686804
38 56 1 1 0 0 0.859826
38 59 1 1 0 0 0.915915
38 66 1 1 0 0 1.690118
38 72 1 1 0 0 1.991231
38 73 1 1 0 0 1.772287
38 84 1 1 0 0 2.563299
38 85 1 1 0 0 2.818102
38 98 1 1 0 0 2.944911
39 52 1 1 0 0 2.916248
39 53 1 1 0 0 0.834386
39 76 1 1 0 0 1.863867
39 81 1 1 0 0 2.357159
40 63 1 1 0 0 2.188333
40 67 1 1 0 0 1.550806
40 74 1 1 0 0 2.515492
41 43 1 1 0 0 0.310483
41 52 1 1 0 0 1.334616
41 61 1 1 0 0 1.300961
41 80 1 1 0 0 2.514677
41 101 1 1 0 0 2.939813
42 45 1 1 0 0 2.035534
42 46 1 1 0 0 1.588081
42 51 1 1 0 0 0.901388
42 58 1 1 0 0 1.786393
42 60 1 1 0 0 0.967729
42 65 1 1 0 0 1.710585
42 82 1 1 0 0 2.739142
42 83 1 1 0 0 2.740529
42 93 1 1 0 0 2.540964
43 52 1 1 0 0 1.025280
43 61 1 1 0 0 1.065505
43 80 1 1 0 0 2.269273
43 89 1 1 0 0 2.982164
44 47 1 1 0 0 2.340769
44 62 1 1 0 0 1.223315
44 75 1 1 0 0 1.605802
44 78 1 1 0 0 2.760163
44 79 1 1 0 0 2.186527
44 86 1 1 0 0 2.532390
44 88 1 1 0 0 2.383799
44 91 1 1 0 0 2.430411
44 95 1 1 0 0 2.795890
44 97 1 1 0 0 2.626119
44 100 1 1 0 0 2.694680
45 46 1 1 0 0 0.450111
45 51 1 1 0 0 1.176138
45 53 1 1 0 0 2.643823
45 54 1 1 0 0 1.900737
45 58 1 1 0 0 0.630079
45 60 1 1 0 0 1.808342
45 64 1 1 0 0 2.805726
45 65 1 1 0 0 1.192015
45 82 1 1 0 0 1.878643
45 83 1 1 0 0 1.900553
46 51 1 1 0 0 0.728354
46 54 1 1 0 0 2.345592
46 58 1 1 0 0 0.506360
46 60 1 1 0 0 1.404600
46 65 1 1 0 0 0.978008
46 82 1 1 0 0 1.879495
46 83 1 1 0 0 1.896549
46 93 1 1 0 0 2.896015
47 48 1 1 0 0 1.980101
47 50 1 1 0 0 1.721046
47 75 1 1 0 0 2.157452
47 78 1 1 0 0 1.626930
47 92 1 1 0 0 2.367129
47 95 1 1 0 0 2.620878
48 49 1 1 0 0 2.490020
48 50 1 1 0 0 0.263059
48 55 1 1 0 0 1.993314
48 56 1 1 0 0 2.655880
48 57 1 1 0 0 1.598405
48 59 1 1 0 0 2.386734
48 68 1 1 0 0 1.192015
48 71 1 1 0 0 1.796107
48 72 1 1 0 0 1.797443
48 73 1 1 0 0 2.627394
48 84 1 1 0 0 2.176810
48 85 1 1 0 0 2.148883
48 94 1 1 0 0 2.597306
49 50 1 1 0 0 2.750164
49 55 1 1 0 0 0.555428
49 56 1 1 0 0 0.317648
49 59 1 1 0 0 0.483839
49 66 1 1 0 0 1.146342
49 69 1 1 0 0 1.464138
49 72 1 1 0 0 1.824555
49 73 1 1 0 0 1.349741
49 84 1 1 0 0 2.350000
49 85 1 1 0 0 2.644409
49 90 1 1 0 0 2.915562
49 98 1 1 0 0 2.547567
50 55 1 1 0 0 2.248044
50 56 1 1 0 0 2.910756
50 57 1 1 0 0 1.335552
50 59 1 1 0 0 2.635318
50 68 1 1 0 0 1.046757
50 71 1 1 0 0 1.592985
50 72 1 1 0 0 1.956732
50 73 1 1 0 0 2.835560
50 84 1 1 0 0 2.284316
50 85 1 1 0 0 2.218400
50 94 1 1 0 0 2.466577
51 58 1 1 0 0 0.890000
51 60 1 1 0 0 0.784092
51 65 1 1 0 0 0.944140
51 82 1 1 0 0 2.010622
51 83 1 1 0 0 2.018366
51 93 1 1 0 0 2.453120
52 61 1 1 0 0 0.720069
52 80 1 1 0 0 1.538051
52 81 1 1 0 0 2.333088
52 89 1 1 0 0 2.130094
52 99 1 1 0 0 2.415699
53 54 1 1 0 0 0.750067
53 64 1 1 0 0 0.680074
53 81 1 1 0 0 2.252199
54 58 1 1 0 0 2.261725
54 64 1 1 0 0 1.013163
54 65 1 1 0 0 2.684939
54 82 1 1 0 0 2.602249
54 83 1 1 0 0 2.630304
55 56 1 1 0 0 0.662722
55 59 1 1 0 0 0.432666
55 66 1 1 0 0 1.396710
55 68 1 1 0 0 2.701185
55 69 1 1 0 0 1.736663
55 72 1 1 0 0 1.328796
55 73 1 1 0 0 1.144771
55 77 1 1 0 0 2.539941
55 84 1 1 0 0 1.888280
55 85 1 1 0 0 2.157962
55 98 1 1 0 0 2.280088
56 59 1 1 0 0 0.349857
56 66 1 1 0 0 0.835464
56 69 1 1 0 0 1.161034
56 72 1 1 0 0 1.754223
56 73 1 1 0 0 1.116647
56 84 1 1 0 0 2.234636
56 85 1 1 0 0 2.548097
56 90 1 1 0 0 2.605993
56 98 1 1 0 0 2.310411
57 68 1 1 0 0 1.214002
57 71 1 1 0 0 1.027862
57 72 1 1 0 0 2.970606
57 85 1 1 0 0 2.890156
57 94 1 1 0 0 2.146462
58 60 1 1 0 0 1.300500
58 65 1 1 0 0 0.562228
58 82 1 1 0 0 1.373208
58 83 1 1 0 0 1.390432
58 93 1 1 0 0 2.554858
59 66 1 1 0 0 0.966023
59 68 1 1 0 0 2.992858
59 69 1 1 0 0 1.305986
59 72 1 1 0 0 1.406023
59 73 1 1 0 0 0.873670
59 77 1 1 0 0 2.107724
59 84 1 1 0 0 1.898420
59 85 1 1 0 0 2.206354
59 90 1 1 0 0 2.694290
59 98 1 1 0 0 2.068139
60 65 1 1 0 0 0.953415
60 82 1 1 0 0 1.854131
60 83 1 1 0 0 1.850676
60 93 1 1 0 0 1.710263
61 80 1 1 0 0 1.213796
61 81 1 1 0 0 2.405535
61 89 1 1 0 0 1.954891
61 99 1 1 0 0 2.052925
62 75 1 1 0 0 1.667843
62 79 1 1 0 0 0.984886
62 86 1 1 0 0 1.351481
62 88 1 1 0 0 1.279062
62 91 1 1 0 0 1.510828
62 95 1 1 0 0 2.710074
62 97 1 1 0 0 1.761477
62 100 1 1 0 0 2.312488
62 101 1 1 0 0 2.276225
63 67 1 1 0 0 1.067052
63 69 1 1 0 0 2.850123
63 70 1 1 0 0 1.062826
63 74 1 1 0 0 0.540093
63 77 1 1 0 0 2.305320
63 87 1 1 0 0 1.210620
63 90 1 1 0 0 2.408651
63 96 1 1 0 0 1.682379
63 102 1 1 0 0 2.588049
64 82 1 1 0 0 2.966277
64 83 1 1 0 0 2.991521
65 82 1 1 0 0 1.066771
65 83 1 1 0 0 1.074244
65 93 1 1 0 0 1.994492
66 69 1 1 0 0 0.340000
66 70 1 1 0 0 2.158240
66 72 1 1 0 0 2.022004
66 73 1 1 0 0 1.033683
66 77 1 1 0 0 1.145469
66 84 1 1 0 0 2.335551
66 85 1 1 0 0 2.676490
66 90 1 1 0 0 1.770537
66 98 1 1 0 0 2.000000
66 102 1 1 0 0 2.172004
67 70 1 1 0 0 2.057037
67 74 1 1 0 0 1.116288
67 87 1 1 0 0 1.576135
67 96 1 1 0 0 1.506320
68 71 1 1 0 0 0.705762
68 72 1 1 0 0 1.842960
68 73 1 1 0 0 2.876752
68 84 1 1 0 0 1.887326
68 85 1 1 0 0 1.676305
68 94 1 1 0 0 1.419894
68 98 1 1 0 0 2.991722
69 70 1 1 0 0 1.843909
69 72 1 1 0 0 2.293665
69 73 1 1 0 0 1.269055
69 74 1 1 0 0 2.845857
69 77 1 1 0 0 0.808022
69 84 1 1 0 0 2.555152
69 85 1 1 0 0 2.896757
69 87 1 1 0 0 2.846753
69 90 1 1 0 0 1.456022
69 98 1 1 0 0 2.079327
69 102 1 1 0 0 1.869866
70 74 1 1 0 0 1.006231
70 77 1 1 0 0 1.243262
70 87 1 1 0 0 1.187939
70 90 1 1 0 0 1.415344
70 96 1 1 0 0 1.961632
70 102 1 1 0 0 1.684399
71 72 1 1 0 0 2.480323
71 84 1 1 0 0 2.418202
71 85 1 1 0 0 2.147859
71 94 1 1 0 0 1.121784
72 73 1 1 0 0 1.040192
72 84 1 1 0 0 0.586941
72 85 1 1 0 0 0.829277
72 94 1 1 0 0 2.496237
72 98 1 1 0 0 1.422849
73 84 1 1 0 0 1.301883
73 85 1 1 0 0 1.642833
73 98 1 1 0 0 1.198541
74 77 1 1 0 0 2.187419
74 87 1 1 0 0 0.676831
74 90 1 1 0 0 2.131220
74 96 1 1 0 0 1.185116
74 102 1 1 0 0 2.233226
74 131 1 1 0 0 2.960676
75 78 1 1 0 0 1.517531
75 79 1 1 0 0 2.057790
75 86 1 1 0 0 2.214498
75 88 1 1 0 0 1.901920
75 91 1 1 0 0 1.589371
75 92 1 1 0 0 1.502431
75 95 1 1 0 0 1.193650
75 97 1 1 0 0 1.633799
75 100 1 1 0 0 1.171537
76 80 1 1 0 0 2.648339
76 81 1 1 0 0 1.231666
76 89 1 1 0 0 2.044016
76 99 1 1 0 0 2.601327
77 87 1 1 0 0 2.085977
77 90 1 1 0 0 0.717844
77 96 1 1 0 0 2.849298
77 102 1 1 0 0 1.154340
78 91 1 1 0 0 2.888771
78 92 1 1 0 0 0.769675
78 95 1 1 0 0 1.182582
78 97 1 1 0 0 2.827083
78 100 1 1 0 0 1.821318
79 86 1 1 0 0 0.378550
79 88 1 1 0 0 0.477074
79 91 1 1 0 0 0.964261
79 95 1 1 0 0 2.763711
79 97 1 1 0 0 1.216224
79 100 1 1 0 0 2.174948
79 101 1 1 0 0 1.303840
79 135 1 1 0 0 2.831148
80 81 1 1 0 0 1.430140
80 86 1 1 0 0 2.988277
80 89 1 1 0 0 0.774145
80 99 1 1 0 0 0.879318
81 89 1 1 0 0 0.827647
81 99 1 1 0 0 1.428741
82 83 1 1 0 0 0.028284
82 93 1 1 0 0 1.989171
82 118 1 1 0 0 1.961046
82 125 1 1 0 0 2.233943
82 143 1 1 0 0 2.770162
83 93 1 1 0 0 1.964688
83 118 1 1 0 0 1.933830
83 125 1 1 0 0 2.207918
83 143 1 1 0 0 2.744923
84 85 1 1 0 0 0.341760
84 94 1 1 0 0 2.175891
84 98 1 1 0 0 1.109414
85 94 1 1 0 0 1.837634
85 98 1 1 0 0 1.337012
86 88 1 1 0 0 0.341321
86 91 1 1 0 0 0.850706
86 95 1 1 0 0 2.766225
86 97 1 1 0 0 1.060047
86 100 1 1 0 0 2.127087
86 101 1 1 0 0 0.990202
86 124 1 1 0 0 2.400708
86 129 1 1 0 0 2.645525
86 135 1 1 0 0 2.543325
86 136 1 1 0 0 2.841162
87 90 1 1 0 0 1.811077
87 96 1 1 0 0 0.788923
87 102 1 1 0 0 1.790754
88 91 1 1 0 0 0.523259
88 92 1 1 0 0 2.971397
88 95 1 1 0 0 2.425387
88 97 1 1 0 0 0.756042
88 100 1 1 0 0 1.791201
88 101 1 1 0 0 1.261269
88 135 1 1 0 0 2.358686
89 99 1 1 0 0 0.630317
90 96 1 1 0 0 2.488051
90 102 1 1 0 0 0.436807
91 92 1 1 0 0 2.490181
91 95 1 1 0 0 1.933727
91 97 1 1 0 0 0.264197
91 100 1 1 0 0 1.278828
91 101 1 1 0 0 1.628066
91 123 1 1 0 0 2.093466
91 133 1 1 0 0 2.342669
91 149 1 1 0 0 2.575966
91 160 1 1 0 0 2.925884
92 95 1 1 0 0 0.567186
92 97 1 1 0 0 2.368459
92 100 1 1 0 0 1.263012
95 97 1 1 0 0 1.803358
95 100 1 1 0 0 0.696348
96 102 1 1 0 0 2.370232
96 131 1 1 0 0 1.775641
96 137 1 1 0 0 1.790028
97 100 1 1 0 0 1.120714
97 101 1 1 0 0 1.724181
99 105 1 1 0 0 1.814635
100 101 1 1 0 0 2.841127
103 106 1 1 0 0 1.154340
103 123 1 1 0 0 2.860000
103 124 1 1 0 0 1.270157
103 128 1 1 0 0 2.030394
103 129 1 1 0 0 1.262894
103 132 1 1 0 0 2.404163
103 135 1 1 0 0 1.660181
103 136 1 1 0 0 1.531829
103 150 1 1 0 0 2.379181
103 164 1 1 0 0 2.941241
104 118 1 1 0 0 1.370036
104 119 1 1 0 0 2.248777
104 125 1 1 0 0 1.535252
104 143 1 1 0 0 2.015564
104 146 1 1 0 0 2.359873
104 153 1 1 0 0 2.833020
104 154 1 1 0 0 2.438463
104 165 1 1 0 0 2.802320
104 168 1 1 0 0 2.874804
105 107 1 1 0 0 2.581240
105 111 1 1 0 0 1.047521
105 120 1 1 0 0 1.695936
105 127 1 1 0 0 2.293404
105 145 1 1 0 0 2.432488
105 156 1 1 0 0 2.250622
105 163 1 1 0 0 2.482438
106 124 1 1 0 0 1.946998
106 128 1 1 0 0 1.234909
106 129 1 1 0 0 1.758238
106 132 1 1 0 0 1.538343
106 135 1 1 0 0 2.318124
106 136 1 1 0 0 1.952434
106 150 1 1 0 0 2.031994
106 164 1 1 0 0 2.455076
107 111 1 1 0 0 1.626069
107 120 1 1 0 0 1.311869
107 121 1 1 0 0 1.379058
107 127 1 1 0 0 1.213136
107 134 1 1 0 0 1.466970
107 141 1 1 0 0 1.627821
107 145 1 1 0 0 1.865315
107 157 1 1 0 0 2.208438
107 167 1 1 0 0 2.667602
107 171 1 1 0 0 2.974307
108 109 1 1 0 0 1.241974
108 110 1 1 0 0 1.032376
108 112 1 1 0 0 1.905912
108 115 1 1 0 0 1.300807
108 117 1 1 0 0 1.010742
108 122 1 1 0 0 1.106345
108 126 1 1 0 0 1.794129
108 130 1 1 0 0 1.381919
108 131 1 1 0 0 2.531600
108 137 1 1 0 0 1.948050
108 142 1 1 0 0 1.379311
108 144 1 1 0 0 1.505722
108 151 1 1 0 0 2.247154
108 155 1 1 0 0 1.955633
108 158 1 1 0 0 2.027634
109 110 1 1 0 0 0.210000
109 115 1 1 0 0 2.506831
109 117 1 1 0 0 0.517397
109 122 1 1 0 0 0.763217
109 126 1 1 0 0 2.925884
109 130 1 1 0 0 2.429815
109 131 1 1 0 0 1.426359
109 137 1 1 0 0 1.152476
109 142 1 1 0 0 1.910497
109 144 1 1 0 0 2.167787
109 155 1 1 0 0 2.014448
109 158 1 1 0 0 2.046363
110 112 1 1 0 0 2.931092
110 115 1 1 0 0 2.298369
110 117 1 1 0 0 0.411096
110 122 1 1 0 0 0.677200
110 126 1 1 0 0 2.724059
110 130 1 1 0 0 2.233943
110 131 1 1 0 0 1.592608
110 137 1 1 0 0 1.225765
110 142 1 1 0 0 1.762413
110 144 1 1 0 0 2.009428
110 151 1 1 0 0 2.918099
110 155 1 1 0 0 1.938479
110 158 1 1 0 0 1.978004
111 120 1 1 0 0 0.673573
111 121 1 1 0 0 2.732270
111 127 1 1 0 0 1.270039
111 134 1 1 0 0 2.465461
111 141 1 1 0 0 2.399854
111 145 1 1 0 0 1.543535
111 156 1 1 0 0 2.290196
111 157 1 1 0 0 2.190091
111 163 1 1 0 0 2.159352
112 115 1 1 0 0 0.683081
112 117 1 1 0 0 2.817108
112 122 1 1 0 0 2.798660
112 126 1 1 0 0 0.769675
112 130 1 1 0 0 1.147693
112 142 1 1 0 0 2.125088
112 144 1 1 0 0 1.948256
112 151 1 1 0 0 1.796719
112 155 1 1 0 0 2.912044
112 158 1 1 0 0 2.996131
113 114 1 1 0 0 0.790063
113 116 1 1 0 0 0.892749
113 138 1 1 0 0 0.880738
113 139 1 1 0 0 1.078378
113 140 1 1 0 0 1.062309
113 148 1 1 0 0 1.726789
113 152 1 1 0 0 1.932175
113 159 1 1 0 0 1.816177
113 161 1 1 0 0 1.964739
113 162 1 1 0 0 1.880479
113 166 1 1 0 0 2.077619
113 174 1 1 0 0 2.840739
114 116 1 1 0 0 1.681071
114 138 1 1 0 0 1.040433
114 139 1 1 0 0 1.523056
114 140 1 1 0 0 1.149478
114 148 1 1 0 0 1.255388
114 152 1 1 0 0 2.488232
114 159 1 1 0 0 2.231435
114 161 1 1 0 0 1.780112
114 162 1 1 0 0 1.821648
114 166 1 1 0 0 2.438053
114 174 1 1 0 0 2.764634
115 117 1 1 0 0 2.152324
115 122 1 1 0 0 2.120778
115 126 1 1 0 0 0.590762
115 130 1 1 0 0 0.588727
115 137 1 1 0 0 2.917602
115 142 1 1 0 0 1.486001
115 144 1 1 0 0 1.350000
115 151 1 1 0 0 1.480540
115 155 1 1 0 0 2.278464
115 158 1 1 0 0 2.363260
116 138 1 1 0 0 1.338096
116 139 1 1 0 0 1.092749
116 140 1 1 0 0 1.498032
116 148 1 1 0 0 2.423964
116 152 1 1 0 0 1.488523
116 159 1 1 0 0 1.622375
116 161 1 1 0 0 2.418347
116 162 1 1 0 0 2.233294
116 166 1 1 0 0 1.913870
117 122 1 1 0 0 0.266833
117 126 1 1 0 0 2.510478
117 130 1 1 0 0 1.991507
117 131 1 1 0 0 1.525057
117 137 1 1 0 0 0.970000
117 142 1 1 0 0 1.397033
117 144 1 1 0 0 1.660120
117 151 1 1 0 0 2.588532
117 155 1 1 0 0 1.527383
117 158 1 1 0 0 1.567323
118 119 1 1 0 0 1.000000
118 125 1 1 0 0 0.379473
118 143 1 1 0 0 0.924392
118 146 1 1 0 0 2.767020
118 153 1 1 0 0 1.543049
118 154 1 1 0 0 2.477357
118 165 1 1 0 0 2.786252
118 168 1 1 0 0 2.736732
118 173 1 1 0 0 2.808558
118 176 1 1 0 0 2.800607
119 125 1 1 0 0 1.176435
119 143 1 1 0 0 1.426359
119 153 1 1 0 0 1.428636
119 176 1 1 0 0 2.789875
120 121 1 1 0 0 2.164532
120 127 1 1 0 0 0.599083
120 134 1 1 0 0 1.827840
120 141 1 1 0 0 1.736663
120 145 1 1 0 0 0.945939
120 156 1 1 0 0 2.334031
120 157 1 1 0 0 1.562626
120 163 1 1 0 0 1.969188
120 167 1 1 0 0 2.595092
120 171 1 1 0 0 2.425387
120 181 1 1 0 0 2.932934
121 127 1 1 0 0 1.670838
121 134 1 1 0 0 0.622415
121 141 1 1 0 0 0.948472
121 145 1 1 0 0 2.090933
121 157 1 1 0 0 2.001250
121 167 1 1 0 0 1.720029
121 171 1 1 0 0 2.433701
121 172 1 1 0 0 2.230269
122 126 1 1 0 0 2.423489
122 130 1 1 0 0 1.889577
122 131 1 1 0 0 1.514265
122 137 1 1 0 0 0.845991
122 142 1 1 0 0 1.192686
122 144 1 1 0 0 1.468605
122 151 1 1 0 0 2.406512
122 155 1 1 0 0 1.261943
122 158 1 1 0 0 1.300807
123 124 1 1 0 0 2.171474
123 129 1 1 0 0 2.464569
123 135 1 1 0 0 1.992636
123 136 1 1 0 0 2.485739
123 149 1 1 0 0 0.841546
123 160 1 1 0 0 1.471394
123 180 1 1 0 0 2.659116
124 128 1 1 0 0 2.071183
124 129 1 1 0 0 0.298329
124 132 1 1 0 0 2.421921
124 133 1 1 0 0 2.184353
124 135 1 1 0 0 0.396611
124 136 1 1 0 0 0.440454
124 149 1 1 0 0 2.009602
124 150 1 1 0 0 1.800944
124 160 1 1 0 0 1.939820
124 164 1 1 0 0 2.388179
125 143 1 1 0 0 0.560803
125 146 1 1 0 0 2.541889
125 153 1 1 0 0 1.298075
125 154 1 1 0 0 2.184422
125 165 1 1 0 0 2.474187
125 168 1 1 0 0 2.405847
125 173 1 1 0 0 2.433105
125 176 1 1 0 0 2.476812
125 178 1 1 0 0 2.661015
126 130 1 1 0 0 0.543323
126 142 1 1 0 0 1.512217
126 144 1 1 0 0 1.283628
126 151 1 1 0 0 1.031601
126 155 1 1 0 0 2.263537
126 158 1 1 0 0 2.344781
127 134 1 1 0 0 1.257179
127 141 1 1 0 0 1.140395
127 145 1 1 0 0 0.653070
127 156 1 1 0 0 2.595381
127 157 1 1 0 0 1.107655
127 163 1 1 0 0 2.060146
127 167 1 1 0 0 2.011368
127 171 1 1 0 0 1.957805
127 172 1 1 0 0 2.814605
128 129 1 1 0 0 1.780000
128 132 1 1 0 0 0.380132
128 135 1 1 0 0 2.304713
128 136 1 1 0 0 1.810249
128 150 1 1 0 0 1.032473
128 164 1 1 0 0 1.283900
129 132 1 1 0 0 2.126805
129 133 1 1 0 0 2.466577
129 135 1 1 0 0 0.572451
129 136 1 1 0 0 0.270185
129 149 1 1 0 0 2.262410
129 150 1 1 0 0 1.520526
129 160 1 1 0 0 2.133003
129 164 1 1 0 0 2.112061
130 137 1 1 0 0 2.604035
130 142 1 1 0 0 0.992975
130 144 1 1 0 0 0.800562
130 151 1 1 0 0 0.963016
130 155 1 1 0 0 1.769633
130 158 1 1 0 0 1.853106
131 137 1 1 0 0 0.802808
131 142 1 1 0 0 2.518829
131 144 1 1 0 0 2.806314
131 155 1 1 0 0 2.120024
131 158 1 1 0 0 2.093538
131 182 1 1 0 0 2.702536
132 135 1 1 0 0 2.631539
132 136 1 1 0 0 2.132346
132 150 1 1 0 0 1.130708
132 164 1 1 0 0 1.194027
132 175 1 1 0 0 2.255504
133 135 1 1 0 0 1.951640
133 136 1 1 0 0 2.451653
133 149 1 1 0 0 0.543783
133 160 1 1 0 0 1.187139
133 180 1 1 0 0 2.330408
134 141 1 1 0 0 0.326497
134 145 1 1 0 0 1.545639
134 157 1 1 0 0 1.384052
134 167 1 1 0 0 1.244869
134 171 1 1 0 0 1.833712
134 172 1 1 0 0 1.905387
134 181 1 1 0 0 2.608237
135 136 1 1 0 0 0.500100
135 149 1 1 0 0 1.702939
135 150 1 1 0 0 1.856583
135 160 1 1 0 0 1.564736
135 164 1 1 0 0 2.415885
136 149 1 1 0 0 2.191461
136 150 1 1 0 0 1.390899
136 160 1 1 0 0 1.990100
136 164 1 1 0 0 1.968807
137 142 1 1 0 0 1.720523
137 144 1 1 0 0 2.006913
137 151 1 1 0 0 2.915682
137 155 1 1 0 0 1.345288
137 158 1 1 0 0 1.330038
137 182 1 1 0 0 2.553507
137 184 1 1 0 0 2.681529
138 139 1 1 0 0 0.563205
138 140 1 1 0 0 0.183848
138 148 1 1 0 0 1.123610
138 152 1 1 0 0 1.525057
138 159 1 1 0 0 1.202830
138 161 1 1 0 0 1.117721
138 162 1 1 0 0 1.002447
138 166 1 1 0 0 1.398070
138 174 1 1 0 0 1.960026
138 179 1 1 0 0 2.503058
139 140 1 1 0 0 0.610082
139 148 1 1 0 0 1.626930
139 151 1 1 0 0 1.974361
139 152 1 1 0 0 0.974166
139 159 1 1 0 0 0.742428
139 161 1 1 0 0 1.392300
139 162 1 1 0 0 1.167776
139 166 1 1 0 0 0.999300
139 174 1 1 0 0 2.005717
139 179 1 1 0 0 2.685759
140 148 1 1 0 0 1.019657
140 151 1 1 0 0 2.567197
140 152 1 1 0 0 1.524336
140 159 1 1 0 0 1.151086
140 161 1 1 0 0 0.938136
140 162 1 1 0 0 0.819085
140 166 1 1 0 0 1.315295
140 174 1 1 0 0 1.778904
140 179 1 1 0 0 2.320711
141 145 1 1 0 0 1.302459
141 157 1 1 0 0 1.067801
141 163 1 1 0 0 2.729853
141 167 1 1 0 0 1.040433
141 171 1 1 0 0 1.519243
141 172 1 1 0 0 1.778679
141 181 1 1 0 0 2.289738
142 144 1 1 0 0 0.288617
142 151 1 1 0 0 1.223846
142 152 1 1 0 0 2.261526
142 155 1 1 0 0 0.792465
142 158 1 1 0 0 0.877268
142 159 1 1 0 0 2.772526
142 166 1 1 0 0 2.880851
142 183 1 1 0 0 2.382541
142 184 1 1 0 0 2.782373
143 146 1 1 0 0 2.491285
143 153 1 1 0 0 0.893588
143 154 1 1 0 0 2.003397
143 165 1 1 0 0 2.233943
143 168 1 1 0 0 2.115892
143 173 1 1 0 0 1.970406
143 176 1 1 0 0 1.932175
143 178 1 1 0 0 2.165294
143 185 1 1 0 0 2.589846
144 151 1 1 0 0 0.939415
144 152 1 1 0 0 1.973069
144 155 1 1 0 0 0.980051
144 158 1 1 0 0 1.061744
144 159 1 1 0 0 2.483948
144 166 1 1 0 0 2.593260
144 183 1 1 0 0 2.342691
144 184 1 1 0 0 2.865048
145 156 1 1 0 0 2.136937
145 157 1 1 0 0 0.654370
145 163 1 1 0 0 1.494824
145 167 1 1 0 0 1.858090
145 171 1 1 0 0 1.498833
145 172 1 1 0 0 2.657536
145 181 1 1 0 0 1.989799
146 147 1 1 0 0 1.190042
146 154 1 1 0 0 0.692026
146 165 1 1 0 0 0.868332
146 168 1 1 0 0 1.101136
146 169 1 1 0 0 1.094166
146 170 1 1 0 0 1.676007
146 173 1 1 0 0 2.026327
146 177 1 1 0 0 1.792010
146 178 1 1 0 0 2.347296
147 154 1 1 0 0 1.787652
147 165 1 1 0 0 1.776119
147 168 1 1 0 0 2.021410
147 169 1 1 0 0 1.123299
147 170 1 1 0 0 1.064707
147 173 1 1 0 0 2.946354
147 177 1 1 0 0 1.981338
148 152 1 1 0 0 2.476308
148 159 1 1 0 0 2.025265
148 161 1 1 0 0 0.772010
148 162 1 1 0 0 0.993579
148 166 1 1 0 0 2.089234
148 174 1 1 0 0 1.723253
148 175 1 1 0 0 2.272994
148 179 1 1 0 0 1.876006
148 189 1 1 0 0 2.986001
149 160 1 1 0 0 0.644050
149 180 1 1 0 0 1.928652
150 164 1 1 0 0 0.594643
150 186 1 1 0 0 2.336835
150 188 1 1 0 0 2.768267
150 194 1 1 0 0 2.864716
151 152 1 1 0 0 1.080046
151 155 1 1 0 0 1.711432
151 158 1 1 0 0 1.774768
151 159 1 1 0 0 1.578132
151 162 1 1 0 0 2.785139
151 166 1 1 0 0 1.662077
151 183 1 1 0 0 2.277213
151 193 1 1 0 0 2.752308
152 155 1 1 0 0 2.790645
152 158 1 1 0 0 2.852525
152 159 1 1 0 0 0.512445
152 161 1 1 0 0 2.006913
152 162 1 1 0 0 1.713038
152 166 1 1 0 0 0.681175
152 174 1 1 0 0 2.194015
153 154 1 1 0 0 2.700167
153 165 1 1 0 0 2.854085
153 168 1 1 0 0 2.680914
153 173 1 1 0 0 2.219234
153 176 1 1 0 0 1.367187
153 178 1 1 0 0 2.289541
153 185 1 1 0 0 2.145600
154 165 1 1 0 0 0.364005
154 168 1 1 0 0 0.494975
154 169 1 1 0 0 1.225765
154 170 1 1 0 0 1.951435
154 172 1 1 0 0 2.629449
154 173 1 1 0 0 1.354289
154 176 1 1 0 0 2.884874
154 177 1 1 0 0 1.584740
154 178 1 1 0 0 1.683597
155 158 1 1 0 0 0.084853
155 182 1 1 0 0 2.419793
155 183 1 1 0 0 1.899079
155 184 1 1 0 0 2.050561
155 187 1 1 0 0 2.514617
156 157 1 1 0 0 2.490080
156 163 1 1 0 0 0.803617
156 171 1 1 0 0 2.910842
156 181 1 1 0 0 2.785678
157 163 1 1 0 0 1.732772
157 167 1 1 0 0 1.274402
157 171 1 1 0 0 0.863771
157 172 1 1 0 0 2.048243
157 181 1 1 0 0 1.465776
158 182 1 1 0 0 2.334995
158 183 1 1 0 0 1.857229
158 184 1 1 0 0 1.973626
158 187 1 1 0 0 2.436329
159 161 1 1 0 0 1.504028
159 162 1 1 0 0 1.207021
159 166 1 1 0 0 0.291548
159 174 1 1 0 0 1.711870
159 179 1 1 0 0 2.510319
159 190 1 1 0 0 2.882933
159 191 1 1 0 0 2.973785
160 180 1 1 0 0 1.608633
160 188 1 1 0 0 2.842534
161 162 1 1 0 0 0.300666
161 166 1 1 0 0 1.480979
161 174 1 1 0 0 0.996393
161 175 1 1 0 0 2.250622
161 179 1 1 0 0 1.390899
161 189 1 1 0 0 2.637613
161 190 1 1 0 0 2.370190
161 191 1 1 0 0 2.440184
161 192 1 1 0 0 2.577693
162 166 1 1 0 0 1.180889
162 174 1 1 0 0 0.967471
162 175 1 1 0 0 2.510159
162 179 1 1 0 0 1.530033
162 189 1 1 0 0 2.800321
162 190 1 1 0 0 2.365460
162 191 1 1 0 0 2.442396
162 192 1 1 0 0 2.664301
163 167 1 1 0 0 2.936154
163 171 1 1 0 0 2.107226
163 181 1 1 0 0 2.022523
164 186 1 1 0 0 2.050561
164 188 1 1 0 0 2.667452
164 194 1 1 0 0 2.454588
165 168 1 1 0 0 0.250000
165 169 1 1 0 0 0.996393
165 170 1 1 0 0 1.737872
165 172 1 1 0 0 2.397019
165 173 1 1 0 0 1.193315
165 176 1 1 0 0 2.866391
165 177 1 1 0 0 1.228861
165 178 1 1 0 0 1.499133
165 185 1 1 0 0 2.950424
166 174 1 1 0 0 1.517926
166 179 1 1 0 0 2.339081
166 190 1 1 0 0 2.621011
166 191 1 1 0 0 2.712490
167 171 1 1 0 0 0.998098
167 172 1 1 0 0 0.809197
167 177 1 1 0 0 2.401041
167 181 1 1 0 0 1.708567
168 169 1 1 0 0 1.180381
168 170 1 1 0 0 1.916690
168 172 1 1 0 0 2.557381
168 173 1 1 0 0 0.943663
168 176 1 1 0 0 2.627870
168 177 1 1 0 0 1.244829
168 178 1 1 0 0 1.252557
168 185 1 1 0 0 2.700463
169 170 1 1 0 0 0.741485
169 172 1 1 0 0 1.407302
169 173 1 1 0 0 1.986555
169 177 1 1 0 0 0.875957
169 178 1 1 0 0 2.216529
169 207 1 1 0 0 2.905065
170 171 1 1 0 0 2.141331
170 172 1 1 0 0 0.684763
170 173 1 1 0 0 2.668220
170 177 1 1 0 0 1.228861
170 178 1 1 0 0 2.862726
170 181 1 1 0 0 2.703794
170 200 1 1 0 0 2.612317
170 207 1 1 0 0 2.754269
171 172 1 1 0 0 1.533949
171 181 1 1 0 0 0.779359
172 177 1 1 0 0 1.651969
172 181 1 1 0 0 2.033027
173 176 1 1 0 0 1.784881
173 177 1 1 0 0 1.639177
173 178 1 1 0 0 0.336155
173 185 1 1 0 0 1.761193
174 175 1 1 0 0 2.161874
174 179 1 1 0 0 0.834865
174 189 1 1 0 0 2.046118
174 190 1 1 0 0 1.398070
174 191 1 1 0 0 1.475025
174 192 1 1 0 0 1.758664
175 179 1 1 0 0 1.381774
175 189 1 1 0 0 1.230650
175 190 1 1 0 0 2.393763
175 191 1 1 0 0 2.383149
175 192 1 1 0 0 1.842878
176 178 1 1 0 0 1.641950
176 185 1 1 0 0 0.798499
177 178 1 1 0 0 1.751028
177 207 1 1 0 0 2.166679
178 185 1 1 0 0 1.493720
179 189 1 1 0 0 1.274049
179 190 1 1 0 0 1.289961
179 191 1 1 0 0 1.323820
179 192 1 1 0 0 1.220533
180 188 1 1 0 0 2.824128
181 209 1 1 0 0 2.368649
182 183 1 1 0 0 2.121155
182 184 1 1 0 0 0.942019
182 187 1 1 0 0 0.874586
183 184 1 1 0 0 1.192686
183 187 1 1 0 0 1.517893
183 193 1 1 0 0 1.714322
183 215 1 1 0 0 2.466577
184 187 1 1 0 0 0.471699
184 193 1 1 0 0 2.792597
184 198 1 1 0 0 2.730586
186 188 1 1 0 0 0.963379
186 194 1 1 0 0 0.778332
187 193 1 1 0 0 2.960760
188 194 1 1 0 0 1.564385
189 190 1 1 0 0 1.510761
189 191 1 1 0 0 1.461540
189 192 1 1 0 0 0.750267
190 191 1 1 0 0 0.092195
190 192 1 1 0 0 0.805047
190 228 1 1 0 0 2.340534
190 233 1 1 0 0 2.236605
190 241 1 1 0 0 2.305862
190 244 1 1 0 0 2.721213
190 250 1 1 0 0 2.861748
191 192 1 1 0 0 0.740270
191 228 1 1 0 0 2.335551
191 233 1 1 0 0 2.210543
191 241 1 1 0 0 2.244393
191 244 1 1 0 0 2.677779
191 250 1 1 0 0 2.794584
193 196 1 1 0 0 1.148564
193 197 1 1 0 0 2.079639
195 209 1 1 0 0 0.822982
195 211 1 1 0 0 0.917878
195 212 1 1 0 0 2.124265
195 214 1 1 0 0 2.659323
195 217 1 1 0 0 1.655597
195 234 1 1 0 0 2.583738
195 239 1 1 0 0 2.209276
195 246 1 1 0 0 2.650019
196 197 1 1 0 0 0.931933
196 198 1 1 0 0 1.011781
196 206 1 1 0 0 2.117404
196 208 1 1 0 0 1.337236
196 210 1 1 0 0 2.997215
196 215 1 1 0 0 1.542628
196 216 1 1 0 0 1.993239
196 221 1 1 0 0 1.538083
196 240 1 1 0 0 2.009975
196 249 1 1 0 0 2.573810
197 198 1 1 0 0 1.940000
197 206 1 1 0 0 1.214619
197 208 1 1 0 0 0.608358
197 210 1 1 0 0 2.096521
197 215 1 1 0 0 2.342008
197 216 1 1 0 0 1.226744
197 221 1 1 0 0 1.102905
197 240 1 1 0 0 2.072800
197 249 1 1 0 0 2.631387
198 208 1 1 0 0 2.267708
198 215 1 1 0 0 0.866833
198 216 1 1 0 0 2.893527
198 221 1 1 0 0 2.300087
198 240 1 1 0 0 2.286416
198 249 1 1 0 0 2.760906
199 209 1 1 0 0 2.712729
199 212 1 1 0 0 1.384522
199 214 1 1 0 0 0.979081
199 217 1 1 0 0 2.067075
199 218 1 1 0 0 1.101681
199 220 1 1 0 0 1.326386
199 222 1 1 0 0 1.201041
199 224 1 1 0 0 1.356798
199 232 1 1 0 0 1.680774
199 234 1 1 0 0 1.944865
199 236 1 1 0 0 1.692483
199 239 1 1 0 0 2.726408
200 202 1 1 0 0 0.783135
200 207 1 1 0 0 0.567979
200 225 1 1 0 0 2.312163
200 226 1 1 0 0 1.269094
200 229 1 1 0 0 2.575985
200 230 1 1 0 0 2.651980
200 237 1 1 0 0 1.496462
200 243 1 1 0 0 1.826609
200 248 1 1 0 0 2.695849
200 251 1 1 0 0 2.599769
200 255 1 1 0 0 2.906441
201 203 1 1 0 0 0.512445
201 204 1 1 0 0 2.742207
201 241 1 1 0 0 2.968114
201 253 1 1 0 0 2.590695
202 207 1 1 0 0 1.302498
202 213 1 1 0 0 2.234390
202 225 1 1 0 0 1.612079
202 226 1 1 0 0 1.028251
202 229 1 1 0 0 1.867030
202 230 1 1 0 0 1.944865
202 231 1 1 0 0 2.333110
202 237 1 1 0 0 1.796357
202 243 1 1 0 0 2.083315
202 248 1 1 0 0 2.286329
202 251 1 1 0 0 2.870836
202 255 1 1 0 0 2.787920
203 241 1 1 0 0 2.532686
203 250 1 1 0 0 2.825190
203 253 1 1 0 0 2.579554
204 205 1 1 0 0 0.870517
204 219 1 1 0 0 2.269207
204 223 1 1 0 0 2.545683
204 235 1 1 0 0 1.214949
204 238 1 1 0 0 2.140140
204 242 1 1 0 0 1.666283
204 247 1 1 0 0 2.002498
205 223 1 1 0 0 1.730809
205 235 1 1 0 0 1.353255
205 238 1 1 0 0 1.565886
205 242 1 1 0 0 1.660873
205 247 1 1 0 0 2.115136
206 208 1 1 0 0 0.863713
206 210 1 1 0 0 0.882553
206 216 1 1 0 0 0.560357
206 221 1 1 0 0 1.215936
206 240 1 1 0 0 2.362922
206 249 1 1 0 0 2.794584
206 254 1 1 0 0 2.967052
206 259 1 1 0 0 2.989716
207 225 1 1 0 0 2.691635
207 226 1 1 0 0 1.432201
207 229 1 1 0 0 2.957110
207 237 1 1 0 0 1.208139
207 243 1 1 0 0 1.533264
207 248 1 1 0 0 2.828462
207 251 1 1 0 0 2.246286
207 255 1 1 0 0 2.815386
208 210 1 1 0 0 1.704259
208 215 1 1 0 0 2.465948
208 216 1 1 0 0 0.660303
208 221 1 1 0 0 0.578705
208 240 1 1 0 0 1.706517
208 249 1 1 0 0 2.223533
208 254 1 1 0 0 2.545309
208 259 1 1 0 0 2.710646
208 263 1 1 0 0 2.920360
209 211 1 1 0 0 0.531413
209 212 1 1 0 0 1.535839
209 214 1 1 0 0 2.112558
209 217 1 1 0 0 0.921358
209 222 1 1 0 0 2.770271
209 234 1 1 0 0 1.833303
209 236 1 1 0 0 2.559062
209 239 1 1 0 0 1.386362
209 246 1 1 0 0 1.831748
209 256 1 1 0 0 2.738540
210 216 1 1 0 0 1.161077
210 221 1 1 0 0 1.898894
210 240 1 1 0 0 2.924261
210 267 1 1 0 0 2.842710
210 268 1 1 0 0 2.926055
211 212 1 1 0 0 2.020396
211 214 1 1 0 0 2.600481
211 217 1 1 0 0 1.348073
211 234 1 1 0 0 2.193126
211 236 1 1 0 0 2.960135
211 239 1 1 0 0 1.542077
211 246 1 1 0 0 1.910105
211 256 1 1 0 0 2.446630
212 214 1 1 0 0 0.580086
212 217 1 1 0 0 0.713092
212 218 1 1 0 0 1.583982
212 220 1 1 0 0 1.920521
212 222 1 1 0 0 1.245953
212 224 1 1 0 0 1.651303
212 232 1 1 0 0 1.931554
212 234 1 1 0 0 0.790063
212 236 1 1 0 0 1.174564
212 239 1 1 0 0 1.360294
212 246 1 1 0 0 1.744162
212 258 1 1 0 0 2.542479
212 265 1 1 0 0 2.811352
213 225 1 1 0 0 1.024744
213 226 1 1 0 0 2.370021
213 227 1 1 0 0 1.061744
213 229 1 1 0 0 0.871149
213 230 1 1 0 0 0.863134
213 231 1 1 0 0 0.676831
213 245 1 1 0 0 1.606393
213 248 1 1 0 0 2.225758
213 257 1 1 0 0 2.419938
213 270 1 1 0 0 2.913228
214 217 1 1 0 0 1.281327
214 218 1 1 0 0 1.010000
214 220 1 1 0 0 1.347331
214 222 1 1 0 0 0.715612
214 224 1 1 0 0 1.104943
214 232 1 1 0 0 1.409823
214 234 1 1 0 0 0.966075
214 236 1 1 0 0 0.878009
214 239 1 1 0 0 1.791787
214 246 1 1 0 0 2.093084
214 258 1 1 0 0 2.410996
214 265 1 1 0 0 2.670468
215 216 1 1 0 0 2.991672
215 221 1 1 0 0 2.286001
215 240 1 1 0 0 1.834039
215 249 1 1 0 0 2.186870
215 254 1 1 0 0 2.794011
215 262 1 1 0 0 2.650000
216 221 1 1 0 0 0.739797
216 240 1 1 0 0 1.833303
216 249 1 1 0 0 2.241540
216 254 1 1 0 0 2.407862
216 259 1 1 0 0 2.447611
216 263 1 1 0 0 2.714130
216 267 1 1 0 0 2.746070
217 218 1 1 0 0 2.260199
217 220 1 1 0 0 2.591930
217 222 1 1 0 0 1.882897
217 224 1 1 0 0 2.289738
217 232 1 1 0 0 2.534916
217 234 1 1 0 0 0.928493
217 236 1 1 0 0 1.637834
217 239 1 1 0 0 0.865852
217 246 1 1 0 0 1.335066
217 256 1 1 0 0 2.774185
217 258 1 1 0 0 2.687545
217 265 1 1 0 0 2.951339
217 272 1 1 0 0 2.924791
218 220 1 1 0 0 0.337343
218 222 1 1 0 0 0.433820
218 224 1 1 0 0 0.270185
218 232 1 1 0 0 0.579396
218 234 1 1 0 0 1.664332
218 236 1 1 0 0 1.007671
218 239 1 1 0 0 2.599423
218 246 1 1 0 0 2.777715
218 258 1 1 0 0 2.327574
218 265 1 1 0 0 2.537341
219 235 1 1 0 0 2.437581
219 242 1 1 0 0 2.754088
219 247 1 1 0 0 2.659944
220 222 1 1 0 0 0.729932
220 224 1 1 0 0 0.377359
220 232 1 1 0 0 0.485077
220 234 1 1 0 0 1.957601
220 236 1 1 0 0 1.243543
220 239 1 1 0 0 2.896135
220 258 1 1 0 0 2.392697
220 265 1 1 0 0 2.577693
221 240 1 1 0 0 1.166919
221 249 1 1 0 0 1.656804
221 254 1 1 0 0 1.967257
221 259 1 1 0 0 2.150837
221 262 1 1 0 0 2.560488
221 263 1 1 0 0 2.347765
221 267 1 1 0 0 2.867752
221 277 1 1 0 0 2.972356
222 224 1 1 0 0 0.407922
222 232 1 1 0 0 0.694622
222 234 1 1 0 0 1.233288
222 236 1 1 0 0 0.596657
222 239 1 1 0 0 2.170438
222 246 1 1 0 0 2.344120
222 258 1 1 0 0 2.043771
222 261 1 1 0 0 2.710609
222 265 1 1 0 0 2.276071
223 235 1 1 0 0 2.252288
223 238 1 1 0 0 0.994032
223 242 1 1 0 0 2.172648
223 247 1 1 0 0 2.593935
223 261 1 1 0 0 2.071835
223 271 1 1 0 0 2.634274
224 232 1 1 0 0 0.336006
224 234 1 1 0 0 1.600312
224 236 1 1 0 0 0.867640
224 239 1 1 0 0 2.538110
224 246 1 1 0 0 2.672321
224 258 1 1 0 0 2.077932
224 265 1 1 0 0 2.280636
225 226 1 1 0 0 1.410567
225 227 1 1 0 0 1.820440
225 229 1 1 0 0 0.265707
225 230 1 1 0 0 0.340147
225 231 1 1 0 0 0.769025
225 237 1 1 0 0 2.462702
225 243 1 1 0 0 2.575616
225 245 1 1 0 0 1.845481
225 248 1 1 0 0 1.315181
225 255 1 1 0 0 2.336686
225 257 1 1 0 0 1.999050
225 270 1 1 0 0 2.413379
225 273 1 1 0 0 2.637518
225 279 1 1 0 0 2.915562
226 229 1 1 0 0 1.660753
226 230 1 1 0 0 1.722905
226 231 1 1 0 0 2.163909
226 237 1 1 0 0 1.081665
226 243 1 1 0 0 1.264792
226 248 1 1 0 0 1.430035
226 251 1 1 0 0 1.994242
226 255 1 1 0 0 1.761817
226 257 1 1 0 0 2.738047
226 270 1 1 0 0 2.958327
226 273 1 1 0 0 2.768718
227 229 1 1 0 0 1.570796
227 230 1 1 0 0 1.513308
227 231 1 1 0 0 1.077868
227 245 1 1 0 0 0.963016
227 248 1 1 0 0 2.643274
227 257 1 1 0 0 2.238258
227 270 1 1 0 0 2.737152
228 233 1 1 0 0 0.541202
228 241 1 1 0 0 1.530261
228 244 1 1 0 0 1.146342
228 249 1 1 0 0 2.665633
228 250 1 1 0 0 1.974259
228 252 1 1 0 0 1.524533
228 269 1 1 0 0 2.585208
229 230 1 1 0 0 0.078102
229 231 1 1 0 0 0.506360
229 237 1 1 0 0 2.697870
229 243 1 1 0 0 2.794280
229 245 1 1 0 0 1.586443
229 248 1 1 0 0 1.366053
229 255 1 1 0 0 2.439611
229 257 1 1 0 0 1.851486
229 270 1 1 0 0 2.294907
229 273 1 1 0 0 2.597557
229 279 1 1 0 0 2.820869
230 231 1 1 0 0 0.441022
230 237 1 1 0 0 2.752308
230 243 1 1 0 0 2.841918
230 245 1 1 0 0 1.508807
230 248 1 1 0 0 1.363598
230 255 1 1 0 0 2.448591
230 257 1 1 0 0 1.792010
230 270 1 1 0 0 2.241807
230 273 1 1 0 0 2.564566
230 279 1 1 0 0 2.773049
231 245 1 1 0 0 1.145600
231 248 1 1 0 0 1.660271
231 255 1 1 0 0 2.770289
231 257 1 1 0 0 1.747341
231 270 1 1 0 0 2.237543
231 273 1 1 0 0 2.688959
231 279 1 1 0 0 2.798660
232 234 1 1 0 0 1.770452
232 236 1 1 0 0 0.986154
232 239 1 1 0 0 2.693566
232 246 1 1 0 0 2.773337
232 258 1 1 0 0 1.922628
232 265 1 1 0 0 2.098809
233 240 1 1 0 0 2.959595
233 241 1 1 0 0 0.990051
233 244 1 1 0 0 0.689493
233 250 1 1 0 0 1.444991
233 252 1 1 0 0 1.436558
233 260 1 1 0 0 2.627318
233 269 1 1 0 0 2.176235
233 284 1 1 0 0 2.914961
234 236 1 1 0 0 0.793095
234 239 1 1 0 0 0.938616
234 246 1 1 0 0 1.146342
234 256 1 1 0 0 2.870575
234 258 1 1 0 0 1.806765
234 265 1 1 0 0 2.075307
234 272 1 1 0 0 2.312250
234 276 1 1 0 0 2.550333
234 278 1 1 0 0 2.677200
235 238 1 1 0 0 1.435444
235 242 1 1 0 0 0.465188
235 247 1 1 0 0 0.805047
235 261 1 1 0 0 2.544661
235 275 1 1 0 0 2.492388
235 280 1 1 0 0 2.687006
235 282 1 1 0 0 2.822357
236 239 1 1 0 0 1.707513
236 246 1 1 0 0 1.807125
236 258 1 1 0 0 1.550032
236 261 1 1 0 0 2.670019
236 265 1 1 0 0 1.803358
236 272 1 1 0 0 2.482035
236 276 1 1 0 0 2.864402
236 278 1 1 0 0 2.936256
237 243 1 1 0 0 0.332415
237 248 1 1 0 0 2.030025
237 251 1 1 0 0 1.108603
237 255 1 1 0 0 1.686298
237 285 1 1 0 0 2.814605
237 286 1 1 0 0 2.903188
238 242 1 1 0 0 1.237942
238 247 1 1 0 0 1.621172
238 261 1 1 0 0 1.543243
238 271 1 1 0 0 2.250356
238 275 1 1 0 0 2.274049
238 282 1 1 0 0 2.681679
239 246 1 1 0 0 0.480104
239 256 1 1 0 0 2.009975
239 258 1 1 0 0 2.203679
239 265 1 1 0 0 2.442478
239 272 1 1 0 0 2.142825
239 276 1 1 0 0 2.160093
239 278 1 1 0 0 2.345464
239 288 1 1 0 0 2.891159
239 290 1 1 0 0 2.810445
240 249 1 1 0 0 0.573149
240 254 1 1 0 0 1.101635
240 259 1 1 0 0 1.509503
240 262 1 1 0 0 1.449000
240 263 1 1 0 0 1.546900
240 267 1 1 0 0 2.784259
240 274 1 1 0 0 2.001050
240 277 1 1 0 0 2.112865
240 283 1 1 0 0 2.593839
240 287 1 1 0 0 2.634711
240 289 1 1 0 0 2.743465
241 244 1 1 0 0 0.728011
241 250 1 1 0 0 0.594811
241 252 1 1 0 0 1.821236
241 253 1 1 0 0 2.544484
241 260 1 1 0 0 1.701823
241 264 1 1 0 0 2.227914
241 266 1 1 0 0 2.478003
241 269 1 1 0 0 1.711432
241 284 1 1 0 0 2.512051
241 295 1 1 0 0 2.860087
242 247 1 1 0 0 0.478017
242 261 1 1 0 0 2.126241
242 271 1 1 0 0 2.838626
242 275 1 1 0 0 2.033027
242 280 1 1 0 0 2.313871
242 282 1 1 0 0 2.372277
242 292 1 1 0 0 2.748818
243 248 1 1 0 0 1.964612
243 251 1 1 0 0 0.791770
243 255 1 1 0 0 1.450965
243 273 1 1 0 0 2.811139
243 285 1 1 0 0 2.482438
243 286 1 1 0 0 2.594802
244 250 1 1 0 0 0.904765
244 252 1 1 0 0 1.103857
244 260 1 1 0 0 2.065188
244 264 1 1 0 0 2.656464
244 266 1 1 0 0 2.930614
244 269 1 1 0 0 1.487616
244 284 1 1 0 0 2.237588
244 291 1 1 0 0 2.813201
244 295 1 1 0 0 2.627109
244 297 1 1 0 0 2.716468
245 248 1 1 0 0 2.141331
245 257 1 1 0 0 1.357940
245 270 1 1 0 0 1.832212
245 273 1 1 0 0 2.547960
245 279 1 1 0 0 2.386567
246 256 1 1 0 0 1.730462
246 258 1 1 0 0 1.928238
246 265 1 1 0 0 2.141401
246 272 1 1 0 0 1.683092
246 276 1 1 0 0 1.680030
246 278 1 1 0 0 1.866039
246 285 1 1 0 0 2.845083
246 288 1 1 0 0 2.449020
246 290 1 1 0 0 2.330343
246 293 1 1 0 0 2.544209
246 294 1 1 0 0 2.551490
247 261 1 1 0 0 2.190205
247 271 1 1 0 0 2.855538
247 275 1 1 0 0 1.784741
247 280 1 1 0 0 1.882472
247 282 1 1 0 0 2.074608
247 292 1 1 0 0 2.361038
248 251 1 1 0 0 2.292597
248 255 1 1 0 0 1.112205
248 257 1 1 0 0 1.356798
248 270 1 1 0 0 1.528954
248 273 1 1 0 0 1.431363
248 279 1 1 0 0 1.872432
248 286 1 1 0 0 2.348042
249 254 1 1 0 0 0.608030
249 259 1 1 0 0 1.097133
249 262 1 1 0 0 0.904268
249 263 1 1 0 0 1.043168
249 267 1 1 0 0 2.545781
249 274 1 1 0 0 1.427901
249 277 1 1 0 0 1.564385
249 283 1 1 0 0 2.034232
249 287 1 1 0 0 2.061941
249 289 1 1 0 0 2.217950
250 252 1 1 0 0 1.795244
250 253 1 1 0 0 2.234502
250 260 1 1 0 0 1.184061
250 264 1 1 0 0 1.760057
250 266 1 1 0 0 2.030394
250 269 1 1 0 0 1.203329
250 281 1 1 0 0 2.560703
250 284 1 1 0 0 1.993239
250 295 1 1 0 0 2.316571
250 297 1 1 0 0 2.765683
251 255 1 1 0 0 1.399786
251 273 1 1 0 0 2.728369
251 285 1 1 0 0 1.750257
251 286 1 1 0 0 2.100976
252 260 1 1 0 0 2.742353
252 269 1 1 0 0 1.562466
252 284 1 1 0 0 2.008009
252 291 1 1 0 0 1.925876
252 295 1 1 0 0 2.402082
252 297 1 1 0 0 2.049219
253 260 1 1 0 0 1.328533
253 264 1 1 0 0 0.868332
253 266 1 1 0 0 0.712811
253 269 1 1 0 0 2.765249
253 281 1 1 0 0 1.472209
254 259 1 1 0 0 0.514782
254 262 1 1 0 0 0.854400
254 263 1 1 0 0 0.445982
254 267 1 1 0 0 2.034429
254 274 1 1 0 0 1.060660
254 277 1 1 0 0 1.030049
254 283 1 1 0 0 1.772005
254 287 1 1 0 0 1.684666
254 289 1 1 0 0 1.642011
254 296 1 1 0 0 2.455769
255 257 1 1 0 0 2.082907
255 270 1 1 0 0 1.976993
255 273 1 1 0 0 1.374118
255 279 1 1 0 0 2.005243
255 285 1 1 0 0 1.951615
255 286 1 1 0 0 1.441839
255 307 1 1 0 0 2.558378
256 272 1 1 0 0 2.185154
256 276 1 1 0 0 1.700000
256 278 1 1 0 0 1.910497
256 288 1 1 0 0 1.449000
256 290 1 1 0 0 2.107937
256 293 1 1 0 0 2.634027
256 294 1 1 0 0 1.893357
257 270 1 1 0 0 0.506952
257 273 1 1 0 0 1.196202
257 279 1 1 0 0 1.080787
257 286 1 1 0 0 2.673013
258 265 1 1 0 0 0.269258
258 272 1 1 0 0 1.305105
258 276 1 1 0 0 1.857148
258 278 1 1 0 0 1.817966
258 290 1 1 0 0 2.184491
258 293 1 1 0 0 1.903076
258 294 1 1 0 0 2.722536
259 262 1 1 0 0 1.251000
259 263 1 1 0 0 0.344819
259 267 1 1 0 0 1.535871
259 268 1 1 0 0 2.530237
259 274 1 1 0 0 1.176435
259 277 1 1 0 0 0.895545
259 283 1 1 0 0 1.910236
259 287 1 1 0 0 1.709415
259 289 1 1 0 0 1.340597
259 296 1 1 0 0 1.983381
260 264 1 1 0 0 0.608769
260 266 1 1 0 0 0.892693
260 269 1 1 0 0 1.436802
260 281 1 1 0 0 1.388524
260 284 1 1 0 0 1.922550
260 295 1 1 0 0 2.063032
260 297 1 1 0 0 2.914961
261 271 1 1 0 0 0.734098
261 275 1 1 0 0 1.377135
261 280 1 1 0 0 2.504017
261 282 1 1 0 0 1.719593
261 292 1 1 0 0 2.446160
261 312 1 1 0 0 2.490984
262 263 1 1 0 0 0.957549
262 267 1 1 0 0 2.764218
262 274 1 1 0 0 0.693542
262 277 1 1 0 0 1.090413
262 283 1 1 0 0 1.149783
262 287 1 1 0 0 1.257816
262 289 1 1 0 0 1.768672
262 296 1 1 0 0 2.856711
263 267 1 1 0 0 1.807097
263 268 1 1 0 0 2.808630
263 274 1 1 0 0 0.834086
263 277 1 1 0 0 0.625859
263 283 1 1 0 0 1.569745
263 287 1 1 0 0 1.390324
263 289 1 1 0 0 1.198541
263 296 1 1 0 0 2.043649
264 266 1 1 0 0 0.284429
264 269 1 1 0 0 1.985800
264 281 1 1 0 0 0.949210
264 284 1 1 0 0 2.343416
264 295 1 1 0 0 2.398270
265 272 1 1 0 0 1.290271
265 276 1 1 0 0 1.864001
265 278 1 1 0 0 1.792345
265 288 1 1 0 0 2.991739
265 290 1 1 0 0 2.113410
265 293 1 1 0 0 1.769802
265 294 1 1 0 0 2.670524
266 269 1 1 0 0 2.258871
266 281 1 1 0 0 0.841487
266 284 1 1 0 0 2.577693
266 295 1 1 0 0 2.603459
267 268 1 1 0 0 1.001798
267 274 1 1 0 0 2.484774
267 277 1 1 0 0 1.991507
267 287 1 1 0 0 2.784421
267 289 1 1 0 0 1.841657
267 296 1 1 0 0 1.351629
268 277 1 1 0 0 2.965755
268 289 1 1 0 0 2.711844
268 296 1 1 0 0 1.847837
269 281 1 1 0 0 2.387384
269 284 1 1 0 0 0.800625
269 291 1 1 0 0 2.008706
269 295 1 1 0 0 1.160388
269 297 1 1 0 0 1.602061
270 273 1 1 0 0 0.813204
270 279 1 1 0 0 0.573847
270 286 1 1 0 0 2.298956
271 275 1 1 0 0 1.635176
271 280 1 1 0 0 2.780396
271 282 1 1 0 0 1.851621
271 292 1 1 0 0 2.557381
271 312 1 1 0 0 2.124924
271 318 1 1 0 0 2.625605
272 276 1 1 0 0 0.578705
272 278 1 1 0 0 0.513128
272 285 1 1 0 0 2.490883
272 288 1 1 0 0 1.703085
272 290 1 1 0 0 0.924175
272 293 1 1 0 0 0.890505
272 294 1 1 0 0 1.426359
273 279 1 1 0 0 0.635295
273 285 1 1 0 0 2.554408
273 286 1 1 0 0 1.490537
273 304 1 1 0 0 2.490181
274 277 1 1 0 0 0.529528
274 283 1 1 0 0 0.736614
274 287 1 1 0 0 0.637887
274 289 1 1 0 0 1.132254
274 296 1 1 0 0 2.295779
275 280 1 1 0 0 1.154470
275 282 1 1 0 0 0.408534
275 292 1 1 0 0 1.089036
276 278 1 1 0 0 0.228035
276 285 1 1 0 0 1.913792
276 288 1 1 0 0 1.146124
276 290 1 1 0 0 0.650692
276 293 1 1 0 0 0.992018
276 294 1 1 0 0 0.970979
277 283 1 1 0 0 1.138859
277 287 1 1 0 0 0.848116
277 289 1 1 0 0 0.688186
277 296 1 1 0 0 1.785329
278 285 1 1 0 0 2.014001
278 288 1 1 0 0 1.201666
278 290 1 1 0 0 0.482701
278 293 1 1 0 0 0.764003
278 294 1 1 0 0 0.919348
279 286 1 1 0 0 1.944865
280 282 1 1 0 0 0.975141
280 292 1 1 0 0 0.616117
281 284 1 1 0 0 2.434625
281 295 1 1 0 0 2.328798
282 292 1 1 0 0 0.729452
283 287 1 1 0 0 0.420595
283 289 1 1 0 0 1.479797
284 291 1 1 0 0 1.594773
284 295 1 1 0 0 0.403113
284 297 1 1 0 0 1.011336
285 286 1 1 0 0 1.130708
285 288 1 1 0 0 0.852877
285 290 1 1 0 0 1.886796
285 293 1 1 0 0 2.468299
285 294 1 1 0 0 1.370328
285 301 1 1 0 0 2.134596
286 288 1 1 0 0 1.980227
286 294 1 1 0 0 2.477035
286 307 1 1 0 0 1.117587
286 314 1 1 0 0 1.958801
286 319 1 1 0 0 1.877472
286 320 1 1 0 0 2.489016
286 322 1 1 0 0 2.651886
286 328 1 1 0 0 2.157522
286 331 1 1 0 0 2.180734
286 337 1 1 0 0 2.320022
286 350 1 1 0 0 2.861119
287 289 1 1 0 0 1.070747
288 290 1 1 0 0 1.033925
288 293 1 1 0 0 1.616447
288 294 1 1 0 0 0.545894
288 326 1 1 0 0 2.497038
288 344 1 1 0 0 2.540118
289 296 1 1 0 0 1.205404
290 293 1 1 0 0 0.586941
290 294 1 1 0 0 0.575674
291 295 1 1 0 0 1.732339
291 297 1 1 0 0 0.664906
291 302 1 1 0 0 2.438217
293 294 1 1 0 0 1.120402
294 332 1 1 0 0 2.094684
294 344 1 1 0 0 2.251799
294 345 1 1 0 0 2.482942
296 308 1 1 0 0 1.248079
296 317 1 1 0 0 1.507647
296 329 1 1 0 0 2.094015
296 340 1 1 0 0 2.126076
296 341 1 1 0 0 2.280351
296 348 1 1 0 0 2.683375
296 356 1 1 0 0 2.909863
297 298 1 1 0 0 2.300543
297 302 1 1 0 0 1.773866
297 305 1 1 0 0 1.355323
297 333 1 1 0 0 2.196725
297 338 1 1 0 0 2.140864
297 351 1 1 0 0 2.816611
297 357 1 1 0 0 2.920154
298 302 1 1 0 0 0.600083
298 305 1 1 0 0 1.243543
298 311 1 1 0 0 1.190168
298 323 1 1 0 0 2.837781
298 327 1 1 0 0 1.896945
298 333 1 1 0 0 2.100976
298 338 1 1 0 0 2.558281
298 351 1 1 0 0 2.787436
299 300 1 1 0 0 1.613753
299 303 1 1 0 0 1.320189
299 306 1 1 0 0 2.769783
299 312 1 1 0 0 0.720625
299 316 1 1 0 0 2.168894
299 318 1 1 0 0 1.260159
299 324 1 1 0 0 2.472448
299 325 1 1 0 0 1.648423
299 334 1 1 0 0 1.883215
299 339 1 1 0 0 2.033839
299 342 1 1 0 0 2.063444
299 343 1 1 0 0 2.298891
299 349 1 1 0 0 2.430411
299 352 1 1 0 0 2.596767
299 353 1 1 0 0 2.760670
299 354 1 1 0 0 2.683431
300 303 1 1 0 0 0.332415
300 306 1 1 0 0 1.211982
300 309 1 1 0 0 1.938788
300 312 1 1 0 0 1.749771
300 313 1 1 0 0 1.938685
300 316 1 1 0 0 1.116288
300 318 1 1 0 0 1.962295
300 323 1 1 0 0 2.157452
300 324 1 1 0 0 1.490503
300 325 1 1 0 0 1.860242
300 334 1 1 0 0 2.019431
300 339 1 1 0 0 2.766821
300 342 1 1 0 0 2.758043
300 343 1 1 0 0 2.052730
300 353 1 1 0 0 2.616811
301 315 1 1 0 0 1.702939
301 321 1 1 0 0 2.403040
301 326 1 1 0 0 1.445441
301 332 1 1 0 0 2.192031
301 344 1 1 0 0 2.044627
301 345 1 1 0 0 2.568988
301 360 1 1 0 0 2.936154
301 361 1 1 0 0 2.957026
301 364 1 1 0 0 2.962330
302 305 1 1 0 0 0.646607
302 311 1 1 0 0 1.568502
302 327 1 1 0 0 2.003222
302 333 1 1 0 0 1.644688
302 338 1 1 0 0 2.042670
302 351 1 1 0 0 2.372446
302 359 1 1 0 0 2.763711
303 306 1 1 0 0 1.454991
303 309 1 1 0 0 2.208438
303 312 1 1 0 0 1.417392
303 313 1 1 0 0 2.202272
303 316 1 1 0 0 1.100182
303 318 1 1 0 0 1.642955
303 323 1 1 0 0 2.335487
303 324 1 1 0 0 1.472311
303 325 1 1 0 0 1.584740
303 334 1 1 0 0 1.762044
303 339 1 1 0 0 2.460894
303 342 1 1 0 0 2.455382
303 343 1 1 0 0 1.864296
303 349 1 1 0 0 2.860210
303 352 1 1 0 0 2.953252
303 353 1 1 0 0 2.428374
304 307 1 1 0 0 0.576975
304 310 1 1 0 0 2.595149
304 314 1 1 0 0 2.112487
304 319 1 1 0 0 0.890505
304 320 1 1 0 0 2.572567
304 322 1 1 0 0 2.707693
304 328 1 1 0 0 1.533949
304 331 1 1 0 0 1.610124
304 337 1 1 0 0 1.602248
304 350 1 1 0 0 2.079639
305 311 1 1 0 0 2.045507
305 327 1 1 0 0 2.215762
305 338 1 1 0 0 1.493452
305 351 1 1 0 0 1.951256
305 357 1 1 0 0 2.571575
305 359 1 1 0 0 2.360339
305 362 1 1 0 0 2.984242
305 365 1 1 0 0 2.728369
305 371 1 1 0 0 2.791218
306 309 1 1 0 0 0.770584
306 312 1 1 0 0 2.720662
306 313 1 1 0 0 0.755381
306 316 1 1 0 0 1.046231
306 318 1 1 0 0 2.736585
306 323 1 1 0 0 1.015135
306 324 1 1 0 0 1.198541
306 325 1 1 0 0 2.403081
306 327 1 1 0 0 2.393011
306 334 1 1 0 0 2.455891
306 343 1 1 0 0 2.200954
306 353 1 1 0 0 2.674696
306 368 1 1 0 0 2.598500
306 372 1 1 0 0 2.762191
307 310 1 1 0 0 2.060218
307 314 1 1 0 0 1.551934
307 319 1 1 0 0 0.843860
307 320 1 1 0 0 1.998650
307 322 1 1 0 0 2.131783
307 328 1 1 0 0 1.085219
307 331 1 1 0 0 1.134637
307 336 1 1 0 0 2.927268
307 337 1 1 0 0 1.218072
307 350 1 1 0 0 1.750714
307 369 1 1 0 0 2.869233
308 317 1 1 0 0 1.793014
308 329 1 1 0 0 2.307639
308 330 1 1 0 0 1.925097
308 340 1 1 0 0 1.916586
308 341 1 1 0 0 1.368247
308 346 1 1 0 0 2.057790
308 347 1 1 0 0 2.566028
308 348 1 1 0 0 2.746088
308 356 1 1 0 0 2.571575
308 376 1 1 0 0 2.905581
308 378 1 1 0 0 2.964321
309 313 1 1 0 0 0.063246
309 316 1 1 0 0 1.739540
309 323 1 1 0 0 0.834326
309 324 1 1 0 0 1.782386
309 327 1 1 0 0 1.712338
309 343 1 1 0 0 2.820638
309 362 1 1 0 0 2.737481
309 368 1 1 0 0 2.741168
309 372 1 1 0 0 2.808647
310 314 1 1 0 0 0.577754
310 319 1 1 0 0 2.680336
310 320 1 1 0 0 0.642884
310 322 1 1 0 0 0.764199
310 328 1 1 0 0 2.020544
310 331 1 1 0 0 1.922836
310 335 1 1 0 0 1.729046
310 336 1 1 0 0 1.319470
310 337 1 1 0 0 2.253619
310 350 1 1 0 0 2.645468
310 355 1 1 0 0 2.490181
310 363 1 1 0 0 2.709852
310 369 1 1 0 0 2.790340
310 377 1 1 0 0 2.889516
311 316 1 1 0 0 2.954353
311 323 1 1 0 0 1.656050
311 324 1 1 0 0 2.932047
311 327 1 1 0 0 0.999850
311 333 1 1 0 0 2.298956
311 338 1 1 0 0 2.848877
311 351 1 1 0 0 2.773464
311 362 1 1 0 0 2.277279
312 316 1 1 0 0 1.894466
312 318 1 1 0 0 0.542310
312 324 1 1 0 0 2.118042
312 325 1 1 0 0 0.994786
312 334 1 1 0 0 1.220901
312 339 1 1 0 0 1.328533
312 342 1 1 0 0 1.353403
312 343 1 1 0 0 1.698058
312 349 1 1 0 0 1.733494
312 352 1 1 0 0 1.890106
312 353 1 1 0 0 2.102380
312 354 1 1 0 0 1.978004
312 367 1 1 0 0 2.365418
312 373 1 1 0 0 2.789265
313 316 1 1 0 0 1.703291
313 323 1 1 0 0 0.771298
313 324 1 1 0 0 1.735886
313 327 1 1 0 0 1.694609
313 343 1 1 0 0 2.774167
313 362 1 1 0 0 2.699370
313 368 1 1 0 0 2.677984
313 372 1 1 0 0 2.745633
314 319 1 1 0 0 2.114427
314 320 1 1 0 0 0.530754
314 322 1 1 0 0 0.695270
314 328 1 1 0 0 1.448033
314 331 1 1 0 0 1.354289
314 335 1 1 0 0 2.043771
314 336 1 1 0 0 1.477566
314 337 1 1 0 0 1.683627
314 350 1 1 0 0 2.100119
314 355 1 1 0 0 2.677387
314 363 1 1 0 0 2.863861
314 369 1 1 0 0 2.428374
314 377 1 1 0 0 2.837904
314 379 1 1 0 0 2.868449
315 321 1 1 0 0 0.721249
315 326 1 1 0 0 1.246154
315 339 1 1 0 0 2.602710
315 342 1 1 0 0 2.663118
315 344 1 1 0 0 2.396351
315 360 1 1 0 0 1.793600
315 366 1 1 0 0 2.294733
316 318 1 1 0 0 1.780702
316 323 1 1 0 0 1.488523
316 324 1 1 0 0 0.376431
316 325 1 1 0 0 1.380507
316 334 1 1 0 0 1.413648
316 339 1 1 0 0 2.353041
316 342 1 1 0 0 2.319763
316 343 1 1 0 0 1.174564
316 349 1 1 0 0 2.675070
316 352 1 1 0 0 2.691561
316 353 1 1 0 0 1.689083
316 354 1 1 0 0 2.766315
316 367 1 1 0 0 2.730751
316 368 1 1 0 0 2.150349
316 372 1 1 0 0 2.425716
316 373 1 1 0 0 2.482136
316 380 1 1 0 0 2.850439
316 382 1 1 0 0 2.855749
316 387 1 1 0 0 2.823916
317 329 1 1 0 0 0.592030
317 340 1 1 0 0 0.824621
317 341 1 1 0 0 1.739713
317 348 1 1 0 0 1.176308
317 356 1 1 0 0 1.557081
317 376 1 1 0 0 2.462214
317 378 1 1 0 0 2.843185
317 384 1 1 0 0 2.865135
317 389 1 1 0 0 2.908694
318 324 1 1 0 0 1.915255
318 325 1 1 0 0 0.552178
318 334 1 1 0 0 0.743303
318 339 1 1 0 0 0.852350
318 342 1 1 0 0 0.863134
318 343 1 1 0 0 1.271417
318 349 1 1 0 0 1.264002
318 352 1 1 0 0 1.397140
318 353 1 1 0 0 1.603777
318 354 1 1 0 0 1.486472
318 367 1 1 0 0 1.832075
318 373 1 1 0 0 2.255682
318 382 1 1 0 0 2.820815
319 320 1 1 0 0 2.440020
319 322 1 1 0 0 2.534443
319 328 1 1 0 0 0.948472
319 331 1 1 0 0 1.062309
319 337 1 1 0 0 0.894986
319 350 1 1 0 0 1.261784
319 369 1 1 0 0 2.600500
320 322 1 1 0 0 0.166433
320 328 1 1 0 0 1.627421
320 331 1 1 0 0 1.513803
320 335 1 1 0 0 1.559263
320 336 1 1 0 0 0.954411
320 337 1 1 0 0 1.837417
320 350 1 1 0 0 2.143735
320 355 1 1 0 0 2.149814
320 363 1 1 0 0 2.333452
320 369 1 1 0 0 2.150372
320 370 1 1 0 0 2.821436
320 374 1 1 0 0 2.786485
320 377 1 1 0 0 2.340940
320 379 1 1 0 0 2.537183
320 393 1 1 0 0 2.900793
321 325 1 1 0 0 2.669925
321 326 1 1 0 0 1.859704
321 334 1 1 0 0 2.748763
321 339 1 1 0 0 1.882153
321 342 1 1 0 0 1.942884
321 344 1 1 0 0 2.983236
321 360 1 1 0 0 1.842281
321 366 1 1 0 0 1.779101
321 383 1 1 0 0 2.627109
322 328 1 1 0 0 1.688609
322 331 1 1 0 0 1.571655
322 335 1 1 0 0 1.431363
322 336 1 1 0 0 0.802621
322 337 1 1 0 0 1.887326
322 350 1 1 0 0 2.155574
322 355 1 1 0 0 1.991231
322 363 1 1 0 0 2.171106
322 369 1 1 0 0 2.057669
322 370 1 1 0 0 2.658759
322 374 1 1 0 0 2.621793
322 377 1 1 0 0 2.178922
322 379 1 1 0 0 2.424417
322 390 1 1 0 0 2.846770
322 393 1 1 0 0 2.770938
323 324 1 1 0 0 1.351814
323 325 1 1 0 0 2.791147
323 334 1 1 0 0 2.757481
323 343 1 1 0 0 2.330772
323 353 1 1 0 0 2.639413
323 368 1 1 0 0 1.915959
323 372 1 1 0 0 1.974335
323 380 1 1 0 0 2.395350
323 387 1 1 0 0 2.782589
324 325 1 1 0 0 1.440035
324 334 1 1 0 0 1.410567
324 339 1 1 0 0 2.367551
324 342 1 1 0 0 2.325941
324 343 1 1 0 0 1.038316
324 349 1 1 0 0 2.647508
324 352 1 1 0 0 2.635033
324 353 1 1 0 0 1.477870
324 354 1 1 0 0 2.702332
324 367 1 1 0 0 2.586523
324 368 1 1 0 0 1.774063
324 372 1 1 0 0 2.052949
324 373 1 1 0 0 2.227128
324 380 1 1 0 0 2.475419
324 382 1 1 0 0 2.555386
324 387 1 1 0 0 2.455891
324 395 1 1 0 0 2.759438
324 397 1 1 0 0 2.974845
324 399 1 1 0 0 2.800875
324 400 1 1 0 0 2.857971
325 334 1 1 0 0 0.235372
325 339 1 1 0 0 0.979898
325 342 1 1 0 0 0.952943
325 343 1 1 0 0 0.721803
325 349 1 1 0 0 1.334541
325 352 1 1 0 0 1.393449
325 353 1 1 0 0 1.114271
325 354 1 1 0 0 1.477870
325 367 1 1 0 0 1.638780
325 368 1 1 0 0 2.613236
325 372 1 1 0 0 2.968922
325 373 1 1 0 0 1.850838
325 382 1 1 0 0 2.394598
325 387 1 1 0 0 2.923303
325 395 1 1 0 0 2.852438
325 397 1 1 0 0 2.769729
326 332 1 1 0 0 1.824637
326 344 1 1 0 0 1.150391
326 345 1 1 0 0 2.064219
326 360 1 1 0 0 1.550387
326 361 1 1 0 0 1.932589
326 364 1 1 0 0 1.888094
326 366 1 1 0 0 2.842974
326 386 1 1 0 0 2.584144
326 391 1 1 0 0 2.572567
327 333 1 1 0 0 1.901289
327 338 1 1 0 0 2.433927
327 351 1 1 0 0 2.130023
327 359 1 1 0 0 2.291724
327 362 1 1 0 0 1.277693
327 371 1 1 0 0 2.326392
327 385 1 1 0 0 2.301760
327 388 1 1 0 0 2.388912
327 392 1 1 0 0 2.596151
327 394 1 1 0 0 2.758786
327 402 1 1 0 0 2.755250
328 331 1 1 0 0 0.120416
328 336 1 1 0 0 2.365418
328 337 1 1 0 0 0.240416
328 350 1 1 0 0 0.756108
328 369 1 1 0 0 1.793377
328 377 1 1 0 0 2.990067
328 379 1 1 0 0 2.307899
328 393 1 1 0 0 2.831766
329 340 1 1 0 0 0.739256
329 341 1 1 0 0 1.936621
329 348 1 1 0 0 0.608769
329 356 1 1 0 0 1.221884
329 376 1 1 0 0 2.240089
329 378 1 1 0 0 2.701185
329 384 1 1 0 0 2.584898
329 389 1 1 0 0 2.550333
329 401 1 1 0 0 2.941564
330 341 1 1 0 0 1.798694
330 346 1 1 0 0 0.427200
330 347 1 1 0 0 0.658559
330 358 1 1 0 0 1.297690
330 375 1 1 0 0 1.741522
330 376 1 1 0 0 2.924175
330 378 1 1 0 0 2.618167
330 381 1 1 0 0 2.257366
330 398 1 1 0 0 2.666083
331 335 1 1 0 0 2.932456
331 336 1 1 0 0 2.245017
331 337 1 1 0 0 0.331210
331 350 1 1 0 0 0.796492
331 369 1 1 0 0 1.734618
331 377 1 1 0 0 2.889221
331 379 1 1 0 0 2.249289
331 393 1 1 0 0 2.768429
332 344 1 1 0 0 0.841724
332 345 1 1 0 0 0.389487
332 360 1 1 0 0 2.920274
332 361 1 1 0 0 1.233288
332 364 1 1 0 0 1.318484
332 386 1 1 0 0 2.375226
333 338 1 1 0 0 0.553624
333 351 1 1 0 0 0.743303
333 357 1 1 0 0 1.592263
333 359 1 1 0 0 1.150695
333 362 1 1 0 0 2.130164
333 365 1 1 0 0 1.718982
333 371 1 1 0 0 1.589780
333 385 1 1 0 0 2.872107
333 388 1 1 0 0 2.801785
333 392 1 1 0 0 2.710148
333 394 1 1 0 0 2.586813
333 403 1 1 0 0 2.725748
334 339 1 1 0 0 0.957079
334 342 1 1 0 0 0.916788
334 343 1 1 0 0 0.545894
334 349 1 1 0 0 1.261428
334 352 1 1 0 0 1.287051
334 353 1 1 0 0 0.882383
334 354 1 1 0 0 1.366053
334 367 1 1 0 0 1.454991
334 368 1 1 0 0 2.432118
334 372 1 1 0 0 2.791147
334 373 1 1 0 0 1.616972
334 382 1 1 0 0 2.159282
334 387 1 1 0 0 2.705125
334 395 1 1 0 0 2.618740
334 397 1 1 0 0 2.535508
334 399 1 1 0 0 2.947066
334 400 1 1 0 0 2.811565
334 407 1 1 0 0 2.932934
335 336 1 1 0 0 0.690652
335 355 1 1 0 0 0.886454
335 363 1 1 0 0 1.144246
335 369 1 1 0 0 2.701481
335 370 1 1 0 0 1.574865
335 374 1 1 0 0 1.628066
335 377 1 1 0 0 1.808674
335 379 1 1 0 0 2.829311
335 390 1 1 0 0 2.295321
335 393 1 1 0 0 2.928361
335 404 1 1 0 0 2.680298
336 337 1 1 0 0 2.530020
336 350 1 1 0 0 2.677107
336 355 1 1 0 0 1.202165
336 363 1 1 0 0 1.402462
336 369 1 1 0 0 2.137148
336 370 1 1 0 0 1.889868
336 374 1 1 0 0 1.874887
336 377 1 1 0 0 1.650121
336 379 1 1 0 0 2.352871
336 390 1 1 0 0 2.267179
336 393 1 1 0 0 2.556658
336 404 1 1 0 0 2.748709
337 350 1 1 0 0 0.547449
337 369 1 1 0 0 1.730665
337 379 1 1 0 0 2.239866
337 393 1 1 0 0 2.771083
338 351 1 1 0 0 0.710634
338 357 1 1 0 0 1.102089
338 359 1 1 0 0 1.073313
338 362 1 1 0 0 2.493692
338 365 1 1 0 0 1.248679
338 371 1 1 0 0 1.580285
338 388 1 1 0 0 2.991070
338 392 1 1 0 0 2.824181
338 394 1 1 0 0 2.625890
338 396 1 1 0 0 2.397082
338 403 1 1 0 0 2.501280
339 342 1 1 0 0 0.064031
339 343 1 1 0 0 1.422252
339 349 1 1 0 0 0.411825
339 352 1 1 0 0 0.562939
339 353 1 1 0 0 1.435618
339 354 1 1 0 0 0.650000
339 367 1 1 0 0 1.114002
339 373 1 1 0 0 1.798055
339 382 1 1 0 0 2.363493
339 395 1 1 0 0 2.918938
339 397 1 1 0 0 2.638939
339 407 1 1 0 0 2.695645
340 341 1 1 0 0 1.230366
340 346 1 1 0 0 2.852122
340 348 1 1 0 0 0.882553
340 356 1 1 0 0 0.785175
340 376 1 1 0 0 1.637834
340 378 1 1 0 0 2.036001
340 384 1 1 0 0 2.043184
340 389 1 1 0 0 2.110474
340 401 1 1 0 0 2.469514
341 346 1 1 0 0 1.621974
341 347 1 1 0 0 2.216529
341 348 1 1 0 0 2.077619
341 356 1 1 0 0 1.518190
341 358 1 1 0 0 2.464894
341 375 1 1 0 0 2.422602
341 376 1 1 0 0 1.560160
341 378 1 1 0 0 1.600031
341 381 1 1 0 0 2.299609
341 384 1 1 0 0 2.017622
341 389 1 1 0 0 2.307661
341 398 1 1 0 0 2.829081
341 401 1 1 0 0 2.526678
342 343 1 1 0 0 1.370584
342 349 1 1 0 0 0.406079
342 352 1 1 0 0 0.537587
342 353 1 1 0 0 1.373208
342 354 1 1 0 0 0.626259
342 367 1 1 0 0 1.065317
342 373 1 1 0 0 1.736001
342 382 1 1 0 0 2.302173
342 395 1 1 0 0 2.856589
342 397 1 1 0 0 2.580484
342 407 1 1 0 0 2.650887
342 408 1 1 0 0 2.975718
343 349 1 1 0 0 1.644019
343 352 1 1 0 0 1.610124
343 353 1 1 0 0 0.565155
343 354 1 1 0 0 1.672991
343 367 1 1 0 0 1.560833
343 368 1 1 0 0 1.892829
343 372 1 1 0 0 2.250000
343 373 1 1 0 0 1.389748
343 380 1 1 0 0 2.574218
343 382 1 1 0 0 1.861317
343 387 1 1 0 0 2.229103
343 395 1 1 0 0 2.244148
343 397 1 1 0 0 2.268832
343 399 1 1 0 0 2.500080
343 400 1 1 0 0 2.413234
343 407 1 1 0 0 2.834943
343 408 1 1 0 0 2.811548
343 409 1 1 0 0 2.800643
344 345 1 1 0 0 0.960000
344 360 1 1 0 0 2.078581
344 361 1 1 0 0 0.912853
344 364 1 1 0 0 0.920489
344 386 1 1 0 0 1.900105
344 391 1 1 0 0 2.501699
344 405 1 1 0 0 2.550961
345 360 1 1 0 0 2.984845
345 361 1 1 0 0 1.012571
345 364 1 1 0 0 1.118258
345 386 1 1 0 0 2.137849
345 405 1 1 0 0 2.750164
346 347 1 1 0 0 0.596825
346 358 1 1 0 0 1.041393
346 375 1 1 0 0 1.375282
346 376 1 1 0 0 2.571634
346 378 1 1 0 0 2.228744
346 381 1 1 0 0 1.836355
346 384 1 1 0 0 2.898827
346 398 1 1 0 0 2.260199
346 415 1 1 0 0 2.982415
347 358 1 1 0 0 0.697209
347 375 1 1 0 0 1.263012
347 378 1 1 0 0 2.640701
347 381 1 1 0 0 1.941237
347 398 1 1 0 0 2.256834
347 415 1 1 0 0 2.975937
348 356 1 1 0 0 0.882043
348 376 1 1 0 0 1.922550
348 378 1 1 0 0 2.443645
348 384 1 1 0 0 2.190000
348 389 1 1 0 0 2.078846
348 401 1 1 0 0 2.479879
349 352 1 1 0 0 0.206155
349 353 1 1 0 0 1.514265
349 354 1 1 0 0 0.272947
349 367 1 1 0 0 0.847231
349 373 1 1 0 0 1.676007
349 382 1 1 0 0 2.213346
349 395 1 1 0 0 2.786575
349 397 1 1 0 0 2.436555
349 407 1 1 0 0 2.371181
349 408 1 1 0 0 2.773085
350 369 1 1 0 0 1.382932
350 377 1 1 0 0 2.860000
350 379 1 1 0 0 1.861317
350 393 1 1 0 0 2.394201
351 357 1 1 0 0 1.151347
351 359 1 1 0 0 0.411096
351 362 1 1 0 0 1.886929
351 365 1 1 0 0 1.221556
351 371 1 1 0 0 0.889550
351 385 1 1 0 0 2.398854
351 388 1 1 0 0 2.285279
351 392 1 1 0 0 2.114001
351 394 1 1 0 0 1.927511
351 396 1 1 0 0 1.791368
351 402 1 1 0 0 2.646432
351 403 1 1 0 0 1.984792
351 420 1 1 0 0 2.750364
351 421 1 1 0 0 2.823916
352 353 1 1 0 0 1.412268
352 354 1 1 0 0 0.089443
352 367 1 1 0 0 0.643506
352 373 1 1 0 0 1.496162
352 382 1 1 0 0 2.023116
352 395 1 1 0 0 2.598557
352 397 1 1 0 0 2.236001
352 400 1 1 0 0 2.834396
352 407 1 1 0 0 2.169101
352 408 1 1 0 0 2.567197
352 409 1 1 0 0 2.826464
353 354 1 1 0 0 1.450000
353 367 1 1 0 0 1.155509
353 368 1 1 0 0 1.728872
353 372 1 1 0 0 2.089234
353 373 1 1 0 0 0.824621
353 380 1 1 0 0 2.336236
353 382 1 1 0 0 1.311373
353 387 1 1 0 0 1.850432
353 395 1 1 0 0 1.739540
353 397 1 1 0 0 1.711432
353 399 1 1 0 0 2.072342
353 400 1 1 0 0 1.929378
353 406 1 1 0 0 2.726408
353 407 1 1 0 0 2.280899
353 408 1 1 0 0 2.248777
353 409 1 1 0 0 2.258008
354 367 1 1 0 0 0.603075
354 373 1 1 0 0 1.484082
354 382 1 1 0 0 1.999050
354 395 1 1 0 0 2.576141
354 397 1 1 0 0 2.197385
354 400 1 1 0 0 2.813006
354 407 1 1 0 0 2.098809
354 408 1 1 0 0 2.513663
354 409 1 1 0 0 2.784259
355 363 1 1 0 0 0.260192
355 369 1 1 0 0 2.505394
355 370 1 1 0 0 0.707107
355 374 1 1 0 0 0.742159
355 377 1 1 0 0 1.166919
355 379 1 1 0 0 2.468765
355 390 1 1 0 0 1.490000
355 393 1 1 0 0 2.412903
355 404 1 1 0 0 1.814663
356 376 1 1 0 0 1.047378
356 378 1 1 0 0 1.561602
356 381 1 1 0 0 2.866444
356 384 1 1 0 0 1.363415
356 389 1 1 0 0 1.353662
356 401 1 1 0 0 1.733032
357 359 1 1 0 0 1.132166
357 362 1 1 0 0 2.932456
357 365 1 1 0 0 0.170294
357 371 1 1 0 0 1.502165
357 392 1 1 0 0 2.727526
357 394 1 1 0 0 2.405265
357 396 1 1 0 0 1.863169
357 403 1 1 0 0 1.767767
357 420 1 1 0 0 2.920017
358 375 1 1 0 0 0.646607
358 376 1 1 0 0 2.922259
358 378 1 1 0 0 2.435159
358 381 1 1 0 0 1.435584
358 398 1 1 0 0 1.645843
358 415 1 1 0 0 2.344376
359 362 1 1 0 0 1.800694
359 365 1 1 0 0 1.144378
359 371 1 1 0 0 0.510392
359 385 1 1 0 0 2.142172
359 388 1 1 0 0 2.003023
359 392 1 1 0 0 1.782134
359 394 1 1 0 0 1.556181
359 396 1 1 0 0 1.380580
359 402 1 1 0 0 2.339615
359 403 1 1 0 0 1.591100
359 420 1 1 0 0 2.346167
359 421 1 1 0 0 2.427447
360 361 1 1 0 0 2.290022
360 364 1 1 0 0 2.180826
360 366 1 1 0 0 1.623083
360 383 1 1 0 0 1.754223
360 386 1 1 0 0 2.176810
360 391 1 1 0 0 1.363085
360 405 1 1 0 0 2.525569
361 364 1 1 0 0 0.120830
361 386 1 1 0 0 1.142322
361 391 1 1 0 0 2.166887
361 405 1 1 0 0 1.777892
362 365 1 1 0 0 2.940425
362 371 1 1 0 0 1.554670
362 385 1 1 0 0 1.031213
362 388 1 1 0 0 1.111575
362 392 1 1 0 0 1.351481
362 394 1 1 0 0 1.584045
362 396 1 1 0 0 2.206015
362 402 1 1 0 0 1.480304
362 403 1 1 0 0 2.657085
362 420 1 1 0 0 2.500600
363 369 1 1 0 0 2.464975
363 370 1 1 0 0 0.488365
363 374 1 1 0 0 0.490408
363 377 1 1 0 0 1.012423
363 379 1 1 0 0 2.375984
363 390 1 1 0 0 1.252996
363 393 1 1 0 0 2.268832
363 404 1 1 0 0 1.556310
364 386 1 1 0 0 1.060424
364 391 1 1 0 0 2.048316
364 405 1 1 0 0 1.704259
365 371 1 1 0 0 1.465367
365 388 1 1 0 0 2.971683
365 392 1 1 0 0 2.656464
365 394 1 1 0 0 2.320453
365 396 1 1 0 0 1.740919
365 403 1 1 0 0 1.619012
365 420 1 1 0 0 2.792579
365 421 1 1 0 0 2.951085
366 383 1 1 0 0 0.951262
366 391 1 1 0 0 2.434173
367 368 1 1 0 0 2.675407
367 373 1 1 0 0 0.924770
367 382 1 1 0 0 1.406023
367 387 1 1 0 0 2.456929
367 395 1 1 0 0 1.984036
367 397 1 1 0 0 1.594553
367 399 1 1 0 0 2.524480
367 400 1 1 0 0 2.222004
367 407 1 1 0 0 1.591132
367 408 1 1 0 0 1.930233
367 409 1 1 0 0 2.183254
368 372 1 1 0 0 0.362353
368 373 1 1 0 0 1.817966
368 380 1 1 0 0 0.713442
368 382 1 1 0 0 1.692602
368 387 1 1 0 0 0.867698
368 395 1 1 0 0 1.499667
368 397 1 1 0 0 1.997198
368 399 1 1 0 0 1.226540
368 400 1 1 0 0 1.462088
368 406 1 1 0 0 1.415662
368 407 1 1 0 0 2.971279
368 408 1 1 0 0 2.483948
368 409 1 1 0 0 2.154252
369 370 1 1 0 0 2.770018
369 374 1 1 0 0 2.612317
369 377 1 1 0 0 1.602529
369 379 1 1 0 0 0.514782
369 390 1 1 0 0 2.076174
369 393 1 1 0 0 1.041009
369 404 1 1 0 0 2.594224
370 374 1 1 0 0 0.188680
370 377 1 1 0 0 1.195199
370 379 1 1 0 0 2.601000
370 390 1 1 0 0 1.153646
370 393 1 1 0 0 2.397353
370 404 1 1 0 0 1.279453
371 385 1 1 0 0 1.693871
371 388 1 1 0 0 1.534731
371 392 1 1 0 0 1.281444
371 394 1 1 0 0 1.046231
371 396 1 1 0 0 0.992018
371 402 1 1 0 0 1.850000
371 403 1 1 0 0 1.315485
371 420 1 1 0 0 1.871149
371 421 1 1 0 0 1.935820
372 373 1 1 0 0 2.130000
372 380 1 1 0 0 0.442832
372 382 1 1 0 0 1.938298
372 387 1 1 0 0 0.937230
372 395 1 1 0 0 1.651575
372 397 1 1 0 0 2.197294
372 399 1 1 0 0 1.254950
372 400 1 1 0 0 1.563394
372 406 1 1 0 0 1.234909
372 408 1 1 0 0 2.640701
372 409 1 1 0 0 2.264972
373 380 1 1 0 0 2.223960
373 382 1 1 0 0 0.572451
373 387 1 1 0 0 1.532351
373 395 1 1 0 0 1.121606
373 397 1 1 0 0 0.919239
373 399 1 1 0 0 1.618209
373 400 1 1 0 0 1.351481
373 406 1 1 0 0 2.365016
373 407 1 1 0 0 1.484082
373 408 1 1 0 0 1.432829
373 409 1 1 0 0 1.501533
373 424 1 1 0 0 2.334823
374 377 1 1 0 0 1.023963
374 379 1 1 0 0 2.426850
374 390 1 1 0 0 0.968762
374 393 1 1 0 0 2.212080
374 404 1 1 0 0 1.133225
375 376 1 1 0 0 2.520496
375 378 1 1 0 0 1.989095
375 381 1 1 0 0 0.816088
375 384 1 1 0 0 2.639735
375 398 1 1 0 0 1.004639
375 401 1 1 0 0 2.932183
375 415 1 1 0 0 1.715634
376 378 1 1 0 0 0.557853
376 381 1 1 0 0 1.909057
376 384 1 1 0 0 0.465296
376 389 1 1 0 0 0.770065
376 398 1 1 0 0 2.313871
376 401 1 1 0 0 0.970155
376 415 1 1 0 0 2.600481
377 379 1 1 0 0 1.406165
377 390 1 1 0 0 0.676018
377 393 1 1 0 0 1.256423
377 404 1 1 0 0 1.226418
378 381 1 1 0 0 1.351481
378 384 1 1 0 0 0.688840
378 389 1 1 0 0 1.114002
378 398 1 1 0 0 1.762839
378 401 1 1 0 0 1.117318
378 415 1 1 0 0 2.100405
378 426 1 1 0 0 2.745542
379 390 1 1 0 0 1.739684
379 393 1 1 0 0 0.534135
379 404 1 1 0 0 2.213820
380 382 1 1 0 0 1.921276
380 387 1 1 0 0 0.786448
380 395 1 1 0 0 1.519210
380 397 1 1 0 0 2.103188
380 399 1 1 0 0 1.008464
380 400 1 1 0 0 1.374809
380 406 1 1 0 0 0.806040
380 408 1 1 0 0 2.476489
380 409 1 1 0 0 2.055286
381 384 1 1 0 0 1.930233
381 389 1 1 0 0 2.336942
381 398 1 1 0 0 0.530000
381 401 1 1 0 0 2.161041
381 415 1 1 0 0 1.185327
382 387 1 1 0 0 1.153516
382 395 1 1 0 0 0.578014
382 397 1 1 0 0 0.420595
382 399 1 1 0 0 1.138464
382 400 1 1 0 0 0.816088
382 406 1 1 0 0 1.901578
382 407 1 1 0 0 1.292749
382 408 1 1 0 0 0.984327
382 409 1 1 0 0 0.948947
382 424 1 1 0 0 1.777217
383 391 1 1 0 0 1.953586
384 389 1 1 0 0 0.427200
384 398 1 1 0 0 2.249556
384 401 1 1 0 0 0.509215
385 388 1 1 0 0 0.221359
385 392 1 1 0 0 0.641950
385 394 1 1 0 0 1.035857
385 396 1 1 0 0 1.834693
385 402 1 1 0 0 0.457056
385 403 1 1 0 0 2.296541
385 425 1 1 0 0 2.277060
386 391 1 1 0 0 1.381774
386 405 1 1 0 0 0.651920
387 395 1 1 0 0 0.737360
387 397 1 1 0 0 1.317004
387 399 1 1 0 0 0.364005
387 400 1 1 0 0 0.626259
387 406 1 1 0 0 0.876926
387 407 1 1 0 0 2.303606
387 408 1 1 0 0 1.714322
387 409 1 1 0 0 1.327742
388 392 1 1 0 0 0.420595
388 394 1 1 0 0 0.815843
388 396 1 1 0 0 1.616447
388 402 1 1 0 0 0.401622
388 403 1 1 0 0 2.076945
388 425 1 1 0 0 2.064558
389 398 1 1 0 0 2.623928
389 401 1 1 0 0 0.402244
390 393 1 1 0 0 1.383618
390 404 1 1 0 0 0.559017
391 405 1 1 0 0 1.401178
392 394 1 1 0 0 0.401123
392 396 1 1 0 0 1.204159
392 402 1 1 0 0 0.586003
392 403 1 1 0 0 1.660482
392 420 1 1 0 0 1.154340
392 425 1 1 0 0 1.668323
393 404 1 1 0 0 1.787093
394 396 1 1 0 0 0.803057
394 402 1 1 0 0 0.955667
394 403 1 1 0 0 1.261150
394 420 1 1 0 0 0.972934
394 445 1 1 0 0 2.653696
395 397 1 1 0 0 0.592115
395 399 1 1 0 0 0.596825
395 400 1 1 0 0 0.238537
395 406 1 1 0 0 1.351629
395 407 1 1 0 0 1.569235
395 408 1 1 0 0 0.990454
395 409 1 1 0 0 0.676018
395 424 1 1 0 0 1.214002
396 402 1 1 0 0 1.736491
396 403 1 1 0 0 0.468188
396 420 1 1 0 0 1.059481
396 421 1 1 0 0 1.210165
396 433 1 1 0 0 2.135650
397 399 1 1 0 0 1.180678
397 400 1 1 0 0 0.794040
397 406 1 1 0 0 1.916899
397 407 1 1 0 0 0.990202
397 408 1 1 0 0 0.564624
397 409 1 1 0 0 0.599333
397 424 1 1 0 0 1.608975
398 401 1 1 0 0 2.380756
398 415 1 1 0 0 0.725603
398 450 1 1 0 0 2.610939
398 458 1 1 0 0 2.948101
399 400 1 1 0 0 0.392046
399 406 1 1 0 0 0.763217
399 407 1 1 0 0 2.131220
399 408 1 1 0 0 1.480000
399 409 1 1 0 0 1.047091
400 406 1 1 0 0 1.125877
400 407 1 1 0 0 1.739540
400 408 1 1 0 0 1.101681
400 409 1 1 0 0 0.701783
402 403 1 1 0 0 2.170023
402 425 1 1 0 0 1.987083
403 421 1 1 0 0 1.456194
406 407 1 1 0 0 2.820071
406 408 1 1 0 0 2.119457
406 409 1 1 0 0 1.644780
407 408 1 1 0 0 0.732462
407 409 1 1 0 0 1.206690
408 409 1 1 0 0 0.480416
410 420 1 1 0 0 2.535508
410 421 1 1 0 0 2.765249
410 425 1 1 0 0 1.886637
410 445 1 1 0 0 2.595092
410 455 1 1 0 0 2.260354
411 415 1 1 0 0 1.984943
411 417 1 1 0 0 1.281327
411 423 1 1 0 0 1.108558
411 426 1 1 0 0 2.640473
411 427 1 1 0 0 0.772010
411 428 1 1 0 0 1.109820
411 429 1 1 0 0 2.867821
411 430 1 1 0 0 2.920274
411 431 1 1 0 0 1.054182
411 447 1 1 0 0 1.990402
411 450 1 1 0 0 2.949661
411 458 1 1 0 0 2.713595
411 459 1 1 0 0 2.436658
411 463 1 1 0 0 2.844011
412 415 1 1 0 0 1.196035
412 417 1 1 0 0 1.905912
412 423 1 1 0 0 2.102617
412 426 1 1 0 0 0.676757
412 427 1 1 0 0 2.587682
412 428 1 1 0 0 2.204359
412 429 1 1 0 0 0.704911
412 430 1 1 0 0 0.737902
412 431 1 1 0 0 2.562226
412 450 1 1 0 0 2.258539
412 454 1 1 0 0 2.207374
412 458 1 1 0 0 2.862045
413 434 1 1 0 0 1.057592
413 436 1 1 0 0 1.437533
413 438 1 1 0 0 2.143735
413 453 1 1 0 0 2.754088
414 418 1 1 0 0 0.622013
414 424 1 1 0 0 0.493964
414 435 1 1 0 0 2.925884
414 437 1 1 0 0 1.274402
415 417 1 1 0 0 0.710634
415 423 1 1 0 0 0.906697
415 426 1 1 0 0 0.681542
415 427 1 1 0 0 1.397140
415 428 1 1 0 0 1.021421
415 429 1 1 0 0 0.950158
415 430 1 1 0 0 1.015480
415 431 1 1 0 0 1.408723
415 447 1 1 0 0 2.739142
415 450 1 1 0 0 1.896760
415 454 1 1 0 0 2.144062
415 458 1 1 0 0 2.226477
416 419 1 1 0 0 0.791012
416 432 1 1 0 0 2.901465
416 439 1 1 0 0 1.858279
416 441 1 1 0 0 1.541590
416 443 1 1 0 0 2.538700
416 446 1 1 0 0 2.540177
416 448 1 1 0 0 1.911256
416 449 1 1 0 0 2.644617
416 457 1 1 0 0 2.126029
416 464 1 1 0 0 2.744467
417 423 1 1 0 0 0.206155
417 426 1 1 0 0 1.359596
417 427 1 1 0 0 0.711758
417 428 1 1 0 0 0.389487
417 429 1 1 0 0 1.594804
417 430 1 1 0 0 1.650757
417 431 1 1 0 0 0.813941
417 447 1 1 0 0 2.242432
417 450 1 1 0 0 2.053412
417 454 1 1 0 0 2.441311
417 458 1 1 0 0 2.136773
417 459 1 1 0 0 2.685163
418 424 1 1 0 0 1.087796
418 437 1 1 0 0 0.965091
419 432 1 1 0 0 2.126405
419 435 1 1 0 0 2.946812
419 439 1 1 0 0 1.250000
419 440 1 1 0 0 2.677779
419 441 1 1 0 0 2.110782
419 443 1 1 0 0 1.888306
419 448 1 1 0 0 2.211108
419 452 1 1 0 0 2.498039
419 457 1 1 0 0 2.286679
419 460 1 1 0 0 2.665933
420 421 1 1 0 0 0.230217
420 422 1 1 0 0 1.370036
420 425 1 1 0 0 0.676018
420 433 1 1 0 0 1.120580
420 442 1 1 0 0 2.349574
420 445 1 1 0 0 1.692602
421 422 1 1 0 0 1.140000
421 425 1 1 0 0 0.903549
421 433 1 1 0 0 0.929570
421 442 1 1 0 0 2.145530
421 445 1 1 0 0 1.788771
422 425 1 1 0 0 2.041568
422 433 1 1 0 0 0.738173
422 442 1 1 0 0 1.315485
422 445 1 1 0 0 2.564001
423 426 1 1 0 0 1.537335
423 427 1 1 0 0 0.505668
423 428 1 1 0 0 0.221359
423 429 1 1 0 0 1.759346
423 430 1 1 0 0 1.811767
423 431 1 1 0 0 0.632456
423 447 1 1 0 0 2.069299
423 450 1 1 0 0 2.071714
423 454 1 1 0 0 2.492890
423 458 1 1 0 0 2.081370
423 459 1 1 0 0 2.517936
424 435 1 1 0 0 2.435077
424 437 1 1 0 0 1.494958
424 440 1 1 0 0 2.884025
425 433 1 1 0 0 1.691892
425 442 1 1 0 0 2.921387
425 445 1 1 0 0 1.460034
425 455 1 1 0 0 2.616907
426 427 1 1 0 0 1.990904
426 428 1 1 0 0 1.601125
426 429 1 1 0 0 0.290689
426 430 1 1 0 0 0.362353
426 431 1 1 0 0 1.925876
426 450 1 1 0 0 1.696408
426 454 1 1 0 0 1.771017
426 458 1 1 0 0 2.231345
427 428 1 1 0 0 0.390000
427 429 1 1 0 0 2.185864
427 430 1 1 0 0 2.230874
427 431 1 1 0 0 0.325730
427 447 1 1 0 0 1.666283
427 450 1 1 0 0 2.185246
427 454 1 1 0 0 2.669569
427 458 1 1 0 0 2.014448
427 459 1 1 0 0 2.126241
427 463 1 1 0 0 2.621221
428 429 1 1 0 0 1.797137
428 430 1 1 0 0 1.843177
428 431 1 1 0 0 0.424500
428 447 1 1 0 0 1.855640
428 450 1 1 0 0 1.934373
428 454 1 1 0 0 2.383212
428 458 1 1 0 0 1.889577
428 459 1 1 0 0 2.301521
428 463 1 1 0 0 2.823916
429 430 1 1 0 0 0.072111
429 431 1 1 0 0 2.085402
429 450 1 1 0 0 1.556824
429 454 1 1 0 0 1.555442
429 458 1 1 0 0 2.161481
429 468 1 1 0 0 2.714259
429 469 1 1 0 0 2.779496
430 431 1 1 0 0 2.121910
430 450 1 1 0 0 1.520691
430 454 1 1 0 0 1.499667
430 458 1 1 0 0 2.141121
430 468 1 1 0 0 2.647640
430 469 1 1 0 0 2.711826
431 447 1 1 0 0 1.437359
431 450 1 1 0 0 1.898420
431 454 1 1 0 0 2.400521
431 458 1 1 0 0 1.690946
431 459 1 1 0 0 1.888280
431 463 1 1 0 0 2.404683
431 471 1 1 0 0 2.791595
432 435 1 1 0 0 0.827345
432 439 1 1 0 0 1.350592
432 440 1 1 0 0 0.601415
432 443 1 1 0 0 0.983107
432 444 1 1 0 0 0.822800
432 456 1 1 0 0 1.440139
433 442 1 1 0 0 1.234828
433 445 1 1 0 0 1.872966
433 476 1 1 0 0 2.843449
434 436 1 1 0 0 0.417852
434 438 1 1 0 0 1.195701
434 453 1 1 0 0 1.696496
434 467 1 1 0 0 2.992524
435 439 1 1 0 0 2.129836
435 440 1 1 0 0 0.484149
435 444 1 1 0 0 0.846463
435 456 1 1 0 0 1.573054
435 472 1 1 0 0 2.961419
436 438 1 1 0 0 0.782624
436 451 1 1 0 0 2.704958
436 453 1 1 0 0 1.346291
436 467 1 1 0 0 2.643218
436 470 1 1 0 0 2.931638
438 451 1 1 0 0 1.951333
438 453 1 1 0 0 1.012423
438 467 1 1 0 0 2.178830
438 470 1 1 0 0 2.449694
439 441 1 1 0 0 2.524460
439 443 1 1 0 0 0.684251
439 448 1 1 0 0 2.176350
439 452 1 1 0 0 1.252078
439 457 1 1 0 0 2.014051
439 460 1 1 0 0 1.445579
439 462 1 1 0 0 1.809668
439 464 1 1 0 0 2.793582
439 465 1 1 0 0 1.822224
439 466 1 1 0 0 1.959235
439 475 1 1 0 0 2.460325
440 444 1 1 0 0 0.390000
440 456 1 1 0 0 1.128051
440 472 1 1 0 0 2.890329
441 446 1 1 0 0 1.032473
441 448 1 1 0 0 0.828010
441 449 1 1 0 0 1.122007
441 457 1 1 0 0 1.239879
441 461 1 1 0 0 1.559263
441 464 1 1 0 0 1.468128
441 478 1 1 0 0 2.546075
441 479 1 1 0 0 2.626404
442 445 1 1 0 0 2.772003
442 476 1 1 0 0 2.640076
443 448 1 1 0 0 2.677107
443 452 1 1 0 0 0.650000
443 457 1 1 0 0 2.434954
443 460 1 1 0 0 1.056835
443 462 1 1 0 0 1.292942
443 465 1 1 0 0 1.486371
443 466 1 1 0 0 1.506519
443 475 1 1 0 0 2.246108
444 456 1 1 0 0 0.738241
444 472 1 1 0 0 2.698981
444 486 1 1 0 0 2.881111
444 488 1 1 0 0 2.975113
445 455 1 1 0 0 1.850649
445 468 1 1 0 0 2.364847
445 469 1 1 0 0 2.300543
445 476 1 1 0 0 2.408402
445 482 1 1 0 0 2.514060
445 483 1 1 0 0 2.450245
445 487 1 1 0 0 2.934706
445 493 1 1 0 0 2.911099
446 448 1 1 0 0 1.385208
446 449 1 1 0 0 0.131529
446 457 1 1 0 0 1.744162
446 461 1 1 0 0 0.781601
446 464 1 1 0 0 1.435340
446 478 1 1 0 0 1.860242
446 479 1 1 0 0 2.558281
446 491 1 1 0 0 2.837693
446 496 1 1 0 0 2.830159
447 450 1 1 0 0 2.180367
447 454 1 1 0 0 2.715971
447 458 1 1 0 0 1.512118
447 459 1 1 0 0 0.461736
447 463 1 1 0 0 0.968349
447 471 1 1 0 0 2.065188
447 477 1 1 0 0 2.836406
447 480 1 1 0 0 1.970228
447 481 1 1 0 0 2.019926
448 449 1 1 0 0 1.400036
448 452 1 1 0 0 2.881736
448 457 1 1 0 0 0.418688
448 460 1 1 0 0 2.569552
448 461 1 1 0 0 1.484756
448 464 1 1 0 0 0.834865
448 465 1 1 0 0 2.597884
448 466 1 1 0 0 2.944979
448 475 1 1 0 0 2.577382
448 478 1 1 0 0 2.202294
448 479 1 1 0 0 1.875420
448 489 1 1 0 0 2.696312
448 491 1 1 0 0 2.716487
449 457 1 1 0 0 1.739540
449 461 1 1 0 0 0.653758
449 464 1 1 0 0 1.373062
449 478 1 1 0 0 1.730722
449 479 1 1 0 0 2.472266
449 491 1 1 0 0 2.717131
449 496 1 1 0 0 2.700019
450 454 1 1 0 0 0.548179
450 458 1 1 0 0 0.750267
450 459 1 1 0 0 2.354230
450 463 1 1 0 0 2.840792
450 471 1 1 0 0 1.632483
450 477 1 1 0 0 1.701058
450 480 1 1 0 0 2.889187
450 481 1 1 0 0 2.793081
450 492 1 1 0 0 2.776545
451 453 1 1 0 0 1.781376
451 467 1 1 0 0 1.528987
451 470 1 1 0 0 1.590000
452 457 1 1 0 0 2.565638
452 460 1 1 0 0 0.582580
452 462 1 1 0 0 0.661211
452 465 1 1 0 0 0.988838
452 466 1 1 0 0 0.906697
452 475 1 1 0 0 1.792345
453 467 1 1 0 0 1.298499
453 470 1 1 0 0 1.588081
453 490 1 1 0 0 2.715916
454 458 1 1 0 0 1.236851
454 459 1 1 0 0 2.861835
454 471 1 1 0 0 1.831529
454 477 1 1 0 0 1.629264
454 482 1 1 0 0 2.596690
454 492 1 1 0 0 2.521686
455 468 1 1 0 0 1.080185
455 469 1 1 0 0 1.124455
455 477 1 1 0 0 1.920026
455 482 1 1 0 0 2.186916
455 487 1 1 0 0 2.361228
455 497 1 1 0 0 2.586001
456 472 1 1 0 0 2.496498
456 474 1 1 0 0 2.909983
456 486 1 1 0 0 2.244148
456 488 1 1 0 0 2.415968
457 460 1 1 0 0 2.207827
457 461 1 1 0 0 1.695465
457 462 1 1 0 0 2.645770
457 464 1 1 0 0 0.786448
457 465 1 1 0 0 2.204110
457 466 1 1 0 0 2.556443
457 475 1 1 0 0 2.158703
457 478 1 1 0 0 2.224815
457 479 1 1 0 0 1.592011
457 489 1 1 0 0 2.334309
457 491 1 1 0 0 2.563123
457 496 1 1 0 0 2.991070
458 459 1 1 0 0 1.625208
458 463 1 1 0 0 2.095710
458 471 1 1 0 0 1.181059
458 477 1 1 0 0 1.619413
458 480 1 1 0 0 2.204110
458 481 1 1 0 0 2.128004
458 492 1 1 0 0 2.837340
459 463 1 1 0 0 0.546717
459 471 1 1 0 0 1.888756
459 477 1 1 0 0 2.711900
459 480 1 1 0 0 1.539415
459 481 1 1 0 0 1.606393
459 498 1 1 0 0 2.787131
460 462 1 1 0 0 0.460652
460 464 1 1 0 0 2.790340
460 465 1 1 0 0 0.431741
460 466 1 1 0 0 0.519711
460 475 1 1 0 0 1.221024
460 479 1 1 0 0 2.620878
460 489 1 1 0 0 2.460183
461 464 1 1 0 0 1.067942
461 478 1 1 0 0 1.080185
461 479 1 1 0 0 1.976082
461 489 1 1 0 0 2.976777
461 491 1 1 0 0 2.074464
461 496 1 1 0 0 2.051560
462 465 1 1 0 0 0.551543
462 466 1 1 0 0 0.283019
462 475 1 1 0 0 1.294488
462 479 1 1 0 0 2.896964
462 489 1 1 0 0 2.583738
463 471 1 1 0 0 2.109526
463 477 1 1 0 0 2.956772
463 480 1 1 0 0 1.319280
463 481 1 1 0 0 1.437359
463 498 1 1 0 0 2.281228
464 465 1 1 0 0 2.686038
464 475 1 1 0 0 2.408755
464 478 1 1 0 0 1.438367
464 479 1 1 0 0 1.185327
464 489 1 1 0 0 2.136001
464 491 1 1 0 0 1.885126
464 496 1 1 0 0 2.232935
465 466 1 1 0 0 0.361248
465 475 1 1 0 0 0.804550
465 479 1 1 0 0 2.345421
465 489 1 1 0 0 2.073861
466 475 1 1 0 0 1.023035
466 479 1 1 0 0 2.672171
466 489 1 1 0 0 2.312488
467 470 1 1 0 0 0.290689
467 490 1 1 0 0 2.435262
467 499 1 1 0 0 2.874056
468 469 1 1 0 0 0.126491
468 482 1 1 0 0 1.333042
468 483 1 1 0 0 2.518730
468 487 1 1 0 0 1.365650
468 493 1 1 0 0 2.233294
468 497 1 1 0 0 1.537335
469 482 1 1 0 0 1.216963
469 483 1 1 0 0 2.392321
469 487 1 1 0 0 1.274755
469 493 1 1 0 0 2.115183
469 497 1 1 0 0 1.467583
470 490 1 1 0 0 2.490984
470 499 1 1 0 0 2.910344
471 477 1 1 0 0 0.847703
471 480 1 1 0 0 1.480000
471 481 1 1 0 0 1.335403
471 492 1 1 0 0 2.002049
472 474 1 1 0 0 0.445533
472 485 1 1 0 0 1.566684
472 486 1 1 0 0 1.914079
472 488 1 1 0 0 1.516047
472 494 1 1 0 0 1.301730
473 484 1 1 0 0 0.700071
473 490 1 1 0 0 1.700382
473 495 1 1 0 0 1.145600
473 499 1 1 0 0 1.742297
474 485 1 1 0 0 1.158016
474 486 1 1 0 0 2.290546
474 488 1 1 0 0 1.855936
474 494 1 1 0 0 1.067333
475 479 1 1 0 0 1.752627
475 489 1 1 0 0 1.289729
475 491 1 1 0 0 2.834784
476 482 1 1 0 0 2.339765
476 483 1 1 0 0 1.060047
476 487 1 1 0 0 2.748982
476 493 1 1 0 0 1.858413
477 480 1 1 0 0 2.221936
477 481 1 1 0 0 2.057790
477 492 1 1 0 0 1.234342
478 479 1 1 0 0 1.594522
478 489 1 1 0 0 2.479355
478 491 1 1 0 0 1.114002
478 496 1 1 0 0 0.971854
479 489 1 1 0 0 1.001249
479 491 1 1 0 0 1.199708
479 496 1 1 0 0 1.856071
480 481 1 1 0 0 0.174642
480 498 1 1 0 0 1.799806
481 492 1 1 0 0 2.917962
481 498 1 1 0 0 1.932149
482 483 1 1 0 0 1.350037
482 487 1 1 0 0 0.466905
482 493 1 1 0 0 0.902109
482 497 1 1 0 0 0.820731
483 487 1 1 0 0 1.718197
483 493 1 1 0 0 0.809197
483 497 1 1 0 0 1.999050
484 490 1 1 0 0 1.711432
484 495 1 1 0 0 0.734098
484 499 1 1 0 0 1.561698
485 488 1 1 0 0 2.593781
485 494 1 1 0 0 0.773692
486 488 1 1 0 0 0.491630
486 494 1 1 0 0 2.403040
487 493 1 1 0 0 1.090413
487 497 1 1 0 0 0.356090
488 494 1 1 0 0 1.911570
489 491 1 1 0 0 1.694993
489 496 1 1 0 0 2.429094
490 495 1 1 0 0 1.124500
490 499 1 1 0 0 0.466154
491 496 1 1 0 0 0.734370
493 497 1 1 0 0 1.291898
495 499 1 1 0 0 0.863481
