0 0.001000 0.001000
1 0.435604 0.248223
2 0.896466 0.442146
3 1.395989 0.464001
4 1.719152 0.845531
5 1.918532 1.304059
6 2.410737 1.216117
7 2.004603 1.796595
8 2.870545 1.019708
9 2.370474 2.137385
10 2.597417 2.582915
11 2.713675 3.069211
12 3.370545 1.019747
13 3.150042 3.313310
14 0.210000 0.670000
15 3.793809 1.285919
16 4.143981 0.929015
17 4.602332 1.128801
18 4.986024 0.808207
19 0.430660 1.118675
20 4.811753 1.582830
21 5.280317 1.757323
22 5.536019 2.186993
23 5.780359 2.623225
24 5.100000 0.500000
25 2.890000 1.240000
26 6.164153 2.943696
27 6.659972 3.008220
28 5.730966 1.540723
29 4.650000 0.300000
30 3.887369 0.499888
31 6.070000 2.370000
32 2.225580 3.177670
33 2.820000 3.080000
34 3.951015 1.760562
35 2.905704 0.520945
36 6.220000 2.180000
37 6.611353 1.868804
38 4.337878 2.077323
39 6.133556 1.244207
40 1.734762 3.273048
41 3.880000 2.250000
42 2.510000 2.410000
43 6.660804 3.508219
44 2.430000 2.900000
45 6.287833 3.841226
46 6.267623 4.340817
47 5.820442 4.564488
48 6.499108 4.784004
49 6.570670 5.278856
50 1.210000 0.900000
51 5.425990 4.871747
52 2.550000 2.700000
53 0.553529 1.603343
54 2.550000 2.170000
55 5.186201 5.310496
56 4.876736 5.703220
57 4.816818 6.199617
58 0.970000 0.950000
59 4.318760 6.243644
60 1.530000 1.460000
61 6.400000 3.580000
62 2.230000 1.080000
63 6.491864 0.895473
64 5.110359 6.604380
65 4.834035 4.955561
66 4.790000 5.570000
67 6.901188 1.182621
68 0.424773 2.086481
69 3.900591 6.517751
70 4.090000 6.660000
71 3.740000 6.570000
72 6.360000 1.810000
73 0.360000 0.460000
74 7.372106 1.350659
75 2.390000 2.440000
76 6.270000 4.250000
77 2.850000 1.880000
78 5.522396 4.163030
79 4.336777 4.903271
80 3.400000 0.990000
81 3.558396 6.104146
82 7.739972 1.012022
83 2.040000 1.840000
84 6.150000 3.710000
85 5.610332 6.609587
86 6.660000 0.630000
87 5.915802 7.005426
88 7.692227 1.734745
89 8.239966 1.014469
90 2.220000 1.630000
91 8.022724 2.109940
92 3.497697 0.186589
93 6.065266 7.482564
94 6.524199 7.284119
95 6.145711 7.976050
96 5.667989 8.123635
97 8.250000 0.610000
98 4.189099 0.101191
99 5.034261 4.271309
100 5.755294 8.615954
101 0.980000 0.580000
102 6.430000 4.160000
103 6.494826 5.773071
104 8.550000 1.100000
105 5.309906 8.843175
106 1.512340 2.825244
107 6.614346 8.150351
108 5.910000 8.390000
109 8.471974 2.329427
110 2.448305 0.318989
111 7.664863 2.459132
112 4.360000 4.620000
113 0.870000 0.920000
114 4.844176 9.025096
115 4.570000 1.410000
116 4.432599 8.741187
117 6.450000 7.180000
118 5.300000 5.060000
119 6.580000 7.620000
120 6.540000 7.910000
121 6.007483 9.047695
122 6.590000 7.390000
123 1.929176 0.391780
124 8.971928 2.336248
125 2.940000 1.240000
126 1.320000 0.120000
127 0.250000 2.450000
128 3.580000 2.500000
129 3.720000 1.460000
130 1.950000 1.000000
131 6.410000 5.760000
132 5.723202 6.122493
133 2.830000 2.420000
134 4.090000 8.520000
135 3.250000 3.130000
136 5.270000 4.450000
137 5.290000 1.150000
138 6.470000 2.110000
139 4.480000 0.110000
140 3.349643 5.649809
141 6.180000 8.840000
142 1.130000 1.550000
143 3.992598 4.280860
144 7.656522 2.959062
145 1.120000 1.220000
146 9.380000 2.190000
147 4.775497 9.520357
148 8.630000 0.770000
149 0.540000 1.650000
150 3.492677 4.271997
151 3.741871 8.878896
152 0.760000 1.080000
153 2.280000 1.340000
154 2.180000 2.360000
155 3.720000 8.830000
156 6.630000 5.440000
157 3.356962 9.198028
158 2.960000 8.900000
159 6.270000 7.350000
160 7.350000 3.200000
161 0.194519 2.946912
162 2.740000 0.040000
163 9.507577 2.673450
164 6.040000 8.520000
165 4.290000 8.840000
166 9.588022 3.166936
167 0.180079 3.446704
168 3.340000 0.690000
169 5.430000 8.480000
170 4.320000 1.580000
171 6.580739 9.139013
172 6.130000 8.370000
173 3.640000 8.650000
174 5.240000 8.860000
175 5.990000 6.460000
176 6.020000 1.950000
177 4.480000 8.350000
178 0.638833 3.247845
179 1.730000 1.140000
180 2.485658 8.741886
181 5.280000 0.440000
182 2.230310 9.171767
183 1.670000 1.890000
184 0.300000 2.950000
185 3.750000 6.360000
186 0.100000 0.110000
187 0.146847 3.945598
188 4.169374 2.657754
189 6.410000 5.660000
190 1.045116 2.647193
191 5.590000 2.030000
192 0.244250 4.436019
193 1.880000 1.470000
194 1.740000 1.790000
195 9.127155 0.716733
196 0.090000 1.880000
197 3.870000 2.390000
198 6.280000 6.480000
199 7.074909 9.215140
200 7.522878 9.437230
201 2.174357 8.350617
202 7.410000 9.880000
203 0.430000 0.200000
204 7.380000 9.580000
205 5.900000 2.640000
206 8.008038 9.558142
207 6.050000 6.230000
208 0.423822 4.902660
209 5.758056 0.586501
210 7.060000 9.440000
211 4.283541 3.144545
212 9.833092 1.978557
213 1.742461 9.062206
214 8.385806 9.230588
215 3.360000 8.360000
216 5.270000 1.630000
217 3.890000 0.240000
218 6.410000 3.680000
219 6.140000 0.830000
220 6.220000 7.290000
221 7.380000 0.810000
222 8.878282 9.144171
223 4.800000 1.170000
224 3.540000 8.810000
225 6.390000 8.880000
226 1.400000 0.300000
227 4.540000 2.040000
228 5.824991 9.513202
229 3.120000 2.850000
230 5.210000 9.020000
231 1.727869 8.125565
232 2.620000 9.090000
233 7.830000 1.120000
234 1.380000 8.100000
235 1.570000 8.630000
236 6.040000 3.350000
237 5.670000 7.640000
238 6.050000 0.210000
239 5.540000 7.730000
240 1.342639 9.362443
241 4.540000 6.490000
242 9.210309 8.770328
243 2.210000 2.690000
244 7.377617 8.817184
245 6.979257 4.644518
246 8.806932 1.864256
247 4.140434 3.803215
248 0.550000 2.380000
249 8.880000 9.330000
250 9.443210 8.327884
251 6.220000 6.160000
252 0.550000 4.920000
253 5.920000 1.570000
254 9.621159 0.793930
255 1.090000 3.260000
256 9.338711 9.528959
257 6.900000 8.720000
258 9.460000 1.980000
259 1.430000 9.830000
260 6.250000 1.310000
261 3.990000 4.920000
262 6.580000 7.270000
263 9.600000 2.110000
264 0.280000 2.130000
265 0.939506 5.233505
266 6.410000 5.030000
267 5.620000 6.510000
268 1.355008 5.511637
269 2.391334 9.645128
270 7.609240 8.374070
271 9.770000 9.700000
272 6.180000 0.970000
273 8.823067 8.454032
274 1.169542 5.975967
275 6.300000 5.860000
276 3.900000 8.710000
277 2.690000 8.570000
278 4.800000 0.430000
279 8.640000 9.140000
280 2.520000 0.690000
281 1.522672 5.040587
282 7.459919 4.782231
283 9.272830 7.857809
284 0.050000 1.370000
285 5.560000 1.530000
286 1.613233 6.206484
287 4.270000 2.950000
288 3.150000 1.700000
289 9.402659 7.374958
290 5.460000 8.830000
291 9.670000 8.530000
292 5.230000 4.630000
293 6.150000 9.110000
294 9.710000 8.150000
295 9.630000 7.610000
296 2.101468 6.314314
297 8.907868 7.302969
298 6.930000 9.510000
299 5.690000 4.810000
300 2.050000 8.490000
301 7.260000 2.540000
302 7.290000 1.570000
303 2.190000 9.240000
304 3.410000 5.310000
305 1.630000 7.970000
306 9.417170 6.875169
307 4.700000 2.970000
308 6.090000 7.140000
309 3.480000 2.240000
310 9.746851 1.277874
311 4.386444 7.858831
312 4.650000 0.420000
313 1.005150 6.448170
314 3.590000 9.450000
315 3.975590 7.573877
316 9.830000 1.130000
317 9.820000 8.320000
318 9.660000 2.310000
319 0.170000 1.230000
320 8.603754 7.699850
321 2.280000 0.970000
322 9.700000 6.860000
323 5.560000 7.870000
324 3.290000 1.620000
325 5.770000 2.640000
326 4.800000 9.630000
327 4.100000 1.190000
328 0.090000 4.310000
329 9.880000 2.550000
330 7.922970 4.970867
331 8.010000 1.470000
332 1.150000 2.580000
333 2.180000 0.830000
334 8.610000 1.000000
335 9.520000 2.680000
336 8.390000 2.460000
337 2.740000 3.130000
338 4.450000 6.050000
339 5.430000 1.330000
340 1.770000 1.330000
341 4.750000 8.080000
342 2.597538 6.251750
343 4.540000 2.660000
344 3.700000 1.010000
345 8.470000 2.450000
346 0.505213 6.456107
347 8.171310 4.536900
348 9.310000 2.640000
349 4.810000 8.120000
350 9.350000 0.440000
351 1.950000 2.550000
352 4.160000 4.880000
353 3.840000 9.380000
354 9.750000 9.640000
355 5.188094 2.861535
356 1.790000 8.170000
357 2.460000 2.380000
358 2.740000 8.250000
359 8.136856 7.520945
360 8.830000 9.230000
361 4.870000 3.170000
362 1.800000 0.840000
363 2.510000 6.370000
364 3.800000 8.360000
365 8.910000 8.150000
366 6.980000 8.590000
367 5.430000 7.710000
368 5.830000 9.510000
369 7.740000 7.770000
370 9.097283 3.262723
371 4.450000 4.800000
372 7.357296 0.310516
373 3.390000 9.900000
374 0.881271 8.064376
375 6.370000 9.500000
376 2.440000 1.810000
377 2.870000 8.200000
378 2.530000 5.810000
379 7.893295 5.469986
380 2.890000 2.980000
381 5.640000 1.090000
382 2.580000 3.290000
383 3.100000 2.470000
384 1.270000 0.350000
385 6.200000 7.400000
386 1.150000 6.650000
387 0.690000 8.450000
388 1.600000 7.600000
389 8.730000 7.580000
390 0.610000 8.170000
391 1.190000 7.120000
392 9.420000 1.580000
393 7.430000 1.030000
394 8.066431 5.939053
395 6.400000 1.020000
396 8.682024 3.541218
397 5.570000 7.700000
398 4.520000 1.480000
399 2.730000 1.530000
400 8.070000 5.500000
401 0.480000 4.470000
402 0.780000 7.720000
403 5.380000 8.850000
404 7.540000 9.100000
405 1.900000 1.060000
406 6.300000 9.580000
407 6.960000 8.860000
408 0.840000 8.410000
409 0.412598 7.380860
410 2.790000 9.470000
411 6.230000 4.750000
412 6.400000 8.960000
413 3.380000 0.170000
414 0.050000 4.380000
415 7.040000 2.250000
416 9.030000 0.150000
417 1.867321 7.177461
418 7.640000 2.030000
419 9.247460 3.739637
420 1.530000 7.020000
421 6.000000 2.110000
422 3.470000 8.920000
423 6.430000 9.840000
424 5.940000 7.440000
425 9.280000 9.980000
426 5.000000 4.270000
427 7.900000 8.520000
428 9.940000 2.840000
429 1.160000 7.740000
430 7.290000 4.770000
431 0.240000 3.970000
432 5.590000 4.290000
433 3.960000 6.300000
434 5.200000 7.770000
435 3.750000 9.930000
436 3.480000 5.130000
437 3.450000 9.250000
438 8.563378 5.418897
439 8.960000 9.740000
440 2.310000 1.850000
441 5.850000 7.450000
442 1.590000 2.560000
443 8.560000 1.690000
444 8.410000 7.460000
445 4.370000 4.410000
446 8.824282 5.845428
447 5.390000 0.480000
448 5.730000 7.690000
449 4.810000 9.010000
450 6.330000 4.830000
451 0.360000 2.740000
452 4.910000 3.110000
453 4.220000 9.040000
454 8.070000 9.010000
455 3.380000 9.750000
456 1.130000 5.160000
457 8.365953 9.907279
458 0.862135 9.500703
459 9.600000 8.130000
460 4.130000 9.020000
461 4.500000 7.490000
462 8.280000 8.840000
463 8.200000 1.510000
464 9.880000 1.250000
465 7.170000 0.890000
466 3.570000 3.880000
467 3.830000 9.900000
468 0.250000 7.370000
469 3.060000 2.200000
470 5.910000 6.360000
471 7.790000 0.550000
472 8.970000 1.960000
473 8.840000 3.240000
474 1.929631 4.750096
475 1.250000 6.510000
476 0.197337 5.348423
477 8.810000 8.070000
478 0.640000 2.800000
479 8.430000 3.560000
480 0.190000 5.390000
481 2.910000 9.430000
482 3.490000 8.880000
483 2.380000 9.430000
484 5.900000 2.900000
485 5.990000 6.740000
486 8.200000 0.270000
487 0.840000 6.860000
488 5.050000 9.770000
489 9.720000 7.030000
490 0.960000 0.070000
491 1.750000 5.890000
492 3.070000 0.650000
493 9.150000 0.240000
494 8.050000 8.200000
495 6.210000 8.850000
496 5.890000 0.130000
497 7.450000 7.970000
498 2.050000 5.580000
499 8.490000 7.780000
500 0.360000 1.100000
501 6.560000 3.920000
502 5.010000 5.340000
503 6.000000 0.610000
504 2.280000 0.460000
505 0.620000 8.770000
506 7.398826 5.395823
507 3.620000 6.180000
508 3.110000 0.740000
509 6.330000 8.720000
510 3.900000 1.660000
511 8.986127 5.151908
512 2.820000 8.330000
513 4.060000 5.770000
514 6.090000 9.150000
515 6.480000 7.090000
516 5.640000 6.830000
517 4.400000 3.050000
518 8.160000 8.910000
519 7.400000 0.250000
520 4.260000 3.600000
521 8.680000 5.420000
522 6.880000 4.420000
523 2.359024 7.268167
524 2.020000 2.380000
525 3.170000 0.940000
526 6.540000 5.550000
527 6.800000 2.390000
528 9.370000 7.000000
529 4.210000 0.090000
530 8.040000 3.410000
531 1.430000 6.190000
532 2.160000 4.400000
533 9.322021 5.797936
534 8.530000 5.110000
535 4.430000 1.690000
536 6.020000 0.750000
537 7.300000 1.110000
538 4.870000 3.900000
539 8.190000 5.620000
540 2.050000 4.040000
541 0.640000 7.830000
542 9.150000 7.040000
543 9.340000 2.000000
544 5.120000 8.830000
545 0.980000 9.950000
546 9.360000 2.780000
547 8.030000 7.580000
548 2.820000 2.650000
549 7.540000 4.350000
550 5.190000 2.840000
551 3.940000 1.240000
552 1.160000 6.780000
553 3.210000 4.610000
554 7.990000 2.240000
555 2.390000 0.310000
556 4.730000 3.040000
557 9.410000 8.020000
558 3.680000 1.170000
559 2.440000 7.670000
560 7.440000 5.180000
561 4.240000 7.230000
562 2.170000 2.080000
563 6.860000 9.740000
564 4.400000 8.200000
565 5.260000 6.440000
566 5.630000 4.680000
567 1.940000 7.760000
568 6.410000 8.100000
569 6.920000 4.920000
570 7.300000 1.430000
571 2.840000 0.620000
572 6.130000 2.110000
573 1.410000 2.260000
574 1.930000 7.600000
575 9.630000 1.990000
576 5.300000 0.200000
577 4.350000 6.110000
578 2.160000 8.720000
579 8.913402 4.111665
580 7.980000 2.860000
581 9.490000 1.390000
582 3.270000 2.690000
583 6.220000 7.810000
584 1.310000 9.850000
585 6.240000 5.830000
586 0.990000 2.650000
587 4.960000 5.070000
588 3.890000 8.430000
589 3.650000 5.090000
590 8.670000 5.580000
591 7.690000 6.260000
592 6.260000 0.060000
593 0.132785 6.122495
594 0.590000 2.420000
595 1.110000 0.280000
596 2.210000 3.290000
597 3.502276 7.412711
598 3.870000 7.620000
599 8.630000 5.910000
600 3.440000 0.310000
601 8.070000 2.420000
602 3.490000 0.220000
603 5.410000 0.840000
604 9.550000 5.940000
605 5.390000 3.720000
606 1.430000 5.840000
607 9.540000 8.470000
608 4.870000 1.440000
609 2.110000 4.940000
610 8.030000 4.760000
611 3.860000 2.840000
612 9.640000 0.590000
613 6.750000 9.910000
614 1.710000 9.980000
615 3.580000 5.260000
616 0.970000 7.260000
617 7.218686 6.093076
618 3.940000 1.580000
619 9.070000 5.180000
620 8.290000 1.970000
621 6.820000 8.800000
622 1.590000 5.020000
623 8.570000 1.530000
624 1.950000 2.420000
625 4.800000 8.480000
626 8.400000 3.920000
627 4.410000 1.720000
628 4.070000 6.260000
629 9.680000 6.370000
630 8.690000 1.350000
631 6.410000 2.160000
632 5.890000 6.670000
633 8.950000 0.120000
634 9.380000 8.450000
635 4.530000 8.140000
636 3.640000 5.010000
637 5.120000 8.800000
638 4.680000 7.050000
639 7.450000 0.710000
640 1.870000 7.250000
641 8.460000 5.400000
642 0.570000 6.950000
643 4.140000 1.160000
644 9.646515 4.040892
645 2.120000 8.990000
646 4.500000 8.180000
647 0.970000 6.490000
648 8.320000 7.410000
649 1.550000 4.920000
650 8.580000 2.640000
651 9.240000 0.740000
652 8.720000 3.080000
653 6.110000 6.020000
654 6.210000 8.980000
655 9.070000 5.150000
656 7.740000 0.300000
657 7.490000 9.010000
658 8.890000 3.730000
659 8.920000 8.450000
660 6.170000 8.320000
661 8.530000 1.630000
662 3.660000 8.160000
663 5.200000 4.020000
664 0.280000 4.830000
665 4.020000 5.150000
666 4.490000 0.530000
667 4.230000 1.370000
668 0.600000 3.870000
669 0.600000 4.310000
670 6.490000 3.610000
671 2.440000 4.070000
672 2.640000 1.260000
673 1.110000 7.690000
674 3.870000 7.870000
675 1.620000 8.890000
676 7.800000 0.360000
677 5.920000 0.730000
678 5.110000 6.420000
679 5.420000 3.810000
680 1.398398 4.443537
681 0.330000 6.750000
682 9.190000 3.890000
683 5.290000 4.400000
684 2.570000 0.030000
685 8.300000 4.390000
686 2.620000 9.260000
687 8.520000 7.020000
688 7.930000 2.570000
689 8.500000 5.530000
690 4.960000 5.580000
691 9.850000 0.140000
692 8.660000 6.590000
693 8.160000 7.690000
694 5.280000 3.880000
695 7.640000 1.840000
696 7.500000 1.940000
697 6.610000 9.750000
698 4.210000 9.480000
699 4.780000 1.600000
700 9.310000 4.400000
701 7.110000 4.580000
702 4.180000 0.210000
703 4.710000 5.140000
704 6.540000 8.770000
705 8.500000 2.090000
706 7.280000 9.260000
707 5.670000 7.520000
708 1.260000 9.480000
709 3.710000 5.840000
710 8.420000 0.100000
711 9.040000 8.990000
712 6.780000 9.320000
713 1.590000 1.130000
714 1.180000 5.280000
715 1.840000 6.450000
716 4.300000 1.810000
717 3.970000 6.640000
718 7.280000 9.220000
719 4.160000 0.800000
720 9.100000 9.150000
721 0.450000 2.360000
722 6.540000 6.800000
723 0.140000 5.770000
724 5.120000 4.650000
725 6.850000 6.330000
726 7.640000 5.590000
727 7.830000 2.610000
728 1.570000 9.250000
729 8.100000 4.460000
730 4.780000 0.560000
731 3.990000 9.860000
732 2.900000 4.180000
733 8.010000 5.630000
734 6.490000 8.180000
735 6.400000 8.830000
736 2.450000 4.020000
737 9.800000 0.410000
738 8.840000 4.910000
739 0.550000 2.320000
740 1.350000 2.930000
741 4.370000 7.700000
742 9.440000 4.140000
743 1.170000 6.470000
744 8.290000 7.470000
745 7.700000 9.070000
746 0.820000 4.470000
747 5.470000 7.460000
748 3.880000 0.430000
749 0.470000 6.630000
750 9.230000 3.070000
751 8.900000 9.910000
752 1.510000 5.570000
753 8.490000 9.810000
754 1.140000 1.700000
755 2.800000 3.950000
756 0.640000 9.540000
757 1.430000 9.070000
758 2.757094 5.364547
759 7.800000 0.570000
760 8.290000 5.140000
761 3.480000 9.430000
762 4.900000 2.280000
763 2.540000 9.360000
764 8.140000 6.940000
765 9.420000 5.470000
766 9.590000 1.470000
767 7.810000 0.450000
768 2.950000 8.950000
769 0.370000 9.480000
770 1.690000 4.980000
771 2.890000 8.990000
772 0.230000 3.300000
773 4.620000 7.600000
774 1.830000 8.540000
775 9.120000 1.270000
776 4.760000 2.030000
777 4.980000 9.720000
778 1.240000 5.000000
779 2.920000 6.390000
780 8.500000 3.580000
781 3.590000 5.890000
782 2.190000 7.220000
783 3.600000 3.900000
784 5.930000 2.360000
785 3.170000 4.200000
786 9.940000 1.860000
787 1.070000 1.260000
788 9.000000 8.820000
789 7.640000 4.330000
790 5.260000 7.780000
791 3.980000 4.430000
792 9.590000 2.860000
793 7.590000 9.080000
794 2.910000 6.290000
795 0.650000 0.300000
796 7.480000 5.540000
797 7.460000 2.690000
798 2.830000 4.020000
799 4.980000 0.410000
800 6.300000 6.730000
801 7.060000 1.990000
802 4.860000 6.000000
803 7.190000 2.860000
804 9.100000 8.800000
805 6.420000 3.130000
806 4.690000 5.990000
807 6.450000 8.920000
808 7.730000 9.950000
809 1.490000 3.070000
810 0.560000 7.040000
811 0.770000 9.830000
812 8.220000 7.880000
813 3.860000 4.180000
814 4.910000 1.590000
815 7.570000 5.210000
816 3.880000 8.720000
817 9.180000 8.480000
818 2.900000 8.550000
819 3.160000 4.260000
820 8.320000 5.840000
821 9.990000 1.460000
822 9.550000 1.970000
823 2.300000 8.900000
824 6.950000 4.500000
825 9.540000 8.860000
826 7.650000 1.600000
827 9.620000 9.490000
828 2.720000 0.510000
829 4.990000 9.280000
830 0.410000 8.980000
831 2.830000 6.400000
832 9.850000 1.600000
833 9.210000 2.490000
834 8.960000 7.420000
835 9.700000 2.340000
836 2.350000 7.940000
837 3.580000 2.930000
838 7.300330 7.492927
839 5.650000 4.240000
840 6.130000 7.470000
841 7.880000 0.870000
842 8.970000 2.950000
843 7.850000 7.720000
844 0.540000 7.980000
845 2.710000 7.620000
846 6.590000 7.460000
847 0.230000 5.970000
848 4.190000 8.100000
849 6.140000 9.160000
850 2.880000 2.460000
851 5.890000 4.810000
852 4.270000 9.610000
853 3.870000 8.230000
854 2.320000 9.140000
855 5.340000 9.690000
856 1.550000 6.530000
857 6.030000 6.010000
858 6.140000 3.910000
859 3.860000 5.700000
860 6.190000 0.890000
861 9.860000 6.910000
862 1.270000 4.200000
863 7.780000 9.220000
864 6.320000 2.060000
865 0.610000 2.440000
866 6.840000 1.050000
867 0.250000 3.260000
868 8.660000 0.040000
869 6.940000 8.920000
870 9.740000 4.560000
871 5.690000 9.230000
872 8.080000 8.560000
873 9.090000 8.670000
874 8.920000 4.150000
875 6.330000 5.080000
876 5.720000 4.120000
877 5.460000 5.160000
878 4.610000 8.470000
879 8.350000 4.680000
880 6.510000 3.820000
881 8.870000 0.310000
882 3.570000 2.350000
883 4.640000 9.760000
884 8.070000 2.890000
885 1.640000 8.870000
886 1.100000 6.190000
887 3.630000 0.380000
888 0.790000 2.760000
889 9.370000 6.080000
890 0.530000 9.140000
891 5.910000 2.680000
892 7.290000 8.140000
893 6.290000 3.970000
894 9.390000 1.050000
895 6.010000 5.250000
896 4.270000 5.160000
897 8.630000 5.030000
898 5.040000 9.980000
899 4.640000 0.910000
900 3.560000 1.210000
901 0.890000 2.310000
902 2.910000 1.970000
903 3.940000 5.720000
904 4.450000 6.270000
905 8.440000 3.970000
906 9.680000 5.170000
907 7.420000 5.800000
908 1.230000 3.110000
909 4.650000 6.970000
910 2.680000 0.310000
911 8.050000 4.980000
912 7.560000 9.460000
913 1.680000 4.370000
914 6.430000 0.750000
915 2.460000 8.680000
916 5.570000 8.180000
917 0.580000 3.620000
918 3.530000 1.070000
919 7.470000 6.430000
920 0.290000 9.350000
921 1.300000 9.110000
922 2.460000 8.810000
923 8.010000 4.780000
924 5.440000 0.040000
925 9.000000 8.320000
926 4.200000 7.770000
927 0.850000 1.600000
928 4.350000 3.950000
929 5.590000 0.330000
930 5.310000 8.100000
931 5.650000 8.640000
932 3.560000 8.870000
933 8.730000 3.560000
934 3.070000 6.480000
935 6.180000 3.380000
936 9.820000 1.500000
937 1.590000 2.590000
938 0.640000 1.470000
939 5.980000 1.600000
940 8.850000 3.000000
941 5.060000 7.420000
942 1.780000 4.120000
943 0.290000 2.290000
944 4.850000 5.220000
945 2.400000 7.510000
946 6.640000 3.720000
947 5.330000 8.200000
948 4.420000 7.440000
949 4.570000 3.080000
950 8.380000 7.440000
951 9.720000 9.730000
952 2.930000 0.880000
953 4.400000 1.110000
954 5.420000 8.610000
955 7.960000 7.160000
956 9.980000 4.150000
957 3.690000 2.020000
958 9.000000 3.550000
959 1.410000 9.430000
960 8.900000 5.510000
961 5.250000 0.010000
962 3.680000 7.410000
963 9.110000 0.530000
964 3.650000 1.260000
965 9.680000 6.340000
966 4.350000 1.460000
967 0.120000 1.000000
968 6.310000 3.990000
969 1.810000 9.430000
970 0.020000 2.420000
971 2.460000 5.250000
972 9.690000 6.410000
973 5.520000 1.090000
974 6.940000 8.930000
975 2.730000 5.250000
976 3.840000 5.800000
977 2.140000 6.380000
978 5.000000 7.220000
979 3.360000 5.590000
980 7.990000 2.650000
981 4.810000 8.870000
982 9.300000 9.430000
983 4.150000 1.360000
984 5.840000 4.370000
985 2.770000 0.540000
986 7.620000 2.510000
987 3.510000 5.140000
988 6.580000 1.130000
989 5.870000 6.820000
990 0.470000 7.460000
991 0.970000 0.100000
992 5.630000 0.900000
993 9.500000 2.550000
994 6.170000 9.980000
995 5.440000 2.880000
996 0.750000 3.690000
997 1.400000 1.280000
998 9.390000 4.460000
999 7.010000 2.800000
1000 8.270000 8.810000
1001 8.530000 6.060000
1002 0.750000 0.050000
1003 2.410000 8.250000
1004 8.520000 2.320000
1005 5.110000 7.400000
1006 0.790000 4.580000
1007 7.310000 2.940000
1008 2.440000 2.920000
1009 0.360000 3.080000
1010 2.210000 9.910000
1011 1.320000 7.950000
1012 9.170000 4.140000
1013 3.900000 4.920000
1014 4.540000 4.900000
1015 6.040000 8.040000
1016 0.440000 2.130000
1017 5.610000 1.520000
1018 3.520000 4.680000
1019 3.570000 4.420000
1020 6.710000 1.140000
1021 8.930000 6.350000
1022 3.720000 4.850000
1023 5.340000 5.440000
1024 9.330000 0.470000
1025 7.600000 4.860000
1026 7.240000 9.950000
1027 8.820000 6.170000
1028 5.080000 0.890000
1029 7.920000 4.660000
1030 5.570000 7.380000
1031 9.130000 5.170000
1032 8.320000 9.180000
1033 NaN NaN
1034 4.960000 8.740000
1035 4.260000 2.920000
1036 2.670000 1.670000
1037 4.190000 5.480000
1038 3.890000 0.480000
1039 9.520000 0.620000
1040 4.820000 2.140000
1041 0.720000 5.110000
1042 4.880000 4.480000
1043 9.820000 7.650000
1044 6.570000 3.580000
1045 5.780000 4.850000
1046 1.490000 4.470000
1047 7.220000 0.030000
1048 8.230000 2.160000
1049 9.190000 0.830000
1050 3.790000 3.970000
1051 1.110000 7.360000
1052 1.420000 2.030000
1053 7.990000 7.880000
1054 2.580000 8.810000
1055 2.870000 6.180000
1056 9.350000 6.690000
1057 4.640000 5.610000
1058 3.340000 4.560000
1059 0.520000 3.290000
1060 0.070000 4.180000
1061 0.280000 6.900000
1062 1.050000 5.440000
1063 8.330000 4.240000
1064 8.790000 2.260000
1065 0.480000 0.350000
1066 6.230000 6.010000
1067 7.560000 5.940000
1068 5.190000 9.310000
1069 2.500000 8.750000
1070 6.160000 8.170000
1071 3.680000 3.050000
1072 8.070000 6.080000
1073 1.470000 0.530000
1074 5.360000 1.930000
1075 9.250000 7.850000
1076 8.840000 0.300000
1077 1.710000 8.140000
1078 2.020000 9.400000
1079 2.920000 1.480000
1080 1.700000 1.690000
1081 1.490000 0.820000
1082 8.700000 7.270000
1083 7.740000 1.700000
1084 8.690000 4.140000
1085 9.140000 8.370000
1086 7.860000 0.110000
1087 3.980000 0.260000
1088 0.810000 0.720000
1089 8.760000 0.970000
1090 1.110000 8.460000
1091 7.220000 8.100000
1092 0.240000 7.910000
1093 2.230000 2.340000
1094 8.970000 7.250000
1095 8.380000 9.030000
1096 5.740000 7.300000
1097 7.060000 6.450000
1098 7.870000 5.920000
1099 1.550000 2.700000
1100 3.810000 7.500000
1101 1.980000 9.690000
1102 1.410000 1.680000
1103 2.310000 8.350000
1104 9.110000 0.290000
1105 0.330000 4.990000
1106 4.000000 7.930000
1107 8.530000 2.950000
1108 7.500000 9.640000
1109 1.270000 8.790000
1110 3.590000 6.310000
1111 3.440000 9.220000
1112 3.460000 4.500000
1113 7.250000 4.270000
1114 6.570000 4.430000
1115 5.610000 5.930000
1116 4.880000 2.160000
1117 2.580000 9.100000
1118 8.430000 9.420000
1119 9.390000 6.310000
1120 4.700000 3.910000
1121 3.770000 3.290000
1122 2.120000 5.810000
1123 7.490000 8.740000
1124 7.280000 9.360000
1125 4.480000 7.130000
1126 4.650000 0.260000
1127 8.940000 2.520000
1128 6.410000 1.500000
1129 2.130000 7.460000
1130 7.140000 0.150000
1131 0.057456 8.375487
1132 4.470000 5.650000
1133 3.270000 4.080000
1134 9.730000 0.790000
1135 7.740000 7.400000
1136 8.020000 6.980000
1137 0.060000 8.610000
1138 1.870000 2.510000
1139 8.830000 3.140000
1140 3.350000 6.380000
1141 0.860000 8.070000
1142 1.670000 9.210000
1143 8.800000 4.490000
1144 9.370000 6.100000
1145 5.000000 8.250000
1146 9.350000 7.300000
1147 9.460000 1.210000
1148 8.630000 6.660000
1149 0.980000 8.290000
1150 9.990000 3.130000
1151 7.880000 3.930000
1152 3.730000 0.770000
1153 3.260000 9.060000
1154 6.090000 9.500000
1155 2.390000 8.390000
1156 2.850000 7.730000
1157 1.270000 5.780000
1158 5.370000 5.780000
1159 7.260000 6.300000
1160 5.600000 2.780000
1161 4.070000 2.370000
1162 3.690000 0.580000
1163 1.220000 2.210000
1164 9.880000 8.350000
1165 2.410000 6.920000
1166 9.050000 7.170000
1167 2.810000 9.220000
1168 6.050000 0.880000
1169 4.980000 9.660000
1170 8.840000 9.770000
1171 4.250000 8.560000
1172 4.540000 0.220000
1173 8.620000 4.420000
1174 5.580000 5.140000
1175 6.700000 2.580000
1176 5.660000 6.950000
1177 6.100000 9.270000
1178 1.080000 1.610000
1179 5.450000 1.670000
1180 3.780000 0.540000
1181 8.880000 6.950000
1182 0.050000 7.440000
1183 5.100000 6.340000
1184 5.720000 0.520000
1185 6.390000 4.330000
1186 3.760000 0.370000
1187 4.310000 1.270000
1188 2.200000 2.660000
1189 0.460000 0.690000
1190 0.500000 6.310000
1191 1.100000 0.110000
1192 9.510000 0.040000
1193 1.930000 0.460000
1194 7.940000 4.020000
1195 0.870000 0.020000
1196 2.000000 4.320000
1197 6.130000 6.960000
1198 6.230000 4.410000
1199 5.490000 5.670000
1200 1.450000 2.040000
1201 4.430000 8.550000
1202 8.350000 4.750000
1203 2.400000 0.800000
1204 3.940000 9.670000
1205 9.310000 1.330000
1206 2.350000 2.430000
1207 5.620000 5.870000
1208 3.180000 1.220000
1209 2.290000 8.420000
1210 5.760000 0.720000
1211 9.720000 3.810000
1212 6.820000 9.150000
1213 6.150000 1.640000
1214 3.880000 4.250000
1215 9.580000 8.570000
1216 1.420000 4.120000
1217 2.570000 0.280000
1218 9.460000 1.190000
1219 4.120000 9.990000
1220 5.390000 7.270000
1221 2.580000 6.080000
1222 7.400000 0.650000
1223 0.040000 4.080000
1224 4.270000 4.860000
1225 2.580000 5.900000
1226 2.620000 7.230000
1227 4.460000 3.780000
1228 4.090000 1.680000
1229 5.040000 7.180000
1230 2.140000 0.680000
1231 0.690000 0.940000
1232 7.550000 8.020000
1233 6.140000 0.810000
1234 1.620000 5.040000
1235 5.890000 8.340000
1236 5.380000 4.980000
1237 0.130000 5.180000
1238 2.640000 1.690000
1239 3.870000 0.670000
1240 3.370000 2.890000
1241 5.480000 7.570000
1242 0.870000 6.740000
1243 0.370000 9.440000
1244 0.430000 8.300000
1245 5.360000 3.370000
1246 6.120000 8.700000
1247 0.480000 2.190000
1248 9.940000 4.070000
1249 2.520000 1.350000
1250 3.260000 1.510000
1251 2.030000 8.670000
1252 7.700000 4.970000
1253 0.300000 4.680000
1254 4.600000 9.620000
1255 1.540000 1.110000
1256 3.840000 3.980000
1257 9.130000 4.330000
1258 5.090000 5.680000
1259 1.670000 1.210000
1260 4.260000 4.770000
1261 3.910000 8.310000
1262 6.380000 4.010000
1263 5.690000 9.790000
1264 2.410000 6.420000
1265 9.510000 8.560000
1266 2.400000 8.480000
1267 1.270000 0.040000
1268 4.020000 9.540000
1269 2.690000 4.490000
1270 0.460000 9.720000
1271 0.740000 5.680000
1272 1.580000 2.310000
1273 7.750000 7.970000
1274 4.130000 7.600000
1275 8.700000 7.950000
1276 4.650000 0.500000
1277 5.390000 8.720000
1278 8.600000 5.430000
1279 5.350000 7.280000
1280 5.900000 5.890000
1281 1.170000 1.150000
1282 6.150000 8.710000
1283 7.160000 9.650000
1284 8.390000 3.510000
1285 2.980000 4.740000
1286 9.780000 1.440000
1287 0.750000 3.720000
1288 5.510000 8.390000
1289 1.620000 6.250000
1290 3.070000 3.200000
1291 8.600000 6.200000
1292 2.350000 5.470000
1293 0.980000 5.760000
1294 5.430000 4.510000
1295 1.150000 0.520000
1296 6.080000 6.260000
1297 8.430000 2.360000
1298 2.160000 6.730000
1299 5.530000 9.410000
1300 7.810000 6.310000
1301 7.270000 5.310000
1302 9.660000 7.150000
1303 7.600000 5.840000
1304 2.310000 0.540000
1305 8.590000 2.110000
1306 8.820000 8.050000
1307 2.550000 7.480000
1308 9.680000 6.800000
1309 9.200000 1.960000
1310 2.430000 3.680000
1311 6.200000 4.750000
1312 9.370000 1.160000
1313 6.280000 0.770000
1314 5.800000 8.820000
1315 4.090000 2.670000
1316 0.070000 0.760000
1317 9.820000 7.860000
1318 4.210000 3.500000
1319 3.260000 2.010000
1320 2.340000 0.010000
1321 4.850000 0.150000
1322 3.440000 7.340000
1323 1.140000 9.440000
1324 5.690000 1.270000
1325 7.110000 2.150000
1326 2.240000 4.250000
1327 4.080000 5.840000
1328 2.500000 1.980000
1329 5.260000 5.680000
1330 6.040000 4.840000
1331 0.120000 2.330000
1332 5.950000 1.670000
1333 6.070000 8.080000
1334 1.270000 8.550000
1335 8.640000 5.490000
1336 7.890000 5.740000
1337 4.630000 1.360000
1338 2.720000 5.040000
1339 5.430000 4.420000
1340 0.030000 7.780000
1341 4.330000 6.640000
1342 8.580000 2.500000
1343 2.380000 1.600000
1344 0.800000 0.140000
1345 7.530000 4.630000
1346 1.790000 3.010000
1347 8.550000 4.630000
1348 9.940000 5.250000
1349 7.180000 1.710000
1350 2.730000 2.790000
1351 4.700000 0.180000
1352 2.730000 9.750000
1353 3.200000 2.700000
1354 7.300000 8.560000
1355 4.760000 5.350000
1356 1.910000 2.880000
1357 7.950000 5.710000
1358 4.670000 0.130000
1359 8.900000 0.910000
1360 4.120000 9.300000
1361 9.920000 7.180000
1362 9.670000 9.060000
1363 6.870000 1.030000
1364 7.140000 2.210000
1365 9.750000 3.080000
1366 5.990000 6.480000
1367 8.540000 6.070000
1368 7.520000 8.960000
1369 5.720000 8.500000
1370 1.560000 1.360000
1371 0.490000 3.430000
1372 2.900000 9.350000
1373 9.940000 8.490000
1374 4.610000 9.040000
1375 3.010000 7.860000
1376 9.660000 2.380000
1377 8.310000 6.550000
1378 0.830000 7.910000
1379 9.410000 6.730000
1380 9.010000 9.270000
1381 8.940000 6.110000
1382 1.370000 8.590000
1383 7.690000 7.810000
1384 2.860000 5.120000
1385 2.580000 0.660000
1386 4.480000 3.730000
1387 5.490000 7.370000
1388 0.800000 6.710000
1389 8.320000 7.330000
1390 8.500000 0.150000
1391 0.100000 6.370000
1392 2.080000 3.070000
1393 9.530000 2.100000
1394 5.340000 4.320000
1395 4.800000 3.860000
1396 2.870000 5.830000
1397 6.190000 1.820000
1398 7.930000 1.530000
1399 2.910000 6.910000
1400 8.770000 9.540000
1401 9.860000 7.230000
1402 0.660000 0.840000
1403 5.710000 5.770000
1404 1.060000 7.590000
1405 3.900000 6.420000
1406 9.370000 1.930000
1407 2.060000 6.410000
1408 8.010000 7.080000
1409 0.720000 8.230000
1410 2.390000 3.280000
1411 0.010000 0.430000
1412 4.740000 4.250000
1413 6.880000 9.470000
1414 5.550000 8.480000
1415 7.160000 7.630000
1416 7.720000 0.030000
1417 0.090000 6.310000
1418 2.300000 4.620000
1419 3.990000 8.450000
1420 1.180000 8.540000
1421 7.810000 4.230000
1422 2.030000 1.950000
1423 7.560000 1.900000
1424 1.580000 8.250000
1425 5.540000 3.560000
1426 9.970000 1.100000
1427 6.200000 2.710000
1428 7.480000 6.500000
1429 2.420000 1.140000
1430 2.220000 8.570000
1431 0.710000 4.630000
1432 8.650000 1.830000
1433 2.450000 1.140000
1434 0.280000 2.190000
1435 6.320000 5.090000
1436 0.660000 1.140000
1437 8.300000 8.530000
1438 8.000000 0.250000
1439 9.800000 4.340000
1440 8.350000 0.370000
1441 4.240000 9.360000
1442 1.680000 5.910000
1443 0.700000 5.010000
1444 8.710000 0.500000
1445 2.880000 8.310000
1446 0.750000 3.040000
1447 3.080000 8.380000
1448 5.220000 7.460000
1449 0.040000 2.260000
1450 2.880000 9.000000
1451 9.720000 4.090000
1452 0.250000 2.750000
1453 0.760000 3.130000
1454 6.770000 2.320000
1455 7.000000 7.920000
1456 9.100000 9.070000
1457 7.140000 0.230000
1458 8.770000 8.320000
1459 3.440000 8.050000
1460 2.760000 8.580000
1461 5.690000 1.960000
1462 0.280000 4.190000
1463 5.320000 0.020000
1464 8.210000 7.300000
1465 6.180000 9.900000
1466 8.330000 5.100000
1467 9.120000 9.770000
1468 1.070000 1.140000
1469 4.970000 9.620000
1470 2.590000 9.530000
1471 4.590000 0.170000
1472 4.690000 1.310000
1473 1.500000 8.240000
1474 9.340000 3.840000
1475 5.900000 1.870000
1476 3.830000 1.800000
1477 9.710000 2.820000
1478 4.310000 0.400000
1479 0.790000 7.370000
1480 4.770000 4.540000
1481 1.210000 9.280000
1482 9.800000 2.050000
1483 0.760000 0.020000
1484 6.620000 9.570000
1485 6.580000 7.420000
1486 1.560000 2.860000
1487 9.260000 6.280000
1488 9.650000 8.090000
1489 5.140000 8.420000
1490 5.840000 4.420000
1491 4.350000 1.450000
1492 8.680000 5.530000
1493 9.720000 6.250000
1494 9.860000 5.530000
1495 1.020000 6.860000
1496 9.590000 7.800000
1497 0.480000 5.790000
1498 5.890000 5.320000
1499 8.700000 5.130000
1500 5.390000 5.420000
1501 0.560000 3.750000
1502 4.980000 5.470000
1503 2.190000 8.200000
1504 7.070000 8.390000
1505 8.710000 6.390000
1506 4.280000 5.470000
1507 9.230000 1.870000
1508 0.150000 5.740000
1509 8.170000 9.810000
1510 8.260000 5.520000
1511 4.890000 0.360000
1512 8.020000 8.290000
1513 5.020000 7.330000
1514 0.300000 9.290000
1515 1.570000 8.390000
1516 9.700000 5.270000
1517 0.040000 1.660000
1518 6.540000 0.510000
1519 3.710000 7.460000
1520 0.120000 7.360000
1521 0.230000 8.960000
1522 5.500000 1.850000
1523 4.740000 5.730000
1524 2.280000 7.960000
1525 4.890000 0.120000
1526 1.080000 6.720000
1527 5.200000 0.910000
1528 2.590000 0.060000
1529 0.140000 9.030000
1530 9.990000 3.920000
1531 2.100000 6.250000
1532 6.450000 7.630000
1533 1.170000 4.750000
1534 4.000000 2.820000
1535 8.080000 0.640000
1536 1.860000 8.210000
1537 2.630000 0.070000
1538 3.560000 8.340000
1539 9.630000 9.440000
1540 4.880000 0.100000
1541 6.590000 8.120000
1542 5.240000 0.260000
1543 1.680000 1.480000
1544 2.360000 7.360000
1545 8.640000 4.430000
1546 1.790000 5.990000
1547 1.780000 7.590000
1548 0.280000 3.520000
1549 0.790000 4.890000
1550 2.570000 3.710000
1551 1.650000 0.250000
1552 3.880000 1.440000
1553 3.450000 4.020000
1554 0.280000 8.660000
1555 3.670000 2.940000
1556 0.140000 9.380000
1557 1.150000 4.650000
1558 0.180000 5.520000
1559 7.350000 5.780000
1560 2.510000 2.870000
1561 9.170000 9.600000
1562 1.020000 8.760000
1563 3.880000 6.510000
1564 3.930000 9.850000
1565 1.780000 2.590000
1566 7.930000 2.550000
1567 4.600000 2.310000
1568 9.160000 0.890000
1569 0.650000 1.150000
1570 6.210000 7.850000
1571 6.260000 5.400000
1572 9.250000 7.140000
1573 6.900000 9.680000
1574 9.280000 4.810000
1575 4.790000 2.890000
1576 3.070000 8.670000
1577 7.670000 2.310000
1578 3.840000 0.290000
1579 2.790000 2.960000
1580 3.330000 4.720000
1581 0.250000 3.670000
1582 9.810000 2.760000
1583 8.320000 7.020000
1584 0.780000 1.810000
1585 7.330000 2.020000
1586 3.200000 4.420000
1587 4.490000 7.370000
1588 3.960000 0.820000
1589 7.200000 2.610000
1590 4.460000 7.660000
1591 2.940000 9.060000
1592 8.000000 2.740000
1593 4.220000 5.460000
1594 0.880000 6.570000
1595 8.120000 8.700000
1596 1.430000 8.660000
1597 1.120000 5.300000
1598 6.240000 2.490000
1599 0.680000 8.150000
1600 0.780000 0.470000
1601 3.280000 2.190000
1602 3.450000 3.630000
1603 9.370000 9.690000
1604 9.780000 5.480000
1605 6.420000 1.260000
1606 2.960000 9.690000
1607 1.910000 0.580000
1608 0.790000 5.350000
1609 4.410000 5.500000
1610 8.090000 5.070000
1611 9.070000 2.340000
1612 5.730000 9.720000
1613 6.480000 6.770000
1614 4.440000 0.120000
1615 9.070000 5.810000
1616 9.580000 0.190000
1617 5.100000 2.240000
1618 3.580000 7.110000
1619 2.460000 2.040000
1620 9.850000 6.430000
1621 3.990000 9.090000
1622 2.050000 6.450000
1623 8.110000 4.230000
1624 2.000000 8.100000
1625 5.040000 2.020000
1626 5.030000 1.180000
1627 9.150000 5.820000
1628 6.090000 7.560000
1629 4.120000 0.300000
1630 0.760000 7.400000
1631 8.570000 3.980000
1632 8.840000 4.120000
1633 2.420000 5.730000
1634 0.760000 2.110000
1635 0.580000 1.550000
1636 5.630000 0.990000
1637 1.480000 1.580000
1638 2.900000 1.440000
1639 1.010000 6.260000
1640 8.700000 6.890000
1641 0.780000 7.080000
1642 1.480000 0.930000
1643 4.290000 0.630000
1644 1.070000 0.260000
1645 6.620000 9.550000
1646 8.060000 4.290000
1647 5.150000 9.670000
1648 5.410000 9.510000
1649 5.360000 7.580000
1650 5.900000 7.730000
1651 9.390000 9.860000
1652 2.680000 9.570000
1653 5.160000 2.810000
1654 0.040000 8.580000
1655 5.480000 9.810000
1656 7.540000 4.320000
1657 6.900000 7.610000
1658 5.760000 6.090000
1659 5.550000 5.340000
1660 0.530000 7.990000
1661 1.230000 4.780000
1662 1.300000 4.770000
1663 1.690000 4.510000
1664 5.230000 1.350000
1665 9.950000 9.970000
1666 5.950000 4.490000
1667 4.190000 4.130000
1668 8.300000 4.660000
1669 1.930000 7.040000
1670 0.800000 4.680000
1671 4.530000 6.840000
1672 9.320000 1.780000
1673 0.170000 4.200000
1674 0.050000 7.630000
1675 6.610000 0.980000
1676 9.230000 4.520000
1677 9.310000 4.850000
1678 8.070000 6.950000
1679 8.230000 6.200000
1680 4.730000 6.660000
1681 3.750000 9.790000
1682 3.030000 0.390000
1683 5.960000 0.060000
1684 7.460000 3.140000
1685 9.560000 0.540000
1686 2.130000 8.250000
1687 1.130000 0.640000
1688 2.240000 3.940000
1689 8.950000 6.040000
1690 9.600000 4.890000
1691 8.650000 1.570000
1692 8.430000 5.920000
1693 1.420000 2.290000
1694 4.220000 7.780000
1695 9.250000 7.830000
1696 5.610000 4.330000
1697 6.540000 4.680000
1698 8.500000 0.740000
1699 1.310000 7.760000
1700 9.000000 7.430000
1701 0.480000 3.540000
1702 5.680000 1.800000
1703 9.340000 5.930000
1704 2.790000 7.360000
1705 1.830000 2.690000
1706 4.450000 8.980000
1707 6.660000 1.050000
1708 2.120000 3.800000
1709 2.430000 2.270000
1710 2.950000 4.800000
1711 0.650000 3.690000
1712 8.930000 2.200000
1713 3.600000 0.910000
1714 8.920000 3.530000
1715 2.990000 0.690000
1716 4.000000 2.840000
1717 3.270000 4.170000
1718 4.510000 0.160000
1719 0.010000 5.040000
1720 2.330000 0.380000
1721 9.950000 7.460000
1722 2.160000 3.080000
1723 8.230000 0.950000
1724 3.150000 2.400000
1725 6.760000 8.810000
1726 3.110000 9.270000
1727 5.730000 4.650000
1728 5.630000 3.360000
1729 4.620000 8.830000
1730 5.940000 4.900000
1731 0.380000 5.130000
1732 6.720000 9.870000
1733 7.400000 1.150000
1734 1.260000 4.770000
1735 8.480000 0.810000
1736 9.120000 0.850000
1737 7.420000 8.820000
1738 4.380000 6.800000
1739 9.320000 3.820000
1740 4.150000 6.930000
1741 7.710000 2.210000
1742 6.640000 3.410000
1743 8.170000 8.950000
1744 0.800000 0.680000
1745 4.720000 7.520000
1746 0.260000 3.360000
1747 8.010000 8.650000
1748 7.740000 2.650000
1749 9.430000 5.100000
1750 9.240000 1.040000
1751 6.960000 1.760000
1752 6.280000 1.040000
1753 7.910000 2.680000
1754 4.120000 1.380000
1755 5.140000 0.460000
1756 6.460000 1.960000
1757 3.040000 3.780000
1758 7.700000 3.830000
1759 0.300000 6.780000
1760 1.300000 8.260000
1761 4.190000 3.970000
1762 4.720000 7.660000
1763 7.460000 6.060000
1764 0.500000 0.300000
1765 1.320000 4.900000
1766 5.850000 7.780000
1767 6.910000 5.820000
1768 3.720000 2.640000
1769 0.020000 9.800000
1770 4.110000 2.360000
1771 0.690000 5.340000
1772 0.640000 1.700000
1773 8.600000 9.200000
1774 4.620000 2.850000
1775 5.540000 7.770000
1776 6.070000 4.640000
1777 0.170000 5.700000
1778 9.630000 0.600000
1779 6.500000 5.560000
1780 4.070000 6.090000
1781 3.280000 2.670000
1782 0.420000 1.400000
1783 8.090000 8.510000
1784 2.970000 5.270000
1785 4.680000 5.130000
1786 3.950000 8.200000
1787 0.530000 4.440000
1788 2.930000 2.860000
1789 8.280000 9.460000
1790 9.910000 5.150000
1791 3.650000 8.030000
1792 9.290000 7.920000
1793 7.780000 7.980000
1794 8.050000 2.120000
1795 2.110000 9.170000
1796 5.290000 2.060000
1797 2.320000 1.400000
1798 1.110000 4.060000
1799 0.380000 0.060000
1800 0.250000 8.450000
1801 7.410000 1.870000
1802 0.050000 5.700000
1803 2.060000 8.510000
1804 6.030000 8.860000
1805 3.070000 2.370000
1806 6.490000 4.130000
1807 0.480000 2.400000
1808 2.250000 8.830000
1809 1.850000 0.260000
1810 9.580000 3.020000
1811 7.270000 6.220000
1812 5.380000 0.150000
1813 3.310000 2.530000
1814 0.020000 2.180000
1815 2.530000 1.700000
1816 6.300000 9.960000
1817 0.990000 2.400000
1818 5.490000 1.140000
1819 8.970000 3.150000
1820 0.650000 3.410000
1821 4.230000 2.090000
1822 3.720000 1.930000
1823 8.000000 0.020000
1824 2.240000 3.950000
1825 5.040000 2.760000
1826 9.210000 9.290000
1827 0.560000 1.700000
1828 3.740000 2.120000
1829 6.910000 9.410000
1830 7.340000 7.280000
1831 0.490000 2.830000
1832 8.440000 3.720000
1833 5.520000 1.770000
1834 7.880000 6.530000
1835 5.340000 4.150000
1836 3.680000 0.430000
1837 9.690000 3.120000
1838 3.040000 1.370000
1839 6.860000 8.740000
1840 6.990000 1.870000
1841 9.350000 7.940000
1842 3.390000 0.070000
1843 9.050000 0.760000
1844 9.410000 0.850000
1845 0.130000 8.900000
1846 4.750000 5.830000
1847 7.650000 4.940000
1848 1.490000 1.600000
1849 3.000000 0.380000
1850 8.380000 6.650000
1851 9.090000 4.770000
1852 9.730000 3.500000
1853 8.660000 2.420000
1854 9.640000 1.440000
1855 8.620000 9.150000
1856 5.680000 9.280000
1857 1.670000 1.010000
1858 9.570000 3.580000
1859 9.620000 5.020000
1860 9.920000 7.340000
1861 5.640000 2.470000
1862 4.280000 6.130000
1863 8.260000 6.090000
1864 0.170000 6.300000
1865 1.090000 2.320000
1866 3.350000 6.580000
1867 8.830000 6.090000
1868 6.850000 5.160000
1869 7.790000 3.560000
1870 7.050000 2.930000
1871 7.140000 9.940000
1872 9.700000 8.760000
1873 8.900000 3.210000
1874 9.690000 8.650000
1875 9.990000 7.900000
1876 0.190000 5.500000
1877 1.770000 0.500000
1878 3.080000 8.340000
1879 0.790000 6.280000
1880 8.670000 4.020000
1881 8.970000 1.760000
1882 8.970000 0.030000
1883 8.440000 7.950000
1884 0.870000 6.780000
1885 7.950000 3.960000
1886 1.200000 1.050000
1887 9.810000 6.100000
1888 2.750000 4.230000
1889 2.880000 3.250000
1890 2.260000 6.420000
1891 2.520000 0.450000
1892 8.880000 6.830000
1893 4.870000 3.300000
1894 6.550000 3.770000
1895 6.940000 8.090000
1896 1.360000 6.740000
1897 4.070000 5.080000
1898 2.310000 4.520000
1899 8.750000 2.610000
1900 3.780000 8.040000
1901 9.750000 5.510000
1902 5.370000 0.450000
1903 4.720000 8.900000
1904 7.870000 8.410000
1905 8.480000 4.190000
1906 1.210000 8.750000
1907 5.730000 7.860000
1908 4.270000 4.910000
1909 8.570000 0.020000
1910 0.900000 9.250000
1911 8.940000 7.550000
1912 7.110000 7.830000
1913 7.390000 4.710000
1914 6.620000 8.130000
1915 3.770000 7.850000
1916 9.000000 3.000000
1917 3.390000 0.810000
1918 4.670000 5.890000
1919 2.410000 9.230000
1920 2.120000 4.540000
1921 9.420000 7.220000
1922 7.200000 6.430000
1923 8.380000 3.900000
1924 9.280000 9.930000
1925 1.400000 5.420000
1926 5.450000 5.900000
1927 9.650000 2.350000
1928 0.220000 2.260000
1929 4.030000 0.030000
1930 9.420000 6.910000
1931 6.150000 1.730000
1932 5.660000 6.890000
1933 6.920000 1.590000
1934 9.110000 5.070000
1935 1.250000 4.220000
1936 4.230000 1.740000
1937 6.620000 4.780000
1938 4.150000 7.520000
1939 6.450000 5.860000
1940 2.630000 2.380000
1941 9.460000 2.850000
1942 0.700000 1.740000
1943 9.270000 1.010000
1944 9.440000 2.660000
1945 6.860000 7.510000
1946 8.500000 6.740000
1947 8.750000 2.070000
1948 1.600000 9.710000
1949 6.350000 3.770000
1950 6.730000 1.680000
1951 2.340000 4.870000
1952 6.760000 4.370000
1953 2.400000 8.290000
1954 8.980000 6.200000
1955 8.270000 7.370000
1956 4.780000 4.460000
1957 9.300000 8.260000
1958 2.410000 7.810000
1959 6.390000 2.960000
1960 1.390000 8.350000
1961 3.680000 9.820000
1962 0.630000 7.050000
1963 1.650000 8.060000
1964 1.370000 8.030000
1965 0.040000 0.730000
1966 0.350000 8.030000
1967 5.370000 2.040000
1968 8.090000 2.660000
1969 4.910000 2.400000
1970 8.160000 1.130000
1971 9.300000 9.220000
1972 7.360000 8.590000
1973 4.000000 7.340000
1974 9.030000 0.240000
1975 4.470000 7.390000
1976 5.640000 5.230000
1977 7.420000 9.480000
1978 8.420000 6.490000
1979 5.460000 7.550000
1980 0.150000 9.500000
1981 4.020000 9.840000
1982 5.000000 5.400000
1983 4.200000 7.750000
1984 1.400000 9.210000
1985 7.500000 1.110000
1986 6.470000 3.470000
1987 5.710000 7.030000
1988 9.030000 3.310000
1989 3.400000 4.070000
1990 2.500000 5.120000
1991 4.830000 5.670000
1992 3.130000 6.940000
1993 8.500000 8.370000
1994 7.900000 5.540000
1995 9.860000 8.600000
1996 2.220000 2.240000
1997 2.480000 5.590000
1998 9.260000 4.100000
1999 3.810000 7.480000
2000 0.740000 8.480000
2001 9.930000 1.770000
2002 6.780000 5.300000
2003 6.660000 4.890000
2004 2.670000 8.880000
2005 7.480000 8.460000
2006 3.630000 9.530000
2007 0.740000 8.690000
2008 5.310000 0.960000
2009 1.090000 4.570000
2010 1.830000 9.710000
2011 8.380000 1.740000
2012 8.740000 2.850000
2013 4.960000 2.330000
2014 4.990000 1.790000
2015 2.700000 6.530000
2016 3.210000 4.710000
2017 7.200000 8.960000
2018 1.270000 6.670000
2019 1.060000 4.700000
2020 6.590000 5.830000
2021 3.140000 2.150000
2022 3.620000 1.370000
2023 2.960000 2.720000
2024 9.200000 4.530000
2025 7.970000 3.710000
2026 7.150000 2.930000
2027 3.400000 1.190000
2028 6.900000 7.360000
2029 8.960000 6.720000
2030 0.690000 5.170000
2031 6.370000 6.690000
2032 2.690000 8.070000
2033 5.260000 8.330000
2034 8.380000 2.180000
2035 4.260000 1.250000
2036 1.310000 7.010000
2037 4.000000 6.910000
2038 9.570000 4.190000
2039 4.530000 5.110000
2040 9.760000 6.110000
2041 1.150000 2.650000
2042 4.600000 1.570000
2043 0.510000 2.570000
2044 1.340000 7.600000
2045 7.730000 9.020000
2046 7.190000 6.410000
2047 4.120000 1.990000
2048 7.150000 7.070000
2049 8.940000 1.420000
2050 4.600000 1.500000
2051 9.370000 2.980000
2052 1.210000 6.550000
2053 7.540000 9.570000
2054 9.800000 6.830000
2055 8.460000 1.510000
2056 9.730000 2.320000
2057 4.610000 7.410000
2058 2.310000 4.500000
2059 9.260000 0.620000
2060 3.440000 8.530000
2061 0.710000 2.120000
2062 0.470000 4.360000
2063 9.760000 0.120000
2064 5.200000 2.110000
2065 1.600000 4.880000
2066 1.390000 5.440000
2067 6.080000 5.840000
2068 0.750000 5.120000
2069 5.790000 7.390000
2070 7.910000 6.890000
2071 8.530000 5.590000
2072 0.090000 7.660000
2073 7.160000 1.020000
2074 4.020000 1.310000
2075 4.950000 5.380000
2076 0.370000 1.820000
2077 2.920000 5.780000
2078 6.280000 2.460000
2079 2.690000 2.690000
2080 9.920000 0.550000
2081 3.590000 4.180000
2082 1.700000 4.400000
2083 8.940000 2.960000
2084 6.520000 4.910000
2085 8.690000 2.810000
2086 3.430000 4.180000
2087 3.550000 8.700000
2088 0.020000 4.950000
2089 8.030000 3.800000
2090 8.350000 1.200000
2091 8.150000 8.770000
2092 5.900000 5.210000
2093 9.770000 0.340000
2094 2.680000 1.240000
2095 3.790000 3.890000
2096 7.690000 0.640000
2097 3.510000 2.700000
2098 2.470000 7.570000
2099 7.720000 7.900000
2100 4.340000 6.040000
2101 8.060000 1.930000
2102 5.550000 2.350000
2103 3.590000 8.300000
2104 0.500000 2.060000
2105 6.340000 5.990000
2106 3.730000 8.500000
2107 2.480000 8.870000
2108 6.960000 6.830000
2109 9.920000 0.540000
2110 5.750000 1.350000
2111 2.250000 2.950000
2112 8.330000 0.520000
2113 5.490000 2.000000
2114 9.170000 8.230000
2115 9.980000 3.240000
2116 5.210000 0.290000
2117 6.490000 0.480000
2118 1.050000 0.480000
2119 5.000000 7.840000
2120 4.090000 8.250000
2121 9.520000 0.410000
2122 0.930000 3.780000
2123 1.360000 8.600000
2124 2.110000 8.780000
2125 8.420000 7.130000
2126 4.510000 2.560000
2127 0.700000 1.120000
2128 7.620000 8.870000
2129 8.570000 3.950000
2130 8.900000 4.700000
2131 3.090000 1.310000
2132 5.360000 2.730000
2133 3.690000 0.600000
2134 2.380000 7.660000
2135 8.750000 7.070000
2136 3.940000 0.110000
2137 0.310000 2.090000
2138 5.730000 4.540000
2139 7.270000 6.560000
2140 9.060000 4.840000
2141 7.720000 5.440000
2142 0.860000 9.450000
2143 8.390000 7.190000
2144 5.290000 0.270000
2145 6.760000 6.810000
2146 4.580000 8.300000
2147 9.030000 8.860000
2148 9.140000 1.930000
2149 7.600000 6.980000
2150 7.820000 7.880000
2151 4.520000 2.730000
2152 9.220000 0.710000
2153 3.900000 1.390000
2154 0.520000 6.510000
2155 2.820000 3.010000
2156 7.310000 9.250000
2157 3.840000 7.280000
2158 3.700000 2.160000
2159 4.930000 9.470000
2160 3.640000 3.140000
2161 2.940000 8.040000
2162 7.290000 5.840000
2163 7.620000 8.130000
2164 2.050000 6.020000
2165 5.700000 1.510000
2166 7.560000 2.080000
2167 6.060000 5.650000
2168 9.100000 1.260000
2169 5.680000 0.220000
2170 3.580000 1.280000
2171 9.970000 8.920000
2172 7.840000 4.600000
2173 8.050000 3.900000
2174 1.990000 0.510000
2175 4.670000 0.790000
2176 2.380000 0.490000
2177 8.380000 4.380000
2178 7.400000 7.210000
2179 7.940000 4.670000
2180 8.880000 1.550000
2181 2.020000 1.640000
2182 6.400000 1.460000
2183 5.090000 9.100000
2184 9.820000 2.810000
2185 1.780000 5.060000
2186 9.720000 1.810000
2187 0.860000 0.960000
2188 6.130000 3.060000
2189 0.320000 8.770000
2190 6.140000 8.670000
2191 3.630000 8.690000
2192 0.350000 1.020000
2193 7.690000 2.670000
2194 3.010000 2.840000
2195 3.620000 9.050000
2196 1.760000 8.730000
2197 4.450000 8.220000
2198 9.800000 4.390000
2199 8.650000 3.320000
2200 5.300000 4.240000
2201 0.150000 3.520000
2202 3.530000 7.070000
2203 4.270000 4.950000
2204 8.470000 1.800000
2205 8.180000 8.470000
2206 5.680000 9.760000
2207 7.070000 3.990000
2208 4.000000 5.280000
2209 2.020000 5.820000
2210 6.820000 6.780000
2211 3.420000 7.690000
2212 0.060000 1.730000
2213 1.280000 7.720000
2214 3.990000 4.830000
2215 3.350000 4.810000
2216 9.650000 6.880000
2217 4.280000 1.020000
2218 0.110000 5.060000
2219 3.930000 8.000000
2220 5.090000 4.470000
2221 4.290000 7.930000
2222 9.990000 8.680000
2223 9.640000 8.040000
2224 4.700000 0.920000
2225 3.740000 5.690000
2226 2.310000 6.260000
2227 6.960000 7.570000
2228 4.430000 7.410000
2229 7.400000 6.000000
2230 5.390000 0.510000
2231 6.960000 7.800000
2232 3.790000 3.770000
2233 0.900000 9.650000
2234 5.790000 3.490000
2235 5.800000 4.900000
2236 5.250000 3.800000
2237 6.370000 6.470000
2238 7.410000 8.000000
2239 4.650000 9.900000
2240 8.940000 3.520000
2241 1.740000 8.950000
2242 1.090000 9.300000
2243 6.760000 1.240000
2244 4.040000 3.140000
2245 5.640000 5.050000
2246 1.470000 6.840000
2247 5.220000 5.790000
2248 3.140000 8.660000
2249 5.220000 2.440000
2250 7.350000 1.930000
2251 9.800000 5.020000
2252 5.670000 5.070000
2253 0.810000 0.130000
2254 3.940000 6.050000
2255 1.260000 0.530000
2256 8.490000 0.120000
2257 9.830000 0.100000
2258 8.720000 2.400000
2259 3.700000 6.050000
2260 5.800000 3.640000
2261 9.280000 1.690000
2262 9.300000 8.470000
2263 1.310000 8.570000
2264 5.130000 3.610000
2265 5.840000 4.640000
2266 5.270000 1.400000
2267 6.100000 5.460000
2268 8.010000 5.130000
2269 3.640000 2.770000
2270 6.230000 5.620000
2271 7.940000 9.450000
2272 3.240000 2.050000
2273 8.100000 9.140000
2274 9.010000 2.140000
2275 1.650000 4.430000
2276 6.810000 9.460000
2277 7.290000 4.650000
2278 5.850000 2.580000
2279 9.350000 4.270000
2280 5.280000 5.590000
2281 1.840000 5.960000
2282 2.890000 1.990000
2283 2.740000 1.350000
2284 0.950000 1.160000
2285 1.630000 2.240000
2286 2.140000 9.480000
2287 7.780000 5.120000
2288 0.780000 4.920000
2289 5.410000 8.730000
2290 2.800000 1.490000
2291 9.020000 4.760000
2292 8.790000 1.610000
2293 0.240000 5.930000
2294 4.280000 9.500000
2295 9.430000 1.800000
2296 3.070000 4.760000
2297 3.940000 7.060000
2298 3.850000 6.460000
2299 6.960000 8.070000
2300 2.360000 2.370000
2301 0.340000 1.450000
2302 4.510000 9.980000
2303 1.360000 5.610000
2304 1.840000 0.940000
2305 0.230000 4.240000
2306 3.010000 8.680000
2307 5.230000 4.740000
2308 NaN NaN
2309 0.440000 4.820000
2310 8.360000 6.640000
2311 9.450000 6.780000
2312 7.480000 6.570000
2313 4.360000 9.720000
2314 6.820000 7.220000
2315 2.930000 6.920000
2316 6.750000 1.400000
2317 6.180000 8.550000
2318 6.450000 1.940000
2319 7.140000 1.170000
2320 1.800000 3.030000
2321 2.100000 7.130000
2322 2.390000 1.990000
2323 2.350000 1.460000
2324 7.230000 2.310000
2325 7.310000 3.110000
2326 0.980000 4.730000
2327 1.350000 4.860000
2328 7.520000 2.240000
2329 1.210000 4.760000
2330 8.210000 6.710000
2331 7.230000 2.910000
2332 5.780000 4.200000
2333 2.670000 4.900000
2334 1.510000 2.320000
2335 4.510000 6.600000
2336 0.480000 3.690000
2337 9.910000 5.370000
2338 9.010000 2.970000
2339 0.760000 7.310000
2340 5.750000 5.920000
2341 5.680000 3.720000
2342 7.040000 8.630000
2343 4.360000 2.660000
2344 3.480000 3.090000
2345 1.650000 6.570000
2346 9.050000 7.280000
2347 6.550000 7.770000
2348 2.590000 9.160000
2349 8.240000 6.880000
2350 6.970000 7.940000
2351 3.050000 3.830000
2352 1.520000 4.250000
2353 5.860000 5.350000
2354 9.560000 4.280000
2355 1.940000 8.920000
2356 7.190000 2.640000
2357 8.370000 2.210000
2358 7.750000 3.000000
2359 0.340000 5.440000
2360 5.380000 2.660000
2361 6.860000 4.120000
2362 2.370000 5.870000
2363 3.860000 1.640000
2364 0.090000 6.350000
2365 5.230000 7.310000
2366 6.310000 4.680000
2367 6.970000 8.170000
2368 6.830000 9.820000
2369 4.590000 8.870000
2370 2.660000 4.410000
2371 7.430000 5.130000
2372 9.190000 1.770000
2373 8.650000 3.630000
2374 1.030000 0.730000
2375 0.990000 7.210000
2376 7.560000 1.670000
2377 4.240000 8.500000
2378 3.780000 9.800000
2379 9.750000 0.920000
2380 5.350000 8.110000
2381 9.300000 2.550000
2382 3.980000 4.510000
2383 7.350000 2.280000
2384 8.030000 6.880000
2385 7.780000 6.290000
2386 1.770000 5.950000
2387 0.640000 3.530000
2388 9.940000 7.850000
2389 8.370000 0.550000
2390 6.540000 0.940000
2391 2.510000 8.160000
2392 3.990000 7.670000
2393 8.560000 0.420000
2394 9.940000 7.520000
2395 5.150000 2.170000
2396 0.970000 7.950000
2397 7.190000 5.950000
2398 5.210000 7.230000
2399 3.740000 9.310000
2400 3.040000 5.890000
2401 6.130000 4.010000
2402 4.140000 3.810000
2403 7.160000 8.770000
2404 0.280000 2.930000
2405 0.840000 1.230000
2406 7.540000 4.770000
2407 9.580000 0.530000
2408 6.280000 8.670000
2409 9.320000 7.590000
2410 1.980000 0.450000
2411 0.620000 0.060000
2412 1.140000 2.050000
2413 8.470000 9.240000
2414 6.540000 4.690000
2415 5.470000 1.820000
2416 8.390000 5.670000
2417 7.510000 8.070000
2418 5.900000 1.800000
2419 1.090000 3.650000
2420 2.080000 4.620000
2421 7.630000 0.670000
2422 6.380000 2.440000
2423 9.310000 1.230000
2424 9.010000 5.490000
2425 6.790000 7.830000
2426 7.490000 9.240000
2427 1.690000 2.620000
2428 2.250000 2.570000
2429 1.510000 6.000000
2430 3.130000 4.640000
2431 7.520000 3.540000
2432 3.570000 4.000000
2433 1.700000 1.320000
2434 9.490000 9.150000
2435 4.040000 4.950000
2436 9.750000 7.950000
2437 4.600000 2.440000
2438 8.020000 1.350000
2439 6.210000 1.520000
2440 0.350000 0.040000
2441 9.350000 9.020000
2442 6.670000 2.490000
2443 7.180000 2.940000
2444 2.450000 2.850000
2445 8.980000 5.100000
2446 2.170000 2.840000
2447 3.830000 9.390000
2448 9.190000 8.430000
2449 0.090000 0.610000
2450 8.030000 0.710000
2451 8.110000 2.500000
2452 1.040000 7.650000
2453 7.200000 2.970000
2454 7.300000 1.180000
2455 8.950000 1.500000
2456 9.860000 5.720000
2457 0.270000 1.910000
2458 6.470000 2.620000
2459 7.300000 7.600000
2460 2.350000 8.060000
2461 6.890000 4.690000
2462 0.720000 5.910000
2463 4.850000 6.280000
2464 4.460000 0.130000
2465 2.850000 6.790000
2466 3.500000 6.010000
2467 2.730000 7.370000
2468 3.020000 4.570000
2469 3.080000 5.250000
2470 9.040000 7.600000
2471 2.760000 1.500000
2472 1.380000 4.980000
2473 5.040000 2.990000
2474 9.610000 6.420000
2475 4.270000 4.030000
2476 4.850000 2.800000
2477 0.710000 2.770000
2478 4.640000 0.440000
2479 4.180000 1.360000
2480 0.010000 3.530000
2481 1.370000 8.680000
2482 9.630000 2.070000
2483 3.860000 9.470000
2484 7.230000 8.730000
2485 1.440000 1.360000
2486 5.300000 5.390000
2487 6.270000 4.620000
2488 9.040000 2.870000
2489 6.280000 7.970000
2490 0.170000 9.520000
2491 0.280000 4.950000
2492 6.080000 0.160000
2493 0.400000 5.380000
2494 7.310000 9.990000
2495 3.940000 3.780000
2496 6.960000 7.140000
2497 8.830000 1.740000
2498 4.350000 2.880000
2499 1.770000 3.160000
2500 3.790000 5.310000
2501 7.390000 5.870000
2502 6.320000 2.670000
2503 0.300000 5.660000
2504 7.550000 7.770000
2505 4.440000 2.910000
2506 1.370000 0.130000
2507 8.290000 3.660000
2508 3.500000 1.350000
2509 9.290000 2.520000
2510 8.390000 4.700000
2511 6.840000 2.220000
2512 9.340000 0.830000
2513 1.400000 9.150000
2514 3.310000 4.240000
2515 3.990000 6.280000
2516 8.310000 1.760000
2517 1.320000 4.540000
2518 4.660000 8.000000
2519 1.990000 2.500000
2520 8.330000 4.490000
2521 3.950000 0.130000
2522 0.260000 7.770000
2523 8.200000 3.870000
2524 7.600000 7.290000
2525 1.230000 5.660000
2526 4.390000 9.540000
2527 7.790000 5.940000
2528 4.330000 6.170000
2529 7.630000 2.480000
2530 9.150000 3.280000
2531 9.720000 4.460000
2532 6.430000 9.660000
2533 3.850000 7.910000
2534 6.540000 7.140000
2535 6.330000 9.830000
2536 1.170000 4.950000
2537 6.620000 0.240000
2538 6.500000 7.930000
2539 2.520000 2.430000
2540 7.020000 8.970000
2541 3.540000 9.340000
2542 7.320000 0.300000
2543 1.480000 5.020000
2544 0.340000 4.440000
2545 1.510000 9.490000
2546 0.320000 2.490000
2547 0.640000 6.640000
2548 0.940000 9.180000
2549 5.970000 0.660000
2550 4.170000 8.750000
2551 1.610000 6.980000
2552 4.520000 3.830000
2553 0.100000 1.340000
2554 2.530000 1.310000
2555 1.120000 2.950000
2556 1.400000 4.680000
2557 3.820000 1.690000
2558 6.340000 7.050000
2559 6.350000 7.840000
2560 6.430000 4.070000
2561 3.450000 4.240000
2562 2.190000 7.820000
2563 7.340000 1.940000
2564 3.620000 3.610000
2565 9.200000 9.890000
2566 7.020000 2.280000
2567 0.630000 4.830000
2568 5.920000 2.130000
2569 8.060000 8.410000
2570 4.430000 9.670000
2571 9.990000 6.500000
2572 4.940000 3.710000
2573 1.600000 7.000000
2574 0.720000 6.180000
2575 8.470000 9.460000
2576 4.170000 1.320000
2577 8.240000 1.550000
2578 6.210000 9.350000
2579 1.700000 9.610000
2580 8.600000 2.470000
2581 2.900000 6.050000
2582 7.920000 2.520000
2583 3.980000 4.160000
2584 2.900000 0.470000
2585 6.920000 7.840000
2586 6.000000 7.380000
2587 2.890000 0.720000
2588 8.730000 6.630000
2589 2.630000 9.070000
2590 1.220000 3.570000
2591 5.770000 6.540000
2592 7.860000 5.260000
2593 5.380000 0.070000
2594 9.460000 1.630000
2595 3.130000 8.980000
2596 3.810000 8.620000
2597 2.830000 2.690000
2598 9.410000 8.500000
2599 3.900000 7.550000
2600 2.070000 4.300000
2601 9.660000 8.130000
2602 6.970000 1.510000
2603 8.660000 7.260000
2604 5.820000 1.230000
2605 7.040000 7.390000
2606 3.690000 4.630000
2607 5.620000 6.330000
2608 2.800000 1.290000
2609 7.790000 9.700000
2610 5.290000 8.980000
2611 7.490000 9.550000
2612 9.570000 8.890000
2613 9.920000 2.950000
2614 2.940000 9.490000
2615 8.810000 2.890000
2616 1.810000 4.850000
2617 6.710000 6.760000
2618 6.290000 4.010000
2619 5.240000 3.430000
2620 9.010000 2.130000
2621 2.750000 0.520000
2622 3.390000 5.750000
2623 2.080000 3.850000
2624 9.910000 5.200000
2625 0.050000 6.120000
2626 9.150000 2.120000
2627 8.980000 7.770000
2628 7.200000 1.550000
2629 5.380000 2.580000
2630 4.700000 5.110000
2631 4.150000 5.050000
2632 1.980000 4.880000
2633 4.050000 5.380000
2634 4.510000 7.870000
2635 3.030000 6.690000
2636 1.670000 2.980000
2637 1.760000 3.760000
2638 1.190000 3.630000
2639 8.780000 5.770000
2640 5.990000 2.740000
2641 8.360000 2.500000
2642 2.240000 0.980000
2643 3.920000 2.720000
2644 1.300000 8.130000
2645 7.790000 4.680000
2646 2.140000 9.920000
2647 1.870000 3.750000
2648 6.760000 2.480000
2649 9.340000 7.200000
2650 3.200000 4.860000
2651 4.860000 3.540000
2652 7.600000 1.290000
2653 4.750000 4.160000
2654 4.960000 2.890000
2655 8.800000 0.380000
2656 9.480000 2.630000
2657 0.190000 6.340000
2658 4.580000 7.100000
2659 0.290000 9.900000
2660 6.010000 8.760000
2661 0.770000 4.940000
2662 1.110000 2.880000
2663 0.740000 0.060000
2664 9.400000 2.280000
2665 2.830000 3.880000
2666 6.190000 4.200000
2667 1.830000 4.440000
2668 9.740000 2.080000
2669 6.550000 4.550000
2670 5.900000 9.450000
2671 7.730000 5.110000
2672 1.290000 8.380000
2673 8.020000 1.540000
2674 0.440000 9.170000
2675 6.190000 1.680000
2676 4.730000 6.470000
2677 0.280000 8.940000
2678 9.750000 0.710000
2679 9.400000 7.150000
2680 1.950000 8.970000
2681 3.390000 7.960000
2682 4.400000 3.010000
2683 3.620000 0.540000
2684 2.930000 4.320000
2685 9.460000 3.370000
2686 9.350000 7.340000
2687 6.120000 7.310000
2688 4.620000 4.340000
2689 9.810000 1.960000
2690 5.760000 5.790000
2691 0.220000 0.300000
2692 5.030000 0.080000
2693 5.590000 3.000000
2694 6.890000 7.730000
2695 8.540000 8.030000
2696 5.590000 1.870000
2697 0.470000 0.550000
2698 2.110000 1.780000
2699 5.590000 8.860000
2700 9.560000 7.440000
2701 8.550000 0.310000
2702 2.250000 6.810000
2703 2.400000 4.660000
2704 8.120000 3.820000
2705 8.120000 7.960000
2706 1.480000 9.170000
2707 3.670000 4.800000
2708 0.050000 3.590000
2709 7.530000 8.690000
2710 2.520000 3.510000
2711 3.220000 0.560000
2712 5.890000 8.380000
2713 8.820000 0.060000
2714 7.590000 0.640000
2715 1.440000 3.890000
2716 9.600000 6.260000
2717 0.720000 4.200000
2718 1.760000 8.550000
2719 2.590000 1.050000
2720 1.140000 2.080000
2721 1.150000 0.020000
2722 4.060000 2.180000
2723 2.240000 5.970000
2724 9.580000 4.080000
2725 1.390000 6.090000
2726 3.330000 2.290000
2727 7.700000 9.900000
2728 3.500000 7.760000
2729 1.550000 0.430000
2730 0.230000 0.790000
2731 2.430000 7.350000
2732 9.710000 1.500000
2733 4.280000 0.340000
2734 0.270000 5.960000
2735 0.120000 8.210000
2736 3.890000 9.340000
2737 0.520000 1.510000
2738 9.000000 2.080000
2739 0.580000 4.460000
2740 9.320000 0.990000
2741 5.700000 8.430000
2742 9.720000 1.950000
2743 1.260000 7.280000
2744 3.010000 4.470000
2745 0.720000 4.980000
2746 2.830000 8.930000
2747 4.340000 0.860000
2748 1.990000 5.700000
2749 3.160000 4.010000
2750 5.900000 4.190000
2751 2.460000 0.550000
2752 4.420000 0.440000
2753 8.480000 2.120000
2754 6.940000 7.820000
2755 1.530000 2.270000
2756 2.890000 3.130000
2757 1.960000 1.830000
2758 9.880000 9.860000
2759 0.540000 6.450000
2760 8.600000 9.290000
2761 3.360000 5.440000
2762 7.440000 5.010000
2763 0.310000 3.720000
2764 4.190000 1.500000
2765 9.100000 9.220000
2766 4.730000 6.790000
2767 2.790000 8.230000
2768 7.220000 9.240000
2769 7.430000 3.430000
2770 0.560000 5.470000
2771 6.120000 5.360000
2772 9.390000 0.400000
2773 1.530000 6.910000
2774 4.020000 2.910000
2775 7.400000 1.050000
2776 7.310000 7.290000
2777 1.850000 0.600000
2778 5.450000 6.000000
2779 4.720000 6.850000
2780 4.320000 5.680000
2781 7.210000 8.350000
2782 0.340000 3.470000
2783 5.840000 6.430000
2784 4.810000 2.260000
2785 9.810000 7.020000
2786 6.610000 7.940000
2787 6.640000 8.400000
2788 0.650000 2.260000
2789 2.230000 4.740000
2790 1.180000 1.240000
2791 1.240000 6.910000
2792 8.140000 9.480000
2793 7.810000 4.860000
2794 9.090000 5.560000
2795 8.640000 9.740000
2796 9.740000 5.280000
2797 7.330000 8.240000
2798 1.260000 5.940000
2799 4.180000 5.360000
2800 6.650000 1.030000
2801 5.710000 6.740000
2802 6.150000 5.320000
2803 3.860000 6.830000
2804 4.400000 3.530000
2805 2.860000 0.480000
2806 8.490000 8.160000
2807 0.400000 9.610000
2808 9.440000 7.700000
2809 8.280000 7.890000
2810 4.900000 1.990000
2811 0.060000 0.790000
2812 5.570000 4.550000
2813 9.840000 9.390000
2814 8.000000 8.950000
2815 3.160000 4.470000
2816 9.460000 5.880000
2817 7.180000 6.620000
2818 1.430000 1.920000
2819 8.350000 3.130000
2820 7.670000 9.930000
2821 3.130000 2.170000
2822 0.910000 9.150000
2823 6.530000 0.730000
2824 1.310000 0.950000
2825 9.480000 9.800000
2826 0.050000 6.000000
2827 9.560000 0.770000
2828 0.070000 6.890000
2829 1.610000 7.590000
2830 2.070000 5.640000
2831 7.380000 0.550000
2832 8.510000 2.240000
2833 5.400000 8.180000
2834 8.690000 8.420000
2835 4.160000 5.830000
2836 4.080000 6.050000
2837 3.840000 7.260000
2838 5.220000 1.150000
2839 4.010000 5.670000
2840 3.000000 2.410000
2841 4.320000 1.470000
2842 7.870000 3.990000
2843 9.690000 3.940000
2844 8.490000 2.150000
2845 0.700000 0.510000
2846 7.790000 6.570000
2847 8.250000 4.400000
2848 9.710000 2.840000
2849 1.140000 6.790000
2850 NaN NaN
2851 2.710000 5.650000
2852 2.110000 5.000000
2853 7.350000 5.260000
2854 5.570000 1.910000
2855 8.830000 8.140000
2856 1.930000 2.850000
2857 8.700000 7.390000
2858 6.110000 9.770000
2859 1.540000 3.120000
2860 NaN NaN
2861 1.000000 1.330000
2862 0.700000 5.560000
2863 6.450000 1.120000
2864 7.620000 1.660000
2865 8.780000 6.870000
2866 8.080000 6.380000
2867 8.790000 0.540000
2868 2.770000 3.680000
2869 7.730000 5.030000
2870 2.620000 5.780000
2871 0.040000 3.870000
2872 1.900000 3.150000
2873 9.490000 4.260000
2874 6.470000 8.360000
2875 7.280000 4.620000
2876 1.360000 4.780000
2877 0.800000 6.450000
2878 2.090000 1.140000
2879 7.060000 0.720000
2880 4.260000 9.620000
2881 0.690000 6.130000
2882 4.180000 0.920000
2883 1.220000 6.370000
2884 8.340000 4.320000
2885 8.810000 1.440000
2886 6.490000 4.640000
2887 0.150000 0.560000
2888 1.260000 2.570000
2889 3.700000 4.250000
2890 1.850000 8.690000
2891 3.120000 2.810000
2892 8.340000 3.710000
2893 9.370000 8.610000
2894 4.930000 0.020000
2895 3.820000 4.050000
2896 9.640000 1.800000
2897 8.850000 4.620000
2898 7.300000 4.000000
2899 4.210000 4.340000
2900 8.230000 3.950000
2901 1.150000 8.180000
2902 0.350000 7.320000
2903 9.090000 8.960000
2904 2.640000 1.380000
2905 5.970000 1.610000
2906 6.000000 6.300000
2907 9.430000 1.900000
2908 9.760000 1.360000
2909 6.010000 2.180000
2910 5.320000 9.740000
2911 0.740000 9.660000
2912 0.970000 3.480000
2913 5.010000 7.520000
2914 5.540000 9.130000
2915 9.320000 4.090000
2916 0.830000 5.320000
2917 5.500000 7.400000
2918 3.720000 3.190000
2919 8.780000 8.950000
2920 6.300000 1.250000
2921 9.170000 2.660000
2922 4.340000 6.900000
2923 9.810000 2.980000
2924 3.020000 1.040000
2925 5.150000 6.120000
2926 7.010000 9.140000
2927 9.760000 9.350000
2928 8.210000 6.110000
2929 6.540000 9.170000
2930 6.000000 5.450000
2931 8.740000 9.280000
2932 9.330000 8.530000
2933 8.580000 7.380000
2934 5.550000 5.320000
2935 4.850000 0.410000
2936 9.200000 5.390000
2937 4.540000 2.590000
2938 8.300000 9.050000
2939 6.690000 9.020000
2940 8.480000 2.200000
2941 1.910000 5.950000
2942 9.520000 5.420000
2943 4.790000 0.890000
2944 7.190000 6.030000
2945 9.370000 2.570000
2946 5.170000 6.530000
2947 1.360000 2.250000
2948 8.090000 9.950000
2949 8.290000 0.090000
2950 8.560000 5.700000
2951 6.250000 4.340000
2952 9.230000 6.930000
2953 3.590000 8.390000
2954 4.310000 9.040000
2955 1.350000 2.060000
2956 7.460000 4.520000
2957 7.830000 0.050000
2958 4.010000 1.460000
2959 4.390000 3.450000
2960 3.870000 8.400000
2961 8.990000 1.940000
2962 2.270000 0.220000
2963 2.890000 0.110000
2964 3.140000 2.610000
2965 4.400000 2.630000
2966 0.510000 4.640000
2967 2.540000 5.320000
2968 3.130000 1.320000
2969 3.030000 1.080000
2970 6.530000 2.850000
2971 9.730000 1.180000
2972 3.940000 9.800000
2973 5.590000 7.760000
2974 7.630000 6.560000
2975 2.800000 1.200000
2976 1.330000 3.060000
2977 1.150000 0.770000
2978 6.590000 3.750000
2979 2.660000 0.040000
2980 0.120000 9.920000
2981 2.540000 5.600000
2982 0.880000 9.190000
2983 8.890000 4.430000
2984 8.790000 5.850000
2985 5.850000 0.840000
2986 2.860000 0.460000
2987 2.390000 1.430000
2988 3.630000 1.550000
2989 8.040000 9.680000
2990 1.630000 9.420000
2991 1.770000 0.310000
2992 1.140000 6.230000
2993 0.920000 7.220000
2994 9.040000 9.200000
2995 6.930000 4.650000
2996 8.450000 4.740000
2997 7.350000 9.850000
2998 3.770000 9.130000
2999 6.210000 8.380000
3000 4.180000 0.130000
3001 0.260000 5.670000
3002 4.140000 8.560000
3003 5.100000 9.660000
3004 7.220000 6.440000
3005 5.460000 0.600000
3006 3.690000 1.910000
3007 2.060000 6.990000
3008 0.630000 4.970000
3009 4.520000 1.140000
3010 3.950000 3.070000
3011 5.650000 7.930000
3012 1.710000 2.660000
3013 2.280000 6.700000
3014 0.490000 0.410000
3015 4.860000 1.930000
3016 8.550000 0.340000
3017 2.190000 9.600000
3018 7.830000 6.250000
3019 7.090000 9.920000
3020 4.590000 3.120000
3021 9.130000 9.280000
3022 5.540000 5.940000
3023 8.550000 8.880000
3024 0.890000 7.270000
3025 8.750000 7.730000
3026 7.570000 8.580000
3027 1.720000 9.400000
3028 3.710000 3.720000
3029 7.980000 7.410000
3030 0.050000 1.600000
3031 6.190000 0.200000
3032 7.310000 7.690000
3033 8.860000 1.010000
3034 4.940000 0.100000
3035 2.050000 3.280000
3036 0.110000 4.400000
3037 9.760000 4.730000
3038 4.270000 4.190000
3039 7.140000 0.980000
3040 8.920000 3.400000
3041 7.460000 8.890000
3042 3.910000 3.960000
3043 6.260000 0.850000
3044 0.720000 9.750000
3045 5.790000 9.020000
3046 8.390000 2.790000
3047 0.400000 6.600000
3048 2.330000 9.560000
3049 7.440000 5.410000
3050 4.320000 6.930000
3051 0.640000 9.960000
3052 4.400000 1.780000
3053 0.940000 2.250000
3054 7.840000 6.330000
3055 0.190000 2.880000
3056 6.190000 6.470000
3057 3.470000 3.810000
3058 7.210000 7.390000
3059 7.310000 3.990000
3060 2.950000 2.540000
3061 6.680000 7.790000
3062 8.460000 8.920000
3063 2.550000 3.900000
3064 0.100000 5.670000
3065 5.040000 5.850000
3066 8.740000 8.190000
3067 0.650000 5.480000
3068 2.480000 8.920000
3069 0.630000 9.340000
3070 1.140000 7.170000
3071 8.700000 1.180000
3072 4.540000 2.560000
3073 5.590000 0.470000
3074 8.280000 9.780000
3075 4.880000 5.230000
3076 5.500000 2.320000
3077 0.130000 9.400000
3078 9.940000 7.780000
3079 1.950000 9.780000
3080 9.040000 9.290000
3081 8.940000 7.190000
3082 0.290000 8.540000
3083 6.980000 3.960000
3084 3.630000 2.110000
3085 9.060000 2.410000
3086 2.860000 5.730000
3087 0.140000 7.190000
3088 4.140000 4.720000
3089 4.980000 0.460000
3090 9.710000 5.050000
3091 3.060000 1.520000
3092 9.400000 2.500000
3093 6.500000 3.420000
3094 6.530000 9.480000
3095 5.840000 9.460000
3096 6.550000 1.080000
3097 1.460000 9.240000
3098 0.540000 6.610000
3099 6.190000 1.970000
3100 0.260000 7.930000
3101 0.820000 1.160000
3102 1.450000 1.820000
3103 4.940000 5.980000
3104 2.620000 2.650000
3105 1.850000 2.680000
3106 1.240000 5.590000
3107 3.680000 4.900000
3108 2.360000 4.010000
3109 5.300000 8.350000
3110 4.370000 4.060000
3111 7.110000 6.500000
3112 9.650000 7.720000
3113 9.470000 5.710000
3114 8.050000 1.880000
3115 6.220000 7.100000
3116 9.870000 8.660000
3117 0.010000 2.830000
3118 8.580000 9.640000
3119 9.860000 0.230000
3120 4.390000 0.270000
3121 4.920000 4.880000
3122 0.650000 7.890000
3123 1.180000 1.430000
3124 2.670000 1.340000
3125 1.380000 9.420000
3126 9.920000 7.070000
3127 9.060000 8.640000
3128 0.990000 0.010000
3129 3.730000 1.720000
3130 7.490000 6.800000
3131 3.050000 8.450000
3132 3.710000 8.410000
3133 8.130000 7.680000
3134 0.840000 2.010000
3135 8.740000 0.370000
3136 6.880000 5.750000
3137 8.320000 3.120000
3138 3.200000 2.220000
3139 6.370000 4.580000
3140 5.810000 0.370000
3141 8.180000 1.070000
3142 3.280000 1.820000
3143 5.110000 7.390000
3144 4.300000 5.810000
3145 3.000000 5.610000
3146 9.930000 5.430000
3147 8.760000 0.080000
3148 3.930000 2.540000
3149 5.240000 3.910000
3150 4.020000 7.030000
3151 1.200000 4.090000
3152 3.420000 2.630000
3153 4.850000 0.040000
3154 4.180000 5.740000
3155 8.930000 7.800000
3156 9.130000 3.120000
3157 0.100000 9.780000
3158 3.790000 9.220000
3159 9.540000 6.940000
3160 3.860000 3.130000
3161 8.050000 1.790000
3162 7.220000 6.970000
3163 3.190000 2.060000
3164 0.330000 3.920000
3165 0.340000 6.910000
3166 0.910000 1.110000
3167 0.580000 0.960000
3168 6.240000 1.740000
3169 5.240000 7.940000
3170 0.090000 1.980000
3171 9.200000 3.330000
3172 9.320000 4.150000
3173 2.420000 7.700000
3174 1.620000 7.630000
3175 5.580000 7.420000
3176 2.720000 8.240000
3177 7.240000 2.570000
3178 2.100000 2.280000
3179 0.010000 8.740000
3180 8.910000 1.820000
3181 4.140000 6.070000
3182 5.430000 1.970000
3183 6.290000 1.440000
3184 7.090000 7.840000
3185 2.280000 0.650000
3186 2.430000 5.740000
3187 1.190000 6.350000
3188 6.640000 5.800000
3189 0.560000 0.700000
3190 0.980000 8.400000
3191 7.690000 6.660000
3192 9.700000 5.360000
3193 3.770000 1.260000
3194 8.700000 3.930000
3195 0.260000 9.820000
3196 5.060000 8.850000
3197 5.450000 8.130000
3198 8.640000 8.010000
3199 4.380000 0.600000
3200 2.990000 2.670000
3201 0.860000 9.970000
3202 2.010000 6.200000
3203 7.620000 7.510000
3204 6.840000 8.190000
3205 1.780000 6.830000
3206 7.470000 2.650000
3207 1.010000 8.920000
3208 1.690000 0.320000
3209 8.660000 1.550000
3210 0.460000 1.860000
3211 6.970000 8.280000
3212 4.950000 7.510000
3213 8.380000 3.060000
3214 1.290000 0.830000
3215 9.820000 4.640000
3216 8.100000 6.110000
3217 2.650000 4.780000
3218 4.940000 6.800000
3219 7.710000 8.860000
3220 4.720000 6.420000
3221 2.080000 1.090000
3222 9.890000 6.000000
3223 7.230000 7.430000
3224 2.130000 9.680000
3225 2.160000 2.990000
3226 2.480000 6.270000
3227 2.350000 5.280000
3228 4.570000 9.540000
3229 4.220000 9.390000
3230 1.990000 0.920000
3231 6.170000 7.280000
3232 9.140000 2.500000
3233 1.740000 9.270000
3234 1.910000 1.170000
3235 1.500000 7.740000
3236 5.810000 4.430000
3237 2.750000 6.320000
3238 7.150000 0.570000
3239 2.590000 8.250000
3240 2.880000 3.760000
3241 2.160000 9.620000
3242 8.120000 2.180000
3243 8.870000 2.770000
3244 8.070000 5.230000
3245 2.650000 7.690000
3246 1.930000 7.190000
3247 9.750000 6.060000
3248 5.770000 6.070000
3249 6.060000 6.420000
3250 7.440000 9.690000
3251 8.840000 0.960000
3252 0.520000 6.240000
3253 8.280000 9.220000
3254 4.560000 3.500000
3255 3.630000 6.620000
3256 7.040000 2.380000
3257 2.760000 6.610000
3258 4.300000 9.490000
3259 0.520000 7.390000
3260 4.500000 4.250000
3261 9.730000 9.040000
3262 0.310000 4.560000
3263 6.290000 8.210000
3264 1.730000 6.220000
3265 7.660000 2.290000
3266 4.960000 4.340000
3267 8.070000 1.030000
3268 7.680000 3.250000
3269 5.070000 6.900000
3270 9.590000 6.170000
3271 6.560000 9.120000
3272 0.050000 6.010000
3273 9.880000 1.280000
3274 9.510000 8.420000
3275 3.050000 8.800000
3276 NaN NaN
3277 7.500000 1.390000
3278 1.960000 0.340000
3279 4.600000 7.920000
3280 9.450000 8.040000
3281 5.760000 5.130000
3282 7.440000 7.530000
3283 9.190000 9.200000
3284 4.140000 2.170000
3285 3.430000 9.200000
3286 7.760000 5.450000
3287 0.430000 4.350000
3288 2.920000 2.690000
3289 6.110000 6.520000
3290 6.570000 4.620000
3291 5.030000 2.270000
3292 0.290000 2.460000
3293 7.670000 4.080000
3294 9.780000 0.190000
3295 7.850000 5.730000
3296 6.590000 8.100000
3297 9.890000 1.030000
3298 9.470000 0.300000
3299 6.190000 5.110000
3300 3.900000 4.760000
3301 6.730000 7.740000
3302 2.610000 6.990000
3303 2.840000 9.990000
3304 9.140000 5.440000
3305 9.500000 6.000000
3306 4.920000 6.410000
3307 6.370000 8.810000
3308 4.760000 9.820000
3309 3.010000 9.720000
3310 0.050000 1.890000
3311 7.360000 8.250000
3312 8.050000 8.490000
3313 8.350000 7.520000
3314 3.840000 7.890000
3315 9.000000 3.960000
3316 0.270000 6.180000
3317 0.760000 5.010000
3318 0.890000 6.590000
3319 9.020000 5.340000
3320 4.370000 3.880000
3321 2.930000 2.350000
3322 3.250000 9.190000
3323 0.660000 6.420000
3324 4.410000 8.930000
3325 9.670000 8.720000
3326 4.440000 7.070000
3327 6.240000 1.850000
3328 4.930000 4.470000
3329 7.760000 0.680000
3330 7.920000 0.490000
3331 2.230000 0.760000
3332 6.070000 1.590000
3333 1.890000 6.800000
3334 6.420000 2.100000
3335 5.800000 1.120000
3336 4.570000 5.960000
3337 4.970000 1.820000
3338 8.180000 5.220000
3339 1.360000 1.380000
3340 5.710000 6.120000
3341 0.180000 6.230000
3342 1.120000 9.650000
3343 9.020000 4.670000
3344 7.770000 5.850000
3345 2.780000 4.920000
3346 1.060000 5.040000
3347 9.520000 9.360000
3348 7.270000 4.590000
3349 2.350000 7.040000
3350 9.030000 3.790000
3351 3.470000 4.070000
3352 9.330000 1.830000
3353 1.300000 8.020000
3354 2.270000 9.510000
3355 4.890000 6.700000
3356 9.070000 8.820000
3357 9.470000 4.100000
3358 5.630000 4.640000
3359 1.700000 8.440000
3360 4.810000 1.640000
3361 7.750000 2.690000
3362 3.860000 3.480000
3363 3.910000 7.360000
3364 7.880000 1.850000
3365 0.050000 1.450000
3366 6.060000 2.760000
3367 1.000000 5.370000
3368 4.510000 4.690000
3369 8.710000 8.810000
3370 7.760000 6.460000
3371 7.720000 4.300000
3372 2.740000 4.220000
3373 0.340000 4.100000
3374 9.290000 0.110000
3375 6.420000 1.580000
3376 7.770000 7.600000
3377 7.860000 0.460000
3378 4.450000 0.760000
3379 5.840000 5.090000
3380 8.540000 3.500000
3381 6.290000 8.540000
3382 5.010000 5.420000
3383 9.450000 9.760000
3384 5.100000 2.410000
3385 5.820000 3.430000
3386 4.450000 1.940000
3387 4.400000 4.240000
3388 8.840000 6.690000
3389 2.520000 5.800000
3390 7.210000 1.040000
3391 0.200000 8.960000
3392 5.990000 6.320000
3393 3.930000 9.620000
3394 2.170000 9.210000
3395 2.820000 8.420000
3396 2.320000 4.590000
3397 NaN NaN
3398 8.820000 7.280000
3399 1.690000 6.290000
3400 6.790000 7.800000
3401 1.740000 7.390000
3402 0.940000 6.350000
3403 2.600000 5.660000
3404 5.260000 4.120000
3405 0.470000 8.480000
3406 1.220000 1.390000
3407 6.210000 6.890000
3408 3.210000 1.740000
3409 4.420000 7.110000
3410 7.310000 8.660000
3411 2.760000 9.930000
3412 8.760000 5.500000
3413 0.670000 4.160000
3414 3.450000 6.900000
3415 6.190000 1.620000
3416 9.690000 6.090000
3417 4.240000 6.080000
3418 1.780000 8.470000
3419 6.810000 5.260000
3420 9.840000 7.220000
3421 6.150000 6.920000
3422 9.610000 3.770000
3423 3.640000 7.140000
3424 1.330000 0.560000
3425 4.610000 5.000000
3426 9.690000 7.560000
3427 6.380000 0.930000
3428 8.540000 9.170000
3429 8.120000 3.870000
3430 8.130000 7.010000
3431 6.280000 9.390000
3432 3.710000 8.190000
3433 3.590000 7.970000
3434 4.940000 0.370000
3435 4.170000 5.370000
3436 0.030000 9.650000
3437 4.330000 7.920000
3438 4.310000 5.420000
3439 0.190000 0.940000
3440 5.460000 9.820000
3441 7.880000 5.220000
3442 6.770000 5.140000
3443 7.750000 8.460000
3444 4.750000 7.330000
3445 2.060000 7.690000
3446 3.780000 8.870000
3447 6.480000 5.090000
3448 4.200000 6.370000
3449 0.630000 9.460000
3450 5.540000 0.040000
3451 9.280000 2.420000
3452 6.500000 7.120000
3453 8.550000 1.990000
3454 9.030000 3.570000
3455 1.930000 6.240000
3456 8.870000 7.010000
3457 4.920000 3.510000
3458 3.500000 7.520000
3459 4.710000 4.150000
3460 7.160000 7.770000
3461 6.910000 5.020000
3462 6.740000 4.790000
3463 3.090000 4.320000
3464 9.890000 4.540000
3465 4.160000 6.030000
3466 0.780000 9.640000
3467 0.420000 8.010000
3468 3.580000 4.310000
3469 3.750000 8.900000
3470 9.160000 0.470000
3471 8.450000 2.440000
3472 9.220000 9.940000
3473 0.870000 4.430000
3474 2.210000 0.320000
3475 6.280000 6.580000
3476 5.810000 4.410000
3477 6.000000 1.930000
3478 5.880000 5.790000
3479 2.830000 0.860000
3480 4.080000 1.480000
3481 4.170000 0.570000
3482 4.580000 0.800000
3483 5.640000 6.970000
3484 0.420000 2.140000
3485 5.800000 6.370000
3486 1.240000 9.410000
3487 7.580000 1.910000
3488 1.780000 9.100000
3489 2.300000 6.030000
3490 7.340000 6.960000
3491 6.330000 3.340000
3492 0.710000 5.520000
3493 4.780000 0.870000
3494 3.040000 7.800000
3495 3.640000 0.690000
3496 9.210000 2.180000
3497 2.910000 0.980000
3498 8.160000 7.850000
3499 4.860000 0.580000
3500 3.870000 9.680000
3501 4.910000 8.560000
3502 3.830000 7.950000
3503 8.980000 2.930000
3504 1.970000 9.360000
3505 4.920000 1.620000
3506 1.000000 4.910000
3507 7.380000 0.060000
3508 8.130000 1.990000
3509 6.240000 3.950000
3510 6.160000 9.530000
3511 5.120000 6.870000
3512 0.210000 8.290000
3513 3.810000 0.640000
3514 1.940000 3.890000
3515 6.040000 6.520000
3516 1.600000 7.280000
3517 8.950000 2.890000
3518 7.570000 8.370000
3519 8.490000 6.470000
3520 1.390000 7.510000
3521 5.300000 0.160000
3522 5.670000 6.370000
3523 4.700000 1.970000
3524 8.630000 7.430000
3525 8.600000 6.370000
3526 4.150000 1.940000
3527 8.720000 1.650000
3528 3.020000 4.140000
3529 5.900000 9.740000
3530 6.150000 6.930000
3531 2.840000 7.770000
3532 3.610000 9.460000
3533 NaN NaN
3534 6.820000 9.610000
3535 8.720000 5.520000
3536 8.480000 2.000000
3537 4.420000 5.510000
3538 8.800000 9.200000
3539 8.710000 8.240000
3540 5.290000 7.850000
3541 3.720000 0.020000
3542 5.530000 6.160000
3543 9.510000 4.020000
3544 9.560000 4.990000
3545 6.910000 6.290000
3546 0.750000 6.010000
3547 7.210000 8.240000
3548 8.590000 1.910000
3549 6.080000 4.810000
3550 0.950000 2.280000
3551 8.020000 7.750000
3552 4.660000 7.670000
3553 7.480000 7.190000
3554 0.840000 5.890000
3555 1.020000 1.880000
3556 7.930000 9.960000
3557 7.320000 6.550000
3558 7.850000 3.550000
3559 6.330000 5.690000
3560 4.230000 0.690000
3561 6.350000 8.190000
3562 7.580000 7.000000
3563 6.370000 0.410000
3564 9.170000 1.580000
3565 6.250000 9.360000
3566 0.230000 7.150000
3567 7.870000 5.950000
3568 8.230000 0.830000
3569 9.560000 5.380000
3570 2.370000 6.550000
3571 6.320000 2.620000
3572 7.230000 5.750000
3573 0.020000 1.580000
3574 0.130000 4.680000
3575 7.830000 8.380000
3576 5.500000 5.370000
3577 7.640000 3.940000
3578 3.280000 2.200000
3579 9.530000 9.290000
3580 0.290000 9.430000
3581 7.100000 8.220000
3582 3.540000 9.480000
3583 1.290000 8.330000
3584 2.140000 6.950000
3585 7.210000 2.170000
3586 1.300000 4.320000
3587 1.570000 2.970000
3588 1.510000 4.800000
3589 6.400000 9.750000
3590 0.930000 4.890000
3591 4.620000 8.880000
3592 4.380000 4.570000
3593 5.790000 2.200000
3594 7.170000 8.590000
3595 2.740000 9.260000
3596 7.580000 6.590000
3597 8.740000 6.650000
3598 8.500000 7.870000
3599 5.000000 5.350000
3600 8.280000 7.900000
3601 0.510000 9.910000
3602 7.850000 9.690000
3603 6.520000 2.100000
3604 2.530000 9.000000
3605 4.360000 0.180000
3606 5.400000 0.620000
3607 5.750000 9.730000
3608 1.360000 6.490000
3609 9.500000 4.400000
3610 0.590000 9.770000
3611 7.330000 5.630000
3612 7.690000 2.450000
3613 4.590000 7.860000
3614 6.760000 6.070000
3615 5.720000 8.260000
3616 8.320000 5.780000
3617 3.660000 8.190000
3618 7.540000 5.340000
3619 5.630000 5.220000
3620 7.980000 0.040000
3621 5.050000 0.300000
3622 5.200000 9.080000
3623 5.140000 1.240000
3624 4.130000 0.390000
3625 8.630000 8.670000
3626 6.090000 4.600000
3627 8.610000 8.580000
3628 5.120000 5.130000
3629 0.810000 2.080000
3630 9.250000 2.410000
3631 3.510000 0.260000
3632 9.140000 5.910000
3633 0.540000 6.320000
3634 4.980000 3.040000
3635 2.240000 1.150000
3636 1.120000 6.810000
3637 9.420000 9.180000
3638 8.680000 6.810000
3639 8.020000 9.320000
3640 4.460000 7.500000
3641 5.670000 9.180000
3642 5.360000 1.690000
3643 3.850000 3.050000
3644 8.690000 6.700000
3645 5.370000 5.550000
3646 7.590000 4.510000
3647 8.640000 3.020000
3648 8.880000 6.100000
3649 5.530000 8.720000
3650 8.360000 9.760000
3651 4.610000 8.850000
3652 2.890000 8.450000
3653 2.740000 2.280000
3654 4.550000 9.280000
3655 2.690000 6.890000
3656 6.050000 6.040000
3657 4.730000 6.280000
3658 1.350000 2.770000
3659 4.260000 5.710000
3660 6.930000 8.800000
3661 3.310000 4.500000
3662 2.800000 1.330000
3663 5.100000 8.360000
3664 3.080000 4.230000
3665 3.930000 0.270000
3666 7.240000 5.420000
3667 6.650000 3.460000
3668 7.980000 7.320000
3669 3.480000 6.370000
3670 4.980000 3.470000
3671 1.220000 3.830000
3672 3.410000 0.630000
3673 9.350000 5.700000
3674 7.790000 7.170000
3675 0.430000 8.000000
3676 3.470000 6.160000
3677 7.830000 0.010000
3678 2.560000 4.360000
3679 8.700000 0.230000
3680 8.940000 1.620000
3681 3.260000 7.070000
3682 7.400000 1.860000
3683 5.410000 1.580000
3684 7.130000 6.130000
3685 4.540000 6.790000
3686 0.220000 4.750000
3687 7.840000 0.190000
3688 1.990000 8.070000
3689 7.320000 5.750000
3690 7.090000 9.670000
3691 3.830000 4.300000
3692 3.140000 6.130000
3693 7.120000 1.310000
3694 8.830000 3.470000
3695 3.490000 0.240000
3696 5.010000 9.100000
3697 6.360000 4.890000
3698 8.670000 2.900000
3699 0.510000 3.670000
3700 2.690000 2.920000
3701 0.870000 7.890000
3702 3.530000 1.320000
3703 8.500000 7.470000
3704 4.170000 1.870000
3705 4.910000 5.270000
3706 3.080000 9.890000
3707 9.930000 2.370000
3708 3.640000 1.530000
3709 4.560000 7.420000
3710 4.720000 5.250000
3711 9.960000 0.780000
3712 2.960000 8.500000
3713 4.580000 5.850000
3714 4.640000 5.340000
3715 2.520000 8.020000
3716 2.300000 6.470000
3717 8.920000 5.120000
3718 9.590000 0.800000
3719 5.800000 4.540000
3720 4.230000 5.300000
3721 2.050000 7.710000
3722 1.530000 3.940000
3723 6.140000 4.440000
3724 0.550000 5.340000
3725 7.430000 5.930000
3726 6.300000 2.290000
3727 8.460000 0.070000
3728 0.420000 2.460000
3729 6.110000 6.440000
3730 6.430000 9.770000
3731 8.700000 1.120000
3732 1.930000 9.070000
3733 3.680000 5.470000
3734 9.360000 3.410000
3735 2.050000 8.740000
3736 6.100000 7.160000
3737 9.580000 6.600000
3738 3.160000 8.900000
3739 6.100000 2.240000
3740 5.100000 5.480000
3741 6.820000 2.280000
3742 5.770000 0.010000
3743 0.380000 5.490000
3744 8.530000 4.580000
3745 9.400000 6.320000
3746 7.350000 6.250000
3747 7.950000 1.700000
3748 1.760000 6.120000
3749 0.100000 7.400000
3750 1.750000 0.560000
3751 4.420000 2.280000
3752 3.840000 1.300000
3753 4.050000 9.640000
3754 1.750000 1.490000
3755 7.900000 6.310000
3756 6.050000 1.300000
3757 5.490000 2.270000
3758 1.740000 7.240000
3759 3.670000 8.000000
3760 0.780000 2.470000
3761 1.140000 9.470000
3762 6.270000 4.340000
3763 7.200000 6.340000
3764 1.660000 9.580000
3765 1.950000 2.250000
3766 9.410000 7.570000
3767 1.900000 0.930000
3768 8.680000 2.430000
3769 2.350000 7.330000
3770 3.100000 5.590000
3771 3.760000 7.630000
3772 4.580000 6.700000
3773 8.140000 1.960000
3774 5.010000 5.080000
3775 6.040000 5.440000
3776 6.370000 1.910000
3777 0.430000 2.900000
3778 6.980000 1.380000
3779 0.260000 7.860000
3780 5.310000 1.120000
3781 4.960000 4.050000
3782 7.560000 7.840000
3783 8.050000 9.060000
3784 8.890000 1.360000
3785 7.220000 5.990000
3786 4.210000 9.920000
3787 2.950000 8.240000
3788 3.140000 6.070000
3789 3.100000 7.900000
3790 4.250000 0.110000
3791 9.440000 4.860000
3792 9.750000 3.840000
3793 4.790000 6.130000
3794 1.560000 7.700000
3795 3.570000 8.020000
3796 7.280000 7.350000
3797 9.790000 3.710000
3798 5.420000 6.480000
3799 1.640000 7.200000
3800 8.780000 3.270000
3801 5.180000 9.720000
3802 8.100000 8.650000
3803 5.870000 5.540000
3804 8.220000 7.730000
3805 7.150000 5.170000
3806 8.680000 1.070000
3807 3.860000 0.630000
3808 5.560000 7.400000
3809 9.380000 4.170000
3810 6.910000 5.300000
3811 0.460000 9.330000
3812 5.670000 4.150000
3813 7.690000 6.340000
3814 5.260000 7.660000
3815 9.330000 4.300000
3816 2.050000 2.560000
3817 4.230000 6.770000
3818 6.200000 9.050000
3819 2.070000 5.270000
3820 1.550000 2.930000
3821 6.020000 2.030000
3822 3.510000 3.500000
3823 0.750000 5.760000
3824 8.270000 0.420000
3825 8.620000 8.310000
3826 1.660000 5.840000
3827 1.470000 8.730000
3828 8.360000 2.760000
3829 7.560000 3.070000
3830 9.620000 0.350000
3831 4.900000 1.480000
3832 9.480000 0.460000
3833 0.730000 2.890000
3834 0.730000 6.340000
3835 8.250000 8.830000
3836 8.680000 2.960000
3837 1.270000 3.770000
3838 6.200000 9.120000
3839 7.820000 4.550000
3840 7.220000 3.570000
3841 0.240000 7.540000
3842 7.560000 2.620000
3843 0.380000 8.390000
3844 3.060000 4.540000
3845 4.490000 4.330000
3846 6.460000 3.760000
3847 4.090000 7.610000
3848 7.700000 1.700000
3849 5.510000 6.130000
3850 5.010000 1.050000
3851 2.170000 4.080000
3852 1.710000 2.110000
3853 2.220000 4.720000
3854 3.940000 3.740000
3855 7.350000 3.960000
3856 2.300000 0.370000
3857 7.310000 3.980000
3858 3.110000 0.140000
3859 2.810000 0.280000
3860 9.630000 9.810000
3861 9.020000 5.240000
3862 4.270000 4.260000
3863 4.270000 2.740000
3864 6.360000 5.200000
3865 1.140000 9.330000
3866 5.240000 8.760000
3867 1.590000 3.700000
3868 1.030000 5.360000
3869 8.640000 8.950000
3870 2.840000 0.980000
3871 6.720000 4.650000
3872 0.840000 2.110000
3873 5.790000 7.080000
3874 5.950000 0.120000
3875 1.510000 7.730000
3876 7.510000 7.440000
3877 7.570000 3.690000
3878 7.420000 1.520000
3879 7.510000 7.900000
3880 3.460000 2.030000
3881 0.570000 2.140000
3882 5.070000 4.350000
3883 0.150000 6.760000
3884 9.240000 5.090000
3885 5.660000 5.180000
3886 7.840000 2.800000
3887 2.850000 5.540000
3888 6.970000 2.290000
3889 9.220000 9.810000
3890 7.010000 5.560000
3891 9.360000 9.170000
3892 8.420000 3.490000
3893 2.790000 6.840000
3894 3.160000 5.650000
3895 4.100000 2.520000
3896 4.850000 5.740000
3897 2.710000 6.180000
3898 2.630000 4.140000
3899 0.040000 4.200000
3900 5.830000 4.570000
3901 3.550000 8.290000
3902 2.090000 6.790000
3903 4.650000 2.180000
3904 6.040000 7.050000
3905 5.710000 4.400000
3906 4.210000 2.400000
3907 7.660000 8.920000
3908 4.490000 7.960000
3909 0.740000 5.000000
3910 1.980000 0.400000
3911 2.550000 7.490000
3912 0.280000 5.480000
3913 2.010000 5.210000
3914 8.390000 6.870000
3915 3.650000 7.350000
3916 5.380000 7.620000
3917 5.520000 7.360000
3918 2.510000 0.570000
3919 4.980000 2.930000
3920 8.230000 9.650000
3921 0.370000 9.970000
3922 6.170000 2.560000
3923 4.660000 9.190000
3924 5.780000 8.470000
3925 3.800000 5.130000
3926 9.520000 1.950000
3927 2.670000 8.990000
3928 7.420000 9.560000
3929 0.260000 8.140000
3930 6.520000 6.550000
3931 5.830000 7.620000
3932 3.320000 2.620000
3933 3.590000 3.380000
3934 3.350000 6.500000
3935 5.920000 8.650000
3936 2.420000 9.520000
3937 1.810000 4.660000
3938 7.340000 7.120000
3939 8.350000 2.120000
3940 0.180000 7.970000
3941 5.780000 6.210000
3942 3.550000 9.990000
3943 1.200000 9.310000
3944 7.320000 9.620000
3945 3.850000 2.320000
3946 6.210000 2.230000
3947 2.440000 3.260000
3948 1.960000 2.310000
3949 9.580000 1.900000
3950 6.170000 3.110000
3951 2.060000 0.120000
3952 5.080000 6.740000
3953 2.010000 3.150000
3954 5.550000 8.650000
3955 2.960000 0.360000
3956 6.110000 3.040000
3957 7.130000 5.370000
3958 6.270000 0.910000
3959 5.410000 2.590000
3960 7.480000 8.640000
3961 1.720000 0.430000
3962 9.000000 6.680000
3963 5.470000 3.580000
3964 0.310000 7.580000
3965 0.130000 4.560000
3966 8.810000 8.840000
3967 5.160000 9.220000
3968 1.750000 9.960000
3969 8.030000 0.270000
3970 3.610000 7.180000
3971 6.020000 3.590000
3972 9.540000 2.140000
3973 9.240000 7.670000
3974 6.040000 7.830000
3975 9.800000 6.630000
3976 9.110000 1.410000
3977 6.500000 1.900000
3978 5.300000 2.010000
3979 5.640000 9.500000
3980 6.110000 9.320000
3981 5.810000 7.120000
3982 7.650000 2.160000
3983 0.460000 7.020000
3984 2.890000 5.800000
3985 NaN NaN
3986 8.680000 7.680000
3987 1.900000 6.530000
3988 5.100000 7.640000
3989 8.880000 9.750000
3990 1.220000 9.990000
3991 6.990000 2.670000
3992 1.030000 8.940000
3993 3.330000 9.300000
3994 0.110000 8.500000
3995 7.650000 3.100000
3996 1.860000 1.880000
3997 7.210000 7.620000
3998 1.220000 7.520000
3999 7.470000 1.500000
4000 5.620000 0.210000
4001 1.770000 1.780000
4002 3.730000 8.800000
4003 2.090000 4.580000
4004 1.250000 1.660000
4005 2.020000 9.290000
4006 3.510000 2.330000
4007 3.880000 5.720000
4008 4.370000 5.900000
4009 2.910000 2.950000
4010 4.410000 1.830000
4011 8.290000 5.130000
4012 1.230000 2.410000
4013 9.050000 9.780000
4014 5.050000 9.560000
4015 8.580000 6.220000
4016 3.160000 7.320000
4017 8.000000 8.590000
4018 5.410000 3.740000
4019 4.280000 1.970000
4020 5.390000 9.720000
4021 4.050000 9.760000
4022 8.440000 8.780000
4023 9.270000 1.400000
4024 1.840000 4.280000
4025 8.440000 9.520000
4026 2.840000 2.850000
4027 8.990000 5.350000
4028 4.650000 9.590000
4029 1.570000 9.120000
4030 4.840000 6.900000
4031 NaN NaN
4032 0.010000 3.550000
4033 7.060000 0.060000
4034 3.170000 3.040000
4035 4.870000 5.820000
4036 0.620000 7.100000
4037 2.390000 1.790000
4038 7.030000 3.790000
4039 1.010000 5.570000
4040 1.660000 9.160000
4041 6.030000 5.200000
4042 7.240000 1.270000
4043 5.460000 4.730000
4044 9.030000 1.750000
4045 9.910000 8.840000
4046 6.230000 6.430000
4047 0.510000 9.840000
4048 7.200000 6.300000
4049 8.010000 2.210000
4050 4.100000 2.860000
4051 3.160000 1.880000
4052 7.300000 0.200000
4053 5.720000 5.000000
4054 5.130000 1.180000
4055 4.800000 5.850000
4056 7.490000 9.580000
4057 8.640000 0.820000
4058 8.520000 7.410000
4059 4.570000 9.790000
4060 8.850000 6.210000
4061 2.320000 1.390000
4062 9.620000 7.660000
4063 9.180000 5.570000
4064 9.490000 8.500000
4065 3.870000 8.180000
4066 3.290000 8.760000
4067 3.010000 4.600000
4068 5.820000 6.860000
4069 6.000000 2.910000
4070 6.100000 8.040000
4071 2.330000 4.710000
4072 2.690000 5.220000
4073 0.330000 6.810000
4074 2.920000 6.860000
4075 3.140000 5.670000
4076 NaN NaN
4077 1.710000 9.630000
4078 4.000000 5.870000
4079 9.330000 0.790000
4080 5.770000 7.500000
4081 6.700000 2.200000
4082 5.570000 0.360000
4083 2.690000 3.060000
4084 5.220000 8.870000
4085 4.720000 1.160000
4086 7.580000 8.720000
4087 1.880000 8.990000
4088 7.920000 4.490000
4089 2.930000 7.890000
4090 6.480000 2.420000
4091 4.480000 4.720000
4092 6.720000 6.250000
4093 0.360000 7.990000
4094 5.350000 6.840000
4095 4.600000 8.020000
4096 6.280000 8.810000
4097 1.980000 6.320000
4098 6.780000 2.420000
4099 4.010000 1.620000
4100 7.560000 0.730000
4101 7.960000 7.280000
4102 9.090000 1.200000
4103 0.540000 5.800000
4104 8.570000 0.790000
4105 0.450000 7.940000
4106 6.820000 8.650000
4107 9.720000 0.010000
4108 0.580000 8.640000
4109 2.750000 1.440000
4110 0.060000 4.210000
4111 7.340000 6.030000
4112 1.470000 1.290000
4113 6.820000 2.410000
4114 3.380000 5.410000
4115 8.160000 5.790000
4116 7.780000 7.230000
4117 0.760000 4.300000
4118 0.380000 9.250000
4119 3.500000 5.050000
4120 6.940000 4.460000
4121 6.770000 5.240000
4122 7.740000 3.410000
4123 6.100000 9.730000
4124 5.440000 6.330000
4125 2.320000 5.190000
4126 8.390000 3.290000
4127 8.750000 4.030000
4128 4.600000 8.210000
4129 0.470000 7.260000
4130 0.720000 0.490000
4131 5.490000 9.300000
4132 7.400000 8.810000
4133 6.020000 4.950000
4134 0.710000 3.510000
4135 6.360000 4.340000
4136 0.460000 3.100000
4137 9.110000 6.720000
4138 0.960000 6.250000
4139 0.090000 2.780000
4140 0.940000 6.450000
4141 3.210000 7.090000
4142 2.710000 2.830000
4143 5.660000 1.250000
4144 8.650000 8.170000
4145 6.790000 9.770000
4146 9.830000 5.570000
4147 4.390000 6.560000
4148 1.690000 7.070000
4149 5.540000 3.850000
4150 4.340000 1.100000
4151 7.510000 3.700000
4152 6.010000 5.150000
4153 9.490000 4.780000
4154 6.620000 5.370000
4155 9.450000 6.130000
4156 0.380000 3.320000
4157 8.910000 2.410000
4158 6.840000 5.810000
4159 2.450000 0.510000
4160 2.500000 2.860000
4161 6.310000 1.010000
4162 4.860000 7.000000
4163 6.450000 1.880000
4164 1.400000 3.610000
4165 8.380000 9.860000
4166 4.770000 0.590000
4167 4.290000 1.310000
4168 3.450000 9.290000
4169 7.140000 9.810000
4170 8.530000 7.740000
4171 3.370000 1.240000
4172 9.560000 5.410000
4173 5.030000 6.590000
4174 6.010000 2.290000
4175 1.620000 4.580000
4176 6.940000 0.970000
4177 2.830000 1.640000
4178 3.910000 7.400000
4179 6.300000 6.800000
4180 1.840000 0.190000
4181 6.170000 0.230000
4182 9.620000 5.110000
4183 3.190000 7.200000
4184 4.630000 3.460000
4185 5.720000 9.410000
4186 6.080000 7.480000
4187 0.050000 1.640000
4188 2.120000 1.170000
4189 4.250000 2.070000
4190 8.460000 9.250000
4191 2.600000 5.210000
4192 9.590000 5.950000
4193 8.450000 8.840000
4194 8.780000 1.950000
4195 7.340000 8.060000
4196 0.310000 4.540000
4197 0.310000 5.230000
4198 6.170000 7.340000
4199 0.590000 7.060000
4200 2.980000 9.380000
4201 8.760000 0.280000
4202 9.040000 9.640000
4203 1.690000 8.800000
4204 7.150000 7.910000
4205 2.010000 2.090000
4206 2.540000 5.840000
4207 6.200000 6.190000
4208 3.600000 8.140000
4209 9.040000 6.340000
4210 2.040000 3.310000
4211 6.420000 4.190000
4212 2.170000 3.960000
4213 2.840000 3.630000
4214 1.770000 8.780000
4215 0.650000 8.650000
4216 9.090000 9.960000
4217 0.640000 5.160000
4218 5.730000 7.760000
4219 4.270000 3.900000
4220 6.780000 1.820000
4221 0.820000 3.590000
4222 5.550000 6.260000
4223 4.420000 6.390000
4224 7.820000 1.210000
4225 2.620000 9.390000
4226 8.320000 5.000000
4227 1.080000 8.540000
4228 2.970000 2.630000
4229 7.330000 5.320000
4230 7.350000 7.480000
4231 4.600000 0.780000
4232 9.320000 8.640000
4233 4.850000 4.490000
4234 2.630000 3.680000
4235 4.200000 7.760000
4236 4.840000 1.310000
4237 6.260000 7.210000
4238 7.320000 8.270000
4239 8.320000 8.230000
4240 5.680000 8.510000
4241 9.980000 9.830000
4242 5.560000 7.950000
4243 8.970000 4.810000
4244 9.440000 7.660000
4245 8.050000 8.930000
4246 4.560000 5.130000
4247 9.520000 1.900000
4248 2.720000 5.310000
4249 7.720000 8.340000
4250 5.930000 0.650000
4251 2.360000 5.130000
4252 4.120000 9.730000
4253 9.070000 2.930000
4254 5.860000 6.340000
4255 0.880000 3.010000
4256 3.750000 9.330000
4257 7.760000 4.450000
4258 8.720000 9.060000
4259 9.170000 1.210000
4260 1.420000 5.160000
4261 2.850000 5.020000
4262 0.530000 4.710000
4263 9.300000 2.220000
4264 2.480000 9.570000
4265 6.580000 3.510000
4266 9.440000 6.070000
4267 5.400000 3.050000
4268 2.370000 9.450000
4269 5.850000 6.570000
4270 7.660000 2.040000
4271 9.940000 2.770000
4272 0.870000 4.170000
4273 8.490000 2.290000
4274 9.920000 1.170000
4275 0.600000 0.420000
4276 2.960000 5.990000
4277 6.920000 2.720000
4278 9.100000 9.630000
4279 7.890000 9.280000
4280 3.140000 8.810000
4281 3.500000 7.450000
4282 2.210000 4.630000
4283 3.240000 2.930000
4284 0.090000 5.190000
4285 0.730000 1.790000
4286 8.930000 5.830000
4287 0.430000 6.000000
4288 9.580000 3.680000
4289 2.680000 8.790000
4290 2.370000 6.010000
4291 4.840000 5.230000
4292 2.130000 1.070000
4293 7.520000 9.020000
4294 4.700000 4.410000
4295 0.070000 7.450000
4296 3.090000 5.600000
4297 7.980000 0.380000
4298 6.370000 7.660000
4299 7.070000 8.140000
4300 3.400000 3.440000
4301 7.440000 5.100000
4302 0.210000 4.930000
4303 3.380000 9.020000
4304 9.730000 3.970000
4305 9.530000 4.440000
4306 0.010000 3.100000
4307 3.010000 2.880000
4308 0.400000 4.410000
4309 8.190000 8.130000
4310 7.150000 3.290000
4311 2.020000 7.650000
4312 4.740000 1.760000
4313 7.440000 9.710000
4314 4.880000 2.270000
4315 3.220000 3.740000
4316 7.920000 1.890000
4317 4.270000 3.130000
4318 1.010000 3.240000
4319 7.130000 6.320000
4320 4.620000 9.580000
4321 9.820000 4.970000
4322 5.390000 0.550000
4323 7.830000 1.560000
4324 8.390000 6.210000
4325 9.470000 8.060000
4326 5.180000 3.490000
4327 8.880000 2.570000
4328 4.520000 4.100000
4329 8.450000 9.220000
4330 0.670000 3.970000
4331 9.230000 0.220000
4332 3.620000 2.450000
4333 1.990000 4.610000
4334 2.590000 1.560000
4335 3.540000 5.280000
4336 2.360000 6.110000
4337 9.220000 1.850000
4338 6.670000 8.730000
4339 1.480000 4.160000
4340 2.710000 3.250000
4341 3.490000 8.850000
4342 9.040000 2.940000
4343 3.130000 3.820000
4344 8.470000 9.310000
4345 6.470000 8.140000
4346 0.870000 1.750000
4347 8.880000 3.430000
4348 9.550000 6.240000
4349 1.220000 0.250000
4350 7.080000 1.500000
4351 7.580000 3.010000
4352 4.170000 5.330000
4353 8.710000 3.650000
4354 4.410000 6.100000
4355 6.960000 6.560000
4356 3.190000 7.680000
4357 8.190000 7.740000
4358 9.300000 6.270000
4359 0.500000 2.340000
4360 7.660000 6.470000
4361 0.080000 1.820000
4362 4.710000 7.610000
4363 8.000000 8.450000
4364 2.870000 0.310000
4365 4.580000 4.000000
4366 2.830000 5.240000
4367 2.940000 1.540000
4368 3.120000 9.320000
4369 7.670000 1.070000
4370 2.640000 5.960000
4371 4.650000 4.430000
4372 2.200000 8.360000
4373 7.970000 0.270000
4374 5.330000 7.670000
4375 6.060000 5.900000
4376 2.590000 8.450000
4377 7.690000 0.110000
4378 3.610000 7.040000
4379 2.360000 8.890000
4380 7.880000 9.540000
4381 4.120000 2.420000
4382 0.750000 7.630000
4383 5.210000 8.250000
4384 7.280000 3.710000
4385 0.290000 4.070000
4386 4.350000 2.310000
4387 1.800000 7.930000
4388 5.720000 8.480000
4389 5.730000 3.080000
4390 4.930000 1.700000
4391 3.270000 1.930000
4392 3.420000 5.990000
4393 3.820000 8.800000
4394 2.670000 1.730000
