1: 0 
8: 0 2 4 7 
9: 0 2 4 7 8 
12: 0 2 11 4 7 8 
13: 0 2 11 4 7 8 12 
26: 0 2 11 4 7 25 19 8 
33: 0 2 11 4 7 19 31 14 19 27 29 32 
36: 0 2 11 4 7 19 31 14 19 27 33 30 35 
42: 0 38 11 21 7 19 14 31 19 27 33 30 35 41 
43: 0 38 11 21 7 19 14 31 19 27 33 30 35 41 42 
45: 0 38 11 21 7 19 14 31 19 27 33 30 35 41 44 
48: 0 38 11 21 7 19 14 31 19 27 46 30 35 41 47 
51: 0 38 11 21 7 19 14 31 19 27 46 30 35 41 44 50 
55: 0 38 11 21 7 19 14 31 19 27 46 30 35 41 44 50 52 54 
57: 0 38 11 21 7 19 14 56 7 25 33 30 35 41 44 50 52 54 
59: 0 38 11 21 7 19 14 56 7 25 33 30 35 41 44 50 52 54 58 
60: 0 38 11 21 7 19 14 56 7 25 33 30 35 41 44 50 52 59 54 58 
64: 0 38 11 21 7 19 14 56 7 25 33 30 35 41 44 63 47 50 52 59 58 
69: 0 38 11 21 7 19 14 56 7 25 33 30 35 41 44 63 47 50 52 59 58 54 
71: 0 38 11 21 7 19 14 56 7 25 33 30 35 41 44 63 47 50 52 59 70 
79: 0 38 11 21 7 71 19 14 56 66 74 78 74 64 56 8 71 33 30 35 41 44 63 47 50 52 59 70 
84: 0 38 11 21 7 71 19 14 56 66 68 76 83 76 74 64 56 8 71 33 30 35 41 44 63 47 50 52 59 70 
85: 0 38 11 21 7 71 19 14 56 66 68 76 83 76 74 64 56 8 71 33 30 35 41 44 63 47 63 84 47 50 52 59 70 
88: 0 38 11 21 7 71 19 14 56 66 74 78 87 78 74 64 56 8 71 33 30 35 41 44 63 84 47 50 52 59 85 
91: 0 38 11 21 7 71 19 14 56 66 74 78 87 78 74 64 56 8 71 46 30 35 41 44 63 84 47 50 52 59 70 85 
103: 0 38 11 21 7 97 8 71 7 56 66 74 78 87 90 102 90 83 76 74 66 56 14 19 57 40 32 37 45 44 63 84 47 50 52 59 70 
104: 0 38 11 21 7 97 8 71 46 30 35 41 44 63 47 63 84 47 50 52 59 70 59 91 51 44 41 35 30 29 73 19 14 56 66 74 78 87 98 102 
116: 0 38 11 21 7 97 8 71 46 30 35 30 46 25 7 56 64 101 78 87 98 115 98 102 100 87 93 101 64 56 16 72 21 5 9 71 46 30 35 60 104 44 104 109 47 50 52 59 70 
117: 0 38 11 21 7 97 8 71 7 56 66 74 78 87 98 115 98 100 116 100 87 93 101 64 56 14 19 57 40 32 37 104 44 63 109 47 50 52 59 85 
119: 0 38 11 21 7 97 8 71 7 56 66 74 78 87 98 115 98 100 116 100 87 93 101 64 56 8 71 46 30 35 37 104 44 63 109 104 44 51 53 54 70 59 
122: 0 38 11 21 7 97 8 71 7 56 66 74 78 87 98 115 98 100 116 100 87 93 101 64 56 14 19 57 40 32 37 104 44 63 109 47 50 52 59 85 118 121 
124: 0 38 11 21 7 97 8 71 7 56 66 74 78 87 90 105 123 105 98 100 116 100 87 93 101 64 56 14 19 57 40 32 37 104 44 63 109 47 50 52 59 85 121 
130: 0 38 11 21 7 97 8 71 7 56 66 74 78 87 126 115 98 102 129 102 90 105 123 105 126 87 93 101 64 56 14 19 57 40 32 37 104 44 63 109 63 44 51 53 54 70 85 121 
134: 0 38 11 21 7 97 8 71 7 56 66 74 78 83 132 90 105 123 105 90 102 129 133 116 100 87 93 101 64 56 14 19 57 40 32 37 104 44 63 109 63 44 51 53 59 70 85 121 
147: 0 38 11 21 7 97 8 71 7 56 66 74 78 83 132 90 105 123 105 90 102 129 146 129 102 90 87 93 101 64 56 14 19 27 29 32 37 104 44 143 109 47 50 52 59 70 118 139 
156: 0 38 11 21 7 97 8 71 7 56 66 74 78 83 132 90 105 123 105 90 102 129 133 155 146 129 116 142 94 117 93 101 64 154 14 138 141 40 32 37 104 44 143 109 47 50 52 59 70 118 149 
176: 0 38 11 21 7 97 8 71 141 40 32 40 27 19 14 56 61 68 76 83 132 90 105 123 115 98 102 129 133 155 146 129 102 90 83 76 101 173 82 13 8 71 141 40 32 37 45 42 104 44 63 47 109 47 50 52 59 70 118 149 163 175 
188: 0 38 11 21 7 97 8 71 7 166 66 74 78 83 179 90 105 123 115 98 102 129 133 155 146 129 102 90 83 78 74 173 154 14 19 141 40 32 37 45 42 104 44 63 47 109 47 50 52 59 70 85 186 149 163 170 187 
194: 0 38 11 21 7 97 8 71 141 40 32 40 27 19 14 56 61 68 76 83 179 90 150 102 129 133 155 146 129 102 191 126 105 123 105 90 179 93 101 173 86 56 8 71 33 40 32 37 104 44 143 109 47 50 52 59 70 181 118 149 163 175 193 
208: 0 38 11 21 7 71 31 7 56 61 68 76 117 95 83 179 90 105 123 105 194 191 116 133 198 146 207 197 204 162 116 102 90 87 93 101 173 154 14 138 141 40 32 37 104 44 143 109 47 44 51 52 59 70 118 149 163 175 193 
353: 0 38 11 313 7 97 267 25 267 56 64 101 76 83 132 179 94 321 105 123 115 98 102 129 133 328 155 146 207 146 129 116 100 87 93 223 64 56 267 25 34 29 32 218 45 42 104 44 104 84 63 47 209 340 51 234 54 70 242 85 139 269 171 149 284 211 187 352 193 202 257 
853: 0 526 11 313 7 357 166 267 71 31 652 82 536 76 83 132 524 115 694 123 105 300 102 129 146 700 133 116 100 87 78 74 66 834 169 75 359 49 839 218 236 65 615 44 63 317 47 719 52 195 743 70 242 683 186 233 170 175 193 711 222 312 
1093: 0 1092 
1593: 0 1092 
2093: 0 1092 
