0 0.028534 0.509796
1 0.067596 9.455109
2 0.106659 6.525421
3 0.184784 7.541046
4 0.223846 2.423859
5 0.262909 4.181671
6 0.341034 5.197296
7 0.380096 4.767609
8 0.419159 1.837921
9 0.497284 2.853546
10 0.575409 8.869171
11 0.594940 6.115265
12 0.653534 9.884796
13 0.692596 0.080109
14 0.731659 3.400421
15 0.809784 1.916046
16 0.848846 8.048859
17 0.887909 6.056671
18 0.907440 8.927765
19 0.966034 4.572296
20 1.005096 5.392609
21 1.044159 8.712921
22 1.122284 7.228546
23 1.200409 0.744171
24 1.219940 4.240265
25 1.278534 6.759796
26 1.317596 3.205109
27 1.356659 0.275421
28 1.434784 3.791046
29 1.473846 6.173859
30 1.512909 7.931671
31 1.532440 7.052765
32 1.591034 1.447296
33 1.630096 8.517609
34 1.669159 5.587921
35 1.747284 9.103546
36 1.825409 2.619171
37 1.844940 2.365265
38 1.903534 3.634796
39 1.942596 6.330109
40 1.981659 9.650421
41 2.059784 5.666046
42 2.137909 2.306671
43 2.157440 2.677765
44 2.216034 8.322296
45 2.255096 1.642609
46 2.294159 4.962921
47 2.372284 0.978546
48 2.450409 6.994171
49 2.469940 7.990265
50 2.528534 8.009796
51 2.567596 1.955109
52 2.606659 4.025421
53 2.684784 0.041046
54 2.723846 9.923859
55 2.762909 6.681671
56 2.841034 2.697296
57 2.880096 7.267609
58 2.919159 9.337921
59 2.997284 5.353546
60 3.075409 1.369171
61 3.094940 3.615265
62 3.153534 2.384796
63 3.192596 7.580109
64 3.231659 5.900421
65 3.309784 9.416046
66 3.348846 0.548859
67 3.387909 3.556671
68 3.407440 1.427765
69 3.466034 7.072296
70 3.505096 2.892609
71 3.544159 1.212921
72 3.622284 4.728546
73 3.700409 8.244171
74 3.719940 6.740265
75 3.778534 4.259796
76 3.817596 5.705109
77 3.856659 7.775421
78 3.934784 6.291046
79 3.973846 3.673859
80 4.012909 0.431671
81 4.032440 4.552765
82 4.091034 8.947296
83 4.130096 1.017609
84 4.169159 3.087921
85 4.247284 1.603546
86 4.325409 5.119171
87 4.344940 9.865265
88 4.403534 6.134796
89 4.442596 3.830109
90 4.481659 2.150421
91 4.559784 3.166046
92 4.637909 9.806671
93 4.657440 5.177765
94 4.716034 0.822296
95 4.755096 9.142609
96 4.794159 7.462921
97 4.872284 8.478546
98 4.950409 4.494171
99 4.969940 0.490265
100 5.028534 5.509796
101 5.067596 4.455109
102 5.106659 1.525421
103 5.184784 2.541046
104 5.223846 7.423859
105 5.262909 9.181671
106 5.341034 0.197296
107 5.380096 9.767609
108 5.419159 6.837921
109 5.497284 7.853546
110 5.575409 3.869171
111 5.594940 1.115265
112 5.653534 4.884796
113 5.692596 5.080109
114 5.731659 8.400421
115 5.809784 6.916046
116 5.848846 3.048859
117 5.887909 1.056671
118 5.907440 3.927765
119 5.966034 9.572296
120 6.005096 0.392609
121 6.044159 3.712921
122 6.122284 2.228546
123 6.200409 5.744171
124 6.219940 9.240265
125 6.278534 1.759796
126 6.317596 8.205109
127 6.356659 5.275421
128 6.434784 8.791046
129 6.473846 1.173859
130 6.512909 2.931671
131 6.532440 2.052765
132 6.591034 6.447296
133 6.630096 3.517609
134 6.669159 0.587921
135 6.747284 4.103546
136 6.825409 7.619171
137 6.844940 7.365265
138 6.903534 8.634796
139 6.942596 1.330109
140 6.981659 4.650421
141 7.059784 0.666046
142 7.137909 7.306671
143 7.157440 7.677765
144 7.216034 3.322296
145 7.255096 6.642609
146 7.294159 9.962921
147 7.372284 5.978546
148 7.450409 1.994171
149 7.469940 2.990265
150 7.528534 3.009796
151 7.567596 6.955109
152 7.606659 9.025421
153 7.684784 5.041046
154 7.723846 4.923859
155 7.762909 1.681671
156 7.782440 3.302765
157 7.841034 7.697296
158 7.880096 2.267609
159 7.919159 4.337921
160 7.997284 0.353546
161 8.075409 6.369171
162 8.094940 8.615265
163 8.153534 7.384796
164 8.192596 2.580109
165 8.231659 0.900421
166 8.309784 4.416046
167 8.387909 8.556671
168 8.407440 6.427765
169 8.466034 2.072296
170 8.505096 7.892609
171 8.544159 6.212921
172 8.622284 9.728546
173 8.700409 3.244171
174 8.719940 1.740265
175 8.778534 9.259796
176 8.817596 0.705109
177 8.856659 2.775421
178 8.934784 1.291046
179 8.973846 8.673859
180 9.012909 5.431671
181 9.032440 9.552765
182 9.091034 3.947296
183 9.130096 6.017609
184 9.169159 8.087921
185 9.247284 6.603546
186 9.325409 0.119171
187 9.344940 4.865265
188 9.403534 1.134796
189 9.442596 8.830109
190 9.481659 7.150421
191 9.559784 8.166046
192 9.637909 4.806671
193 9.657440 0.177765
194 9.716034 5.822296
195 9.755096 4.142609
196 9.794159 2.462921
197 9.872284 3.478546
198 9.950409 9.494171
199 9.969940 5.490265
