0 1 1 1 0 0 2.600019
0 2 1 1 0 0 0.641950
0 6 1 1 0 0 1.179237
0 7 1 1 0 0 2.020396
0 11 1 1 0 0 2.023116
0 12 1 1 0 0 2.178004
0 20 1 1 0 0 2.965569
1 5 1 1 0 0 1.316093
1 6 1 1 0 0 1.844912
1 7 1 1 0 0 1.513440
1 11 1 1 0 0 1.896233
1 14 1 1 0 0 2.149651
1 16 1 1 0 0 2.690167
1 18 1 1 0 0 2.491586
1 22 1 1 0 0 2.862115
2 6 1 1 0 0 1.700735
2 7 1 1 0 0 2.544661
2 11 1 1 0 0 2.477357
3 4 1 1 0 0 2.932064
3 8 1 1 0 0 1.591540
3 9 1 1 0 0 1.789106
3 10 1 1 0 0 1.561570
3 12 1 1 0 0 2.896895
3 13 1 1 0 0 2.394348
3 15 1 1 0 0 2.111516
3 17 1 1 0 0 2.520099
3 21 1 1 0 0 2.833884
4 8 1 1 0 0 2.222791
4 9 1 1 0 0 2.005517
4 12 1 1 0 0 1.670269
4 13 1 1 0 0 2.239576
4 17 1 1 0 0 2.899328
4 19 1 1 0 0 2.360191
5 6 1 1 0 0 2.841760
5 7 1 1 0 0 2.175546
5 11 1 1 0 0 2.498399
5 14 1 1 0 0 1.720378
5 16 1 1 0 0 1.592011
5 18 1 1 0 0 2.052730
5 22 1 1 0 0 2.552646
6 7 1 1 0 0 0.847231
6 11 1 1 0 0 0.865332
6 14 1 1 0 0 2.419194
6 18 1 1 0 0 2.598557
6 20 1 1 0 0 2.009975
6 22 1 1 0 0 2.644012
6 23 1 1 0 0 2.288777
6 25 1 1 0 0 2.567801
7 11 1 1 0 0 0.382884
7 14 1 1 0 0 1.576103
7 16 1 1 0 0 2.739069
7 18 1 1 0 0 1.776542
7 20 1 1 0 0 1.657046
7 22 1 1 0 0 1.891719
7 23 1 1 0 0 1.828579
7 25 1 1 0 0 2.011219
7 30 1 1 0 0 2.815138
8 9 1 1 0 0 0.270740
8 10 1 1 0 0 1.890952
8 12 1 1 0 0 1.423025
8 13 1 1 0 0 0.802808
8 15 1 1 0 0 1.400893
8 17 1 1 0 0 1.070187
8 19 1 1 0 0 2.260465
8 21 1 1 0 0 2.199113
8 26 1 1 0 0 2.765231
8 27 1 1 0 0 2.146742
8 28 1 1 0 0 2.510339
8 31 1 1 0 0 2.822800
9 10 1 1 0 0 2.160370
9 12 1 1 0 0 1.162454
9 13 1 1 0 0 0.646220
9 15 1 1 0 0 1.609099
9 17 1 1 0 0 1.079352
9 19 1 1 0 0 2.028004
9 21 1 1 0 0 2.385330
9 26 1 1 0 0 2.952558
9 27 1 1 0 0 2.122357
9 28 1 1 0 0 2.436740
9 31 1 1 0 0 2.891315
9 33 1 1 0 0 2.987189
9 34 1 1 0 0 2.994278
10 13 1 1 0 0 2.464467
10 15 1 1 0 0 1.145600
10 17 1 1 0 0 2.160602
10 21 1 1 0 0 1.526106
10 24 1 1 0 0 1.839266
10 26 1 1 0 0 1.862686
10 27 1 1 0 0 2.927456
10 31 1 1 0 0 2.869233
10 32 1 1 0 0 2.873343
11 14 1 1 0 0 1.642833
11 16 1 1 0 0 2.888616
11 18 1 1 0 0 1.772823
11 20 1 1 0 0 1.310267
11 22 1 1 0 0 1.780449
11 23 1 1 0 0 1.520033
11 25 1 1 0 0 1.749514
11 29 1 1 0 0 2.857761
11 30 1 1 0 0 2.554760
12 13 1 1 0 0 0.857030
12 15 1 1 0 0 2.477600
12 17 1 1 0 0 1.467413
12 19 1 1 0 0 0.956922
12 27 1 1 0 0 2.061189
12 28 1 1 0 0 2.106846
12 33 1 1 0 0 2.530336
12 34 1 1 0 0 2.844503
13 15 1 1 0 0 1.620987
13 17 1 1 0 0 0.665282
13 19 1 1 0 0 1.512878
13 21 1 1 0 0 2.269317
13 26 1 1 0 0 2.817801
13 27 1 1 0 0 1.557562
13 28 1 1 0 0 1.813974
13 31 1 1 0 0 2.461321
13 33 1 1 0 0 2.352552
13 34 1 1 0 0 2.423242
14 16 1 1 0 0 1.300615
14 18 1 1 0 0 0.353553
14 20 1 1 0 0 1.881622
14 22 1 1 0 0 0.832406
14 23 1 1 0 0 1.732801
14 25 1 1 0 0 1.579525
14 29 1 1 0 0 1.811767
14 30 1 1 0 0 2.142172
14 35 1 1 0 0 2.230022
14 37 1 1 0 0 2.330708
14 38 1 1 0 0 2.400021
15 17 1 1 0 0 1.126144
15 21 1 1 0 0 0.818413
15 24 1 1 0 0 1.610124
15 26 1 1 0 0 1.375354
15 27 1 1 0 0 1.781909
15 28 1 1 0 0 2.315362
15 31 1 1 0 0 1.854427
15 32 1 1 0 0 2.433126
15 33 1 1 0 0 2.864210
15 34 1 1 0 0 2.444770
15 36 1 1 0 0 2.513404
15 41 1 1 0 0 2.631881
16 18 1 1 0 0 1.385135
16 22 1 1 0 0 1.834693
16 23 1 1 0 0 2.924414
16 25 1 1 0 0 2.677779
16 29 1 1 0 0 2.244393
16 30 1 1 0 0 2.990067
16 35 1 1 0 0 2.551901
16 37 1 1 0 0 2.782984
16 38 1 1 0 0 2.699204
17 19 1 1 0 0 1.877711
17 21 1 1 0 0 1.651303
17 24 1 1 0 0 2.526994
17 26 1 1 0 0 2.182338
17 27 1 1 0 0 1.080463
17 28 1 1 0 0 1.490537
17 31 1 1 0 0 1.829125
17 33 1 1 0 0 2.066712
17 34 1 1 0 0 1.942087
17 41 1 1 0 0 2.892922
18 20 1 1 0 0 1.749428
18 22 1 1 0 0 0.516624
18 23 1 1 0 0 1.543243
18 25 1 1 0 0 1.329248
18 29 1 1 0 0 1.460308
18 30 1 1 0 0 1.819588
18 35 1 1 0 0 1.880425
18 37 1 1 0 0 1.977170
18 38 1 1 0 0 2.050390
19 27 1 1 0 0 1.941237
19 28 1 1 0 0 1.733119
19 33 1 1 0 0 1.967257
19 34 1 1 0 0 2.510239
20 22 1 1 0 0 1.385208
20 23 1 1 0 0 0.361248
20 25 1 1 0 0 0.744043
20 29 1 1 0 0 2.080865
20 30 1 1 0 0 1.423938
20 35 1 1 0 0 2.399437
20 37 1 1 0 0 2.247421
20 38 1 1 0 0 2.517340
20 39 1 1 0 0 2.177544
20 40 1 1 0 0 2.115325
20 42 1 1 0 0 2.607623
20 43 1 1 0 0 2.256103
21 24 1 1 0 0 0.875957
21 26 1 1 0 0 0.567274
21 27 1 1 0 0 1.827840
21 28 1 1 0 0 2.360191
21 31 1 1 0 0 1.392300
21 32 1 1 0 0 1.614714
21 33 1 1 0 0 2.825544
21 34 1 1 0 0 2.218220
21 36 1 1 0 0 1.706986
21 41 1 1 0 0 1.910654
21 49 1 1 0 0 2.537893
22 23 1 1 0 0 1.116468
22 25 1 1 0 0 0.843090
22 29 1 1 0 0 1.126410
22 30 1 1 0 0 1.310267
22 35 1 1 0 0 1.549871
22 37 1 1 0 0 1.582561
22 38 1 1 0 0 1.714934
22 40 1 1 0 0 2.926055
22 43 1 1 0 0 2.803712
23 25 1 1 0 0 0.385876
23 29 1 1 0 0 1.722353
23 30 1 1 0 0 1.088531
23 35 1 1 0 0 2.038235
23 37 1 1 0 0 1.889868
23 38 1 1 0 0 2.156965
23 39 1 1 0 0 2.163932
23 40 1 1 0 0 2.052048
23 42 1 1 0 0 2.589903
23 43 1 1 0 0 2.105825
24 26 1 1 0 0 0.410000
24 27 1 1 0 0 2.578701
24 31 1 1 0 0 1.826034
24 32 1 1 0 0 1.044797
24 34 1 1 0 0 2.764489
24 36 1 1 0 0 1.299885
24 41 1 1 0 0 1.807014
24 49 1 1 0 0 2.336536
25 29 1 1 0 0 1.337012
25 30 1 1 0 0 0.806226
25 35 1 1 0 0 1.661716
25 37 1 1 0 0 1.531176
25 38 1 1 0 0 1.786449
25 39 1 1 0 0 2.282126
25 40 1 1 0 0 2.122499
25 42 1 1 0 0 2.694086
25 43 1 1 0 0 2.075476
26 27 1 1 0 0 2.171175
26 28 1 1 0 0 2.669176
26 31 1 1 0 0 1.436698
26 32 1 1 0 0 1.073546
26 34 1 1 0 0 2.366030
26 36 1 1 0 0 1.223765
26 41 1 1 0 0 1.586190
26 49 1 1 0 0 2.172211
27 28 1 1 0 0 0.543783
27 31 1 1 0 0 1.116468
27 32 1 1 0 0 2.758351
27 33 1 1 0 0 1.083005
27 34 1 1 0 0 0.872067
27 36 1 1 0 0 2.592373
27 41 1 1 0 0 2.216032
28 31 1 1 0 0 1.447342
28 33 1 1 0 0 0.577062
28 34 1 1 0 0 0.778974
28 36 1 1 0 0 2.942057
28 41 1 1 0 0 2.465461
29 30 1 1 0 0 1.000800
29 35 1 1 0 0 0.425793
29 37 1 1 0 0 0.550364
29 38 1 1 0 0 0.594138
29 39 1 1 0 0 2.998616
29 40 1 1 0 0 2.738357
29 43 1 1 0 0 2.416609
30 35 1 1 0 0 1.135473
30 37 1 1 0 0 0.896939
30 38 1 1 0 0 1.203079
30 39 1 1 0 0 2.016457
30 40 1 1 0 0 1.773415
30 42 1 1 0 0 2.367720
30 43 1 1 0 0 1.536750
31 32 1 1 0 0 1.707513
31 33 1 1 0 0 1.705579
31 34 1 1 0 0 0.948683
31 36 1 1 0 0 1.497231
31 41 1 1 0 0 1.111261
32 34 1 1 0 0 2.603767
32 36 1 1 0 0 0.360694
32 41 1 1 0 0 1.059481
32 49 1 1 0 0 1.413153
33 34 1 1 0 0 0.793095
33 41 1 1 0 0 2.563299
34 36 1 1 0 0 2.342584
34 41 1 1 0 0 1.777892
35 37 1 1 0 0 0.310483
35 40 1 1 0 0 2.733368
35 43 1 1 0 0 2.342926
36 41 1 1 0 0 0.707107
36 49 1 1 0 0 1.068878
36 59 1 1 0 0 2.949051
36 62 1 1 0 0 2.839894
37 38 1 1 0 0 0.313209
37 39 1 1 0 0 2.711494
37 40 1 1 0 0 2.427447
37 42 1 1 0 0 2.992524
37 43 1 1 0 0 2.032462
38 40 1 1 0 0 2.721838
38 43 1 1 0 0 2.306729
39 40 1 1 0 0 0.306757
39 42 1 1 0 0 0.430116
39 43 1 1 0 0 0.845991
40 42 1 1 0 0 0.595063
40 43 1 1 0 0 0.546443
41 49 1 1 0 0 0.637887
41 62 1 1 0 0 2.290196
41 68 1 1 0 0 2.822570
41 69 1 1 0 0 2.730165
42 43 1 1 0 0 0.991817
44 48 1 1 0 0 2.361228
44 50 1 1 0 0 0.735731
44 57 1 1 0 0 1.249200
44 58 1 1 0 0 1.469966
44 60 1 1 0 0 2.602095
44 64 1 1 0 0 2.276598
44 67 1 1 0 0 2.247221
44 71 1 1 0 0 2.547096
44 73 1 1 0 0 2.696757
44 74 1 1 0 0 2.781888
44 76 1 1 0 0 2.910842
45 47 1 1 0 0 0.277308
45 49 1 1 0 0 2.384366
45 52 1 1 0 0 0.778332
45 53 1 1 0 0 0.673647
45 54 1 1 0 0 1.122943
45 55 1 1 0 0 1.086738
45 56 1 1 0 0 1.207477
45 59 1 1 0 0 1.690680
45 61 1 1 0 0 1.771017
45 62 1 1 0 0 2.453508
45 63 1 1 0 0 2.316247
45 65 1 1 0 0 2.111919
45 66 1 1 0 0 2.302564
46 49 1 1 0 0 1.026109
46 52 1 1 0 0 2.821436
46 54 1 1 0 0 2.963663
46 59 1 1 0 0 2.930614
46 62 1 1 0 0 2.559766
46 68 1 1 0 0 2.232241
46 69 1 1 0 0 2.620687
46 75 1 1 0 0 2.640928
47 49 1 1 0 0 2.619256
47 52 1 1 0 0 0.916788
47 53 1 1 0 0 0.578705
47 54 1 1 0 0 1.168461
47 55 1 1 0 0 0.951893
47 56 1 1 0 0 1.002846
47 59 1 1 0 0 1.722005
47 61 1 1 0 0 1.678869
47 62 1 1 0 0 2.531442
47 63 1 1 0 0 2.085402
47 65 1 1 0 0 2.018836
47 66 1 1 0 0 2.289738
48 50 1 1 0 0 2.983773
48 51 1 1 0 0 0.899889
48 57 1 1 0 0 2.893873
48 58 1 1 0 0 1.822361
48 60 1 1 0 0 1.518321
48 64 1 1 0 0 2.212261
48 67 1 1 0 0 2.957871
48 70 1 1 0 0 2.904083
48 72 1 1 0 0 2.418471
48 74 1 1 0 0 2.987189
48 76 1 1 0 0 2.977247
48 77 1 1 0 0 2.950830
49 52 1 1 0 0 1.800056
49 53 1 1 0 0 2.452305
49 54 1 1 0 0 1.942009
49 55 1 1 0 0 2.652433
49 56 1 1 0 0 2.992925
49 59 1 1 0 0 1.960102
49 61 1 1 0 0 2.708302
49 62 1 1 0 0 1.771243
49 65 1 1 0 0 2.878507
49 66 1 1 0 0 2.424252
49 68 1 1 0 0 2.193171
49 69 1 1 0 0 2.117664
49 75 1 1 0 0 2.636854
50 57 1 1 0 0 0.847703
50 58 1 1 0 0 1.675739
50 60 1 1 0 0 2.915888
50 64 1 1 0 0 2.347765
50 67 1 1 0 0 2.028719
50 71 1 1 0 0 2.310411
50 73 1 1 0 0 2.535705
50 74 1 1 0 0 2.659398
50 76 1 1 0 0 2.817747
50 78 1 1 0 0 2.865676
51 58 1 1 0 0 2.517459
51 60 1 1 0 0 1.760710
51 64 1 1 0 0 2.672546
51 70 1 1 0 0 2.262410
51 72 1 1 0 0 2.490622
52 53 1 1 0 0 0.655134
52 54 1 1 0 0 0.461736
52 55 1 1 0 0 0.932309
52 56 1 1 0 0 1.238790
52 59 1 1 0 0 0.992472
52 61 1 1 0 0 1.340783
52 62 1 1 0 0 1.686802
52 63 1 1 0 0 2.308419
52 65 1 1 0 0 1.651303
52 66 1 1 0 0 1.652150
52 69 1 1 0 0 2.505694
53 54 1 1 0 0 0.680000
53 55 1 1 0 0 0.417612
53 56 1 1 0 0 0.623699
53 59 1 1 0 0 1.188024
53 61 1 1 0 0 1.107655
53 62 1 1 0 0 2.032166
53 63 1 1 0 0 1.740919
53 65 1 1 0 0 1.448862
53 66 1 1 0 0 1.719186
53 69 1 1 0 0 2.868955
53 86 1 1 0 0 2.890830
54 55 1 1 0 0 0.724431
54 56 1 1 0 0 1.073778
54 59 1 1 0 0 0.567979
54 61 1 1 0 0 0.910659
54 62 1 1 0 0 1.366199
54 63 1 1 0 0 2.022375
54 65 1 1 0 0 1.203329
54 66 1 1 0 0 1.204159
54 69 1 1 0 0 2.203202
54 85 1 1 0 0 2.739069
54 86 1 1 0 0 2.697425
54 87 1 1 0 0 2.768718
54 88 1 1 0 0 2.858811
55 56 1 1 0 0 0.350143
55 59 1 1 0 0 1.061037
55 61 1 1 0 0 0.743303
55 62 1 1 0 0 1.923148
55 63 1 1 0 0 1.377679
55 65 1 1 0 0 1.077033
55 66 1 1 0 0 1.460000
55 69 1 1 0 0 2.742499
55 86 1 1 0 0 2.483405
55 89 1 1 0 0 2.804924
56 59 1 1 0 0 1.385208
56 61 1 1 0 0 0.914385
56 62 1 1 0 0 2.239487
56 63 1 1 0 0 1.122943
56 65 1 1 0 0 1.207394
56 66 1 1 0 0 1.704171
56 86 1 1 0 0 2.479778
56 89 1 1 0 0 2.721066
57 58 1 1 0 0 1.200375
57 60 1 1 0 0 2.404704
57 64 1 1 0 0 1.653421
57 67 1 1 0 0 1.190000
57 71 1 1 0 0 1.465401
57 72 1 1 0 0 2.759438
57 73 1 1 0 0 1.704699
57 74 1 1 0 0 1.839185
57 76 1 1 0 0 2.006016
57 77 1 1 0 0 2.441250
57 78 1 1 0 0 2.022301
57 79 1 1 0 0 2.747217
57 80 1 1 0 0 2.166841
57 81 1 1 0 0 2.441823
58 60 1 1 0 0 1.246154
58 64 1 1 0 0 0.832406
58 67 1 1 0 0 1.204159
58 71 1 1 0 0 1.462635
58 72 1 1 0 0 1.818131
58 73 1 1 0 0 1.465367
58 74 1 1 0 0 1.487582
58 76 1 1 0 0 1.570032
58 77 1 1 0 0 1.819121
58 78 1 1 0 0 2.132416
58 79 1 1 0 0 2.109431
58 80 1 1 0 0 2.278530
58 81 1 1 0 0 2.163331
58 82 1 1 0 0 2.806599
58 84 1 1 0 0 2.525173
58 91 1 1 0 0 2.693139
58 92 1 1 0 0 2.960135
59 61 1 1 0 0 0.768960
59 62 1 1 0 0 0.863539
59 63 1 1 0 0 2.079279
59 65 1 1 0 0 0.920978
59 66 1 1 0 0 0.670075
59 68 1 1 0 0 2.618396
59 69 1 1 0 0 1.691892
59 75 1 1 0 0 2.930017
59 85 1 1 0 0 2.173499
59 86 1 1 0 0 2.326478
59 87 1 1 0 0 2.202726
59 88 1 1 0 0 2.298043
59 89 1 1 0 0 2.854085
59 93 1 1 0 0 2.846753
59 95 1 1 0 0 2.871742
60 64 1 1 0 0 0.974064
60 67 1 1 0 0 1.869679
60 70 1 1 0 0 2.298956
60 71 1 1 0 0 1.968248
60 72 1 1 0 0 0.920054
60 73 1 1 0 0 1.750257
60 74 1 1 0 0 1.640122
60 76 1 1 0 0 1.577244
60 77 1 1 0 0 1.454132
60 78 1 1 0 0 2.480020
60 79 1 1 0 0 1.612762
60 80 1 1 0 0 2.587856
60 81 1 1 0 0 2.106015
60 82 1 1 0 0 1.824637
60 84 1 1 0 0 1.834612
60 90 1 1 0 0 2.438237
60 91 1 1 0 0 2.434030
60 92 1 1 0 0 2.353317
60 97 1 1 0 0 2.775104
61 62 1 1 0 0 1.486607
61 63 1 1 0 0 1.322309
61 65 1 1 0 0 0.341321
61 66 1 1 0 0 0.814923
61 69 1 1 0 0 2.226387
61 78 1 1 0 0 2.590830
61 80 1 1 0 0 2.658590
61 85 1 1 0 0 2.300826
61 86 1 1 0 0 1.820110
61 87 1 1 0 0 2.335401
61 88 1 1 0 0 2.363493
61 89 1 1 0 0 2.240558
61 93 1 1 0 0 2.452937
61 95 1 1 0 0 2.672901
62 63 1 1 0 0 2.790287
62 65 1 1 0 0 1.463728
62 66 1 1 0 0 0.812712
62 68 1 1 0 0 1.772935
62 69 1 1 0 0 0.837377
62 75 1 1 0 0 2.068260
62 83 1 1 0 0 2.514677
62 85 1 1 0 0 1.630031
62 86 1 1 0 0 2.479758
62 87 1 1 0 0 1.650121
62 88 1 1 0 0 1.804688
62 93 1 1 0 0 2.810000
62 95 1 1 0 0 2.605993
62 96 1 1 0 0 2.543718
63 65 1 1 0 0 1.349518
63 66 1 1 0 0 2.031945
63 86 1 1 0 0 1.850649
63 89 1 1 0 0 1.844560
63 93 1 1 0 0 2.563006
64 67 1 1 0 0 0.897385
64 71 1 1 0 0 1.004988
64 72 1 1 0 0 1.106752
64 73 1 1 0 0 0.836301
64 74 1 1 0 0 0.778974
64 76 1 1 0 0 0.800812
64 77 1 1 0 0 0.987168
64 78 1 1 0 0 1.578132
64 79 1 1 0 0 1.277576
64 80 1 1 0 0 1.704171
64 81 1 1 0 0 1.404315
64 82 1 1 0 0 2.058665
64 84 1 1 0 0 1.704171
64 90 1 1 0 0 2.715621
64 91 1 1 0 0 1.892644
64 92 1 1 0 0 2.128215
64 94 1 1 0 0 2.438237
64 97 1 1 0 0 2.775968
65 66 1 1 0 0 0.682642
65 69 1 1 0 0 2.117475
65 78 1 1 0 0 2.451061
65 80 1 1 0 0 2.502039
65 85 1 1 0 0 2.029409
65 86 1 1 0 0 1.497231
65 87 1 1 0 0 2.064800
65 88 1 1 0 0 2.074223
65 89 1 1 0 0 1.958877
65 93 1 1 0 0 2.115325
65 95 1 1 0 0 2.335744
66 68 1 1 0 0 2.495796
66 69 1 1 0 0 1.437533
66 75 1 1 0 0 2.722499
66 85 1 1 0 0 1.566684
66 86 1 1 0 0 1.758551
66 87 1 1 0 0 1.598812
66 88 1 1 0 0 1.667693
66 89 1 1 0 0 2.349127
66 93 1 1 0 0 2.211651
66 95 1 1 0 0 2.201840
66 96 1 1 0 0 2.576238
67 71 1 1 0 0 0.300167
67 72 1 1 0 0 1.839674
67 73 1 1 0 0 0.520096
67 74 1 1 0 0 0.672086
67 76 1 1 0 0 0.851469
67 77 1 1 0 0 1.325745
67 78 1 1 0 0 0.961041
67 79 1 1 0 0 1.618178
67 80 1 1 0 0 1.111980
67 81 1 1 0 0 1.252996
67 82 1 1 0 0 2.651980
67 84 1 1 0 0 2.102308
67 86 1 1 0 0 2.396331
67 91 1 1 0 0 1.838967
67 92 1 1 0 0 2.368882
67 94 1 1 0 0 2.050098
68 69 1 1 0 0 1.085587
68 75 1 1 0 0 0.443847
68 83 1 1 0 0 1.190504
68 85 1 1 0 0 2.105445
68 87 1 1 0 0 2.092463
68 88 1 1 0 0 2.302043
68 96 1 1 0 0 2.384030
69 75 1 1 0 0 1.285496
69 83 1 1 0 0 1.677379
69 85 1 1 0 0 1.269094
69 86 1 1 0 0 2.731300
69 87 1 1 0 0 1.271417
69 88 1 1 0 0 1.476652
69 93 1 1 0 0 2.854908
69 95 1 1 0 0 2.436473
69 96 1 1 0 0 1.953689
70 72 1 1 0 0 2.131502
70 77 1 1 0 0 2.864001
70 79 1 1 0 0 2.738357
70 82 1 1 0 0 1.796023
70 84 1 1 0 0 2.476489
70 90 1 1 0 0 1.763236
70 92 1 1 0 0 2.821719
70 97 1 1 0 0 2.549510
70 98 1 1 0 0 2.820284
70 99 1 1 0 0 2.735032
71 72 1 1 0 0 1.791787
71 73 1 1 0 0 0.328938
71 74 1 1 0 0 0.505964
71 76 1 1 0 0 0.687095
71 77 1 1 0 0 1.175457
71 78 1 1 0 0 0.673573
71 79 1 1 0 0 1.445337
71 80 1 1 0 0 0.822800
71 81 1 1 0 0 0.982700
71 82 1 1 0 0 2.522241
71 84 1 1 0 0 1.924214
71 86 1 1 0 0 2.253996
71 91 1 1 0 0 1.566684
71 92 1 1 0 0 2.142639
71 94 1 1 0 0 1.750257
71 97 1 1 0 0 2.922054
72 73 1 1 0 0 1.480304
72 74 1 1 0 0 1.312440
72 76 1 1 0 0 1.162497
72 77 1 1 0 0 0.787147
72 78 1 1 0 0 2.076921
72 79 1 1 0 0 0.801561
72 80 1 1 0 0 2.141145
72 81 1 1 0 0 1.488624
72 82 1 1 0 0 0.990454
72 84 1 1 0 0 0.920706
72 90 1 1 0 0 1.644536
72 91 1 1 0 0 1.650757
72 92 1 1 0 0 1.443607
72 94 1 1 0 0 2.470081
72 97 1 1 0 0 1.870107
72 98 1 1 0 0 2.249644
72 99 1 1 0 0 2.313201
73 74 1 1 0 0 0.177200
73 76 1 1 0 0 0.358469
73 77 1 1 0 0 0.846936
73 78 1 1 0 0 0.742496
73 79 1 1 0 0 1.121606
73 80 1 1 0 0 0.868332
73 81 1 1 0 0 0.756902
73 82 1 1 0 0 2.193376
73 84 1 1 0 0 1.603122
73 90 1 1 0 0 2.799571
73 91 1 1 0 0 1.337946
73 92 1 1 0 0 1.849459
73 94 1 1 0 0 1.674873
73 97 1 1 0 0 2.617671
73 98 1 1 0 0 2.917430
74 76 1 1 0 0 0.183576
74 77 1 1 0 0 0.671193
74 78 1 1 0 0 0.840536
74 79 1 1 0 0 0.951315
74 80 1 1 0 0 0.949210
74 81 1 1 0 0 0.680661
74 82 1 1 0 0 2.016755
74 84 1 1 0 0 1.434503
74 90 1 1 0 0 2.625452
74 91 1 1 0 0 1.241974
74 92 1 1 0 0 1.702381
74 94 1 1 0 0 1.669790
74 97 1 1 0 0 2.460732
74 98 1 1 0 0 2.768176
74 99 1 1 0 0 2.901930
75 83 1 1 0 0 0.761643
75 85 1 1 0 0 2.057693
75 87 1 1 0 0 2.037891
75 88 1 1 0 0 2.236515
75 96 1 1 0 0 2.144621
76 77 1 1 0 0 0.488467
76 78 1 1 0 0 0.935201
76 79 1 1 0 0 0.768440
76 80 1 1 0 0 1.023963
76 81 1 1 0 0 0.604152
76 82 1 1 0 0 1.835211
76 84 1 1 0 0 1.252078
76 90 1 1 0 0 2.441987
76 91 1 1 0 0 1.126410
76 92 1 1 0 0 1.534471
76 94 1 1 0 0 1.642833
76 97 1 1 0 0 2.284491
76 98 1 1 0 0 2.597172
76 99 1 1 0 0 2.728095
77 78 1 1 0 0 1.315295
77 79 1 1 0 0 0.308058
77 80 1 1 0 0 1.365613
77 81 1 1 0 0 0.704557
77 82 1 1 0 0 1.347368
77 84 1 1 0 0 0.784920
77 90 1 1 0 0 1.955326
77 91 1 1 0 0 0.986813
77 92 1 1 0 0 1.147693
77 94 1 1 0 0 1.723514
77 97 1 1 0 0 1.846212
77 98 1 1 0 0 2.180482
77 99 1 1 0 0 2.298282
78 79 1 1 0 0 1.480844
78 80 1 1 0 0 0.151327
78 81 1 1 0 0 0.747262
78 82 1 1 0 0 2.582131
78 84 1 1 0 0 1.892644
78 91 1 1 0 0 1.214002
78 92 1 1 0 0 1.940928
78 94 1 1 0 0 1.124500
78 97 1 1 0 0 2.737243
78 98 1 1 0 0 2.964878
79 80 1 1 0 0 1.503330
79 81 1 1 0 0 0.774661
79 82 1 1 0 0 1.108197
79 84 1 1 0 0 0.484149
79 90 1 1 0 0 1.683449
79 91 1 1 0 0 0.850000
79 92 1 1 0 0 0.850706
79 94 1 1 0 0 1.677379
79 97 1 1 0 0 1.538376
79 98 1 1 0 0 1.873019
79 99 1 1 0 0 1.990226
80 81 1 1 0 0 0.741687
80 82 1 1 0 0 2.591930
80 84 1 1 0 0 1.890608
80 91 1 1 0 0 1.147388
80 92 1 1 0 0 1.897815
80 94 1 1 0 0 0.980612
80 97 1 1 0 0 2.689721
80 98 1 1 0 0 2.901758
81 82 1 1 0 0 1.850676
81 84 1 1 0 0 1.149826
81 90 1 1 0 0 2.360275
81 91 1 1 0 0 0.586003
81 92 1 1 0 0 1.214907
81 94 1 1 0 0 1.058159
81 97 1 1 0 0 2.011890
81 98 1 1 0 0 2.266297
81 99 1 1 0 0 2.420021
82 84 1 1 0 0 0.717008
82 90 1 1 0 0 0.657951
82 91 1 1 0 0 1.670449
82 92 1 1 0 0 1.030049
82 94 1 1 0 0 2.540020
82 97 1 1 0 0 1.019657
82 98 1 1 0 0 1.393592
82 99 1 1 0 0 1.412268
83 85 1 1 0 0 1.950231
83 87 1 1 0 0 1.920651
83 88 1 1 0 0 2.079639
83 95 1 1 0 0 2.929095
83 96 1 1 0 0 1.675858
84 90 1 1 0 0 1.220656
84 91 1 1 0 0 0.967729
84 92 1 1 0 0 0.523927
84 94 1 1 0 0 1.843909
84 97 1 1 0 0 1.073778
84 98 1 1 0 0 1.426955
84 99 1 1 0 0 1.529771
85 86 1 1 0 0 1.850027
85 87 1 1 0 0 0.036056
85 88 1 1 0 0 0.208087
85 89 1 1 0 0 2.490642
85 93 1 1 0 0 1.729306
85 95 1 1 0 0 1.188024
85 96 1 1 0 0 1.010198
86 87 1 1 0 0 1.880027
86 88 1 1 0 0 1.737383
86 89 1 1 0 0 0.667308
86 93 1 1 0 0 0.718679
86 95 1 1 0 0 1.293213
86 96 1 1 0 0 2.527232
87 88 1 1 0 0 0.212132
87 89 1 1 0 0 2.518770
87 93 1 1 0 0 1.749286
87 95 1 1 0 0 1.196035
87 96 1 1 0 0 0.977548
88 89 1 1 0 0 2.360763
88 93 1 1 0 0 1.555956
88 95 1 1 0 0 0.984124
88 96 1 1 0 0 0.947945
89 93 1 1 0 0 0.997296
89 95 1 1 0 0 1.736923
90 91 1 1 0 0 2.050000
90 92 1 1 0 0 1.286585
90 94 1 1 0 0 2.865310
90 97 1 1 0 0 0.793095
90 98 1 1 0 0 1.063297
90 99 1 1 0 0 1.000900
91 92 1 1 0 0 0.780897
91 94 1 1 0 0 0.876641
91 97 1 1 0 0 1.553222
91 98 1 1 0 0 1.754451
91 99 1 1 0 0 1.920234
92 94 1 1 0 0 1.579905
92 97 1 1 0 0 0.797559
92 98 1 1 0 0 1.068316
92 99 1 1 0 0 1.211652
93 95 1 1 0 0 0.755050
93 96 1 1 0 0 2.127628
94 97 1 1 0 0 2.254994
94 98 1 1 0 0 2.350532
94 99 1 1 0 0 2.530494
95 96 1 1 0 0 1.380326
97 98 1 1 0 0 0.382099
97 99 1 1 0 0 0.456508
98 99 1 1 0 0 0.181108
