1         |49              |0.99 |0.8  |49       |0   |0.1225         |0      |0        |0             |1         |1        |0
8         |75              |0.99 |0.8  |75       |2.74184   |0.1875         |0      |0        |0             |2         |2        |14
9         |88              |0.99 |0.8  |88       |3.24184   |0.22         |0      |0        |0             |3         |3        |16
12         |89              |0.99 |0.8  |89       |3.29015   |0.2225         |0      |0        |0             |4         |4        |25
13         |91              |0.99 |0.8  |91       |3.59351   |0.2275         |0      |0        |0             |5         |5        |28
26         |94              |0.99 |0.8  |94       |4.67324   |0.235         |0      |0        |0             |7         |7        |103
33         |111              |0.99 |0.8  |111       |7.73043   |0.2775         |0      |0        |0             |10         |10        |132
36         |118              |0.99 |0.8  |118       |8.17036   |0.295         |0      |0        |0             |13         |13        |144
42         |126              |0.99 |0.8  |126       |9.08601   |0.315         |0      |0        |0             |17         |17        |169
43         |129              |0.99 |0.8  |129       |9.58601   |0.3225         |0      |0        |0             |21         |21        |171
45         |131              |0.99 |0.8  |131       |9.72129   |0.3275         |0      |0        |0             |25         |25        |185
48         |133              |0.99 |0.8  |132       |10.1589   |0.33         |0      |0        |0             |29         |29        |200
51         |134              |0.99 |0.8  |133       |10.3166   |0.3325         |0      |0        |0             |34         |34        |212
55         |140              |0.99 |0.8  |139       |12.3002   |0.3475         |0      |0        |0             |41         |41        |220
57         |145              |0.99 |0.8  |144       |13.0413   |0.36         |0      |0        |0             |56         |56        |234
59         |150              |0.99 |0.8  |149       |13.5413   |0.3725         |0      |0        |0             |76         |76        |245
60         |151              |0.99 |0.8  |150       |14.0377   |0.375         |0      |0        |0             |93         |93        |249
64         |170              |0.99 |0.8  |169       |15.317   |0.4225         |0      |0        |0             |111         |111        |260
69         |171              |0.99 |0.8  |170       |15.817   |0.425         |0      |0        |0             |147         |147        |287
71         |187              |0.99 |0.8  |186       |15.0864   |0.465         |0      |0        |0             |172         |172        |295
79         |211              |0.99 |0.8  |211       |20.6894   |0.5275         |0      |0        |0             |212         |212        |351
84         |215              |0.99 |0.8  |215       |21.9002   |0.5375         |0      |0        |0             |254         |254        |374
85         |227              |0.99 |0.8  |227       |23.829   |0.5675         |0      |0        |0             |307         |307        |376
88         |232              |0.99 |0.8  |230       |23.95   |0.575         |0      |0        |0             |369         |369        |388
91         |233              |0.99 |0.8  |232       |23.9648   |0.58         |0      |0        |0             |456         |456        |410
103         |238              |0.99 |0.8  |236       |27.9992   |0.59         |0      |0        |0             |611         |611        |474
104         |239              |0.99 |0.8  |237       |30.635   |0.5925         |0      |0        |0             |778         |778        |476
116         |249              |0.99 |0.8  |247       |39.2687   |0.6175         |0      |0        |0             |1078         |1078        |540
117         |271              |0.99 |0.8  |269       |31.4681   |0.6725         |0      |0        |0             |1347         |1347        |542
119         |272              |0.99 |0.8  |270       |32.2762   |0.675         |0      |0        |0             |1582         |1582        |551
122         |288              |0.99 |0.8  |287       |32.4681   |0.7175         |0      |0        |0             |1827         |1827        |569
124         |308              |0.99 |0.8  |305       |33.8319   |0.7625         |0      |0        |0             |2064         |2064        |576
130         |315              |0.99 |0.8  |313       |37.0348   |0.7825         |0      |0        |0             |2468         |2468        |606
134         |324              |0.99 |0.8  |322       |36.8506   |0.805         |0      |0        |0             |2822         |2822        |628
147         |334              |0.99 |0.8  |333       |37.8219   |0.8325         |0      |0        |0             |3375         |3375        |720
156         |340              |0.99 |0.8  |339       |39.3707   |0.8475         |0      |0        |0             |3957         |3957        |767
176         |357              |0.99 |0.8  |355       |47.0074   |0.8875         |0      |0        |0             |5143         |5143        |890
188         |370              |0.99 |0.8  |368       |42.3084   |0.92         |0      |0        |0             |6114         |6114        |954
194         |390              |0.99 |0.8  |389       |47.3419   |0.9725         |0      |0        |0             |7026         |7026        |1008
208         |394              |0.99 |0.8  |394       |43.7367   |0.985         |0      |0        |0             |8540         |8540        |1095
353         |398              |0.99 |0.8  |395       |51.2389   |0.9875         |0      |0        |0             |19348         |19348        |2109
853         |398              |0.99 |0.8  |395       |43.6562   |0.9875         |0      |0        |0             |80801         |80801        |5621
1093         |400              |0.99 |0.8  |400       |0   |1         |0      |0        |0             |80931         |80931        |7494
1593         |400              |0.99 |0.8  |400       |0   |1         |0      |0        |0             |81116         |81116        |10564
2093         |400              |0.99 |0.8  |400       |0   |1         |0      |0        |0             |81413         |81413        |14362
