0 0.000000 3.333333
0 0.010000 3.333333
0 0.020000 3.333333
0 0.030000 3.333333
0 0.040000 3.333333
0 0.050000 3.333333
0 0.060000 3.333333
0 0.070000 3.333333
0 0.080000 3.333333
0 0.090000 3.333333
0 0.100000 3.333333
0 0.110000 3.333333
0 0.120000 3.333333
0 0.130000 3.333333
0 0.140000 3.333333
0 0.150000 3.333333
0 0.160000 3.333333
0 0.170000 3.333333
0 0.180000 3.333333
0 0.190000 3.333333
0 0.200000 3.333333
0 0.210000 3.333333
0 0.220000 3.333333
0 0.230000 3.333333
0 0.240000 3.333333
0 0.250000 3.333333
0 0.260000 3.333333
0 0.270000 3.333333
0 0.280000 3.333333
0 0.290000 3.333333
0 0.300000 3.333333
0 0.310000 3.333333
0 0.320000 3.333333
0 0.330000 3.333333
0 0.340000 3.333333
0 0.350000 3.333333
0 0.360000 3.333333
0 0.370000 3.333333
0 0.380000 3.333333
0 0.390000 3.333333
0 0.400000 3.333333
0 0.410000 3.333333
0 0.420000 3.333333
0 0.430000 3.333333
0 0.440000 3.333333
0 0.450000 3.333333
0 0.460000 3.333333
0 0.470000 3.333333
0 0.480000 3.333333
0 0.490000 3.333333
0 0.500000 3.333333
0 0.510000 3.333333
0 0.520000 3.333333
0 0.530000 3.333333
0 0.540000 3.333333
0 0.550000 3.333333
0 0.560000 3.333333
0 0.570000 3.333333
0 0.580000 3.333333
0 0.590000 3.333333
0 0.600000 3.333333
0 0.610000 3.333333
0 0.620000 3.333333
0 0.630000 3.333333
0 0.640000 3.333333
0 0.650000 3.333333
0 0.660000 3.333333
0 0.670000 3.333333
0 0.680000 3.333333
0 0.690000 3.333333
0 0.700000 3.333333
0 0.710000 3.333333
0 0.720000 3.333333
0 0.730000 3.333333
0 0.740000 3.333333
0 0.750000 3.333333
0 0.760000 3.333333
0 0.770000 3.333333
0 0.780000 3.333333
0 0.790000 3.333333
0 0.800000 3.333333
0 0.810000 3.333333
0 0.820000 3.333333
0 0.830000 3.333333
0 0.840000 3.333333
0 0.850000 3.333333
0 0.860000 3.333333
0 0.870000 3.333333
0 0.880000 3.333333
0 0.890000 3.333333
0 0.900000 3.333333
0 0.910000 3.333333
0 0.920000 3.333333
0 0.930000 3.333333
0 0.940000 3.333333
0 0.950000 3.333333
0 0.960000 3.333333
0 0.970000 3.333333
0 0.980000 3.333333
0 0.990000 3.333333
0 1.000000 3.333333
0 1.010000 3.333333
0 1.020000 3.333333
0 1.030000 3.333333
0 1.040000 3.333333
0 1.050000 3.333333
0 1.060000 3.333333
0 1.070000 3.333333
0 1.080000 3.333333
0 1.090000 3.333333
0 1.100000 3.333333
0 1.110000 3.333333
0 1.120000 3.333333
0 1.130000 3.333333
0 1.140000 3.333333
0 1.150000 3.333333
0 1.160000 3.333333
0 1.170000 3.333333
0 1.180000 3.333333
0 1.190000 3.333333
0 1.200000 3.333333
0 1.210000 3.333333
0 1.220000 3.333333
0 1.230000 3.333333
0 1.240000 3.333333
0 1.250000 3.333333
0 1.260000 3.333333
0 1.270000 3.333333
0 1.280000 3.333333
0 1.290000 3.333333
0 1.300000 3.333333
0 1.310000 3.333333
0 1.320000 3.333333
0 1.330000 3.333333
0 1.340000 3.333333
0 1.350000 3.333333
0 1.360000 3.333333
0 1.370000 3.333333
0 1.380000 3.333333
0 1.390000 3.333333
0 1.400000 3.333333
0 1.410000 3.333333
0 1.420000 3.333333
0 1.430000 3.333333
0 1.440000 3.333333
0 1.450000 3.333333
0 1.460000 3.333333
0 1.470000 3.333333
0 1.480000 3.333333
0 1.490000 3.333333
0 1.500000 3.333333
0 1.510000 3.333333
0 1.520000 3.333333
0 1.530000 3.333333
0 1.540000 3.333333
0 1.550000 3.333333
0 1.560000 3.333333
0 1.570000 3.333333
0 1.580000 3.333333
0 1.590000 3.333333
0 1.600000 3.333333
0 1.610000 3.333333
0 1.620000 3.333333
0 1.630000 3.333333
0 1.640000 3.333333
0 1.650000 3.333333
0 1.660000 3.333333
0 1.670000 3.333333
0 1.680000 3.333333
0 1.690000 3.333333
0 1.700000 3.333333
0 1.710000 3.333333
0 1.720000 3.333333
0 1.730000 3.333333
0 1.740000 3.333333
0 1.750000 3.333333
0 1.760000 3.333333
0 1.770000 3.333333
0 1.780000 3.333333
0 1.790000 3.333333
0 1.800000 3.333333
0 1.810000 3.333333
0 1.820000 3.333333
0 1.830000 3.333333
0 1.840000 3.333333
0 1.850000 3.333333
0 1.860000 3.333333
1 2.370000 3.333333
1 2.380000 3.333333
1 2.390000 3.333333
1 2.400000 3.333333
1 2.410000 3.333333
1 2.420000 3.333333
1 2.430000 3.333333
1 2.440000 3.333333
1 2.450000 3.333333
1 2.460000 3.333333
1 2.470000 3.333333
1 2.480000 3.333333
1 2.490000 3.333333
1 2.500000 3.333333
1 2.510000 3.333333
1 2.520000 3.333333
1 2.530000 3.333333
1 2.540000 3.333333
1 2.550000 3.333333
1 2.560000 3.333333
1 2.570000 3.333333
1 2.580000 3.333333
1 2.590000 3.333333
1 2.600000 3.333333
1 2.610000 3.333333
1 2.620000 3.333333
1 2.630000 3.333333
1 2.640000 3.333333
1 2.650000 3.333333
1 2.660000 3.333333
1 2.670000 3.333333
1 2.680000 3.333333
1 2.690000 3.333333
1 2.700000 3.333333
1 2.710000 3.333333
1 2.720000 3.333333
1 2.730000 3.333333
1 2.740000 3.333333
1 2.750000 3.333333
1 2.760000 3.333333
1 2.770000 3.333333
1 2.780000 3.333333
1 2.790000 3.333333
1 2.800000 3.333333
1 2.810000 3.333333
1 2.820000 3.333333
1 2.830000 3.333333
1 2.840000 3.333333
1 2.850000 3.333333
1 2.860000 3.333333
1 2.870000 3.333333
1 2.880000 3.333333
1 2.890000 3.333333
1 2.900000 3.333333
1 2.910000 3.333333
1 2.920000 3.333333
1 2.930000 3.333333
1 2.940000 3.333333
1 2.950000 3.333333
1 2.960000 3.333333
1 2.970000 3.333333
1 2.980000 3.333333
1 2.990000 3.333333
1 3.000000 3.333333
1 3.010000 3.333333
1 3.020000 3.333333
1 3.030000 3.333333
1 3.040000 3.333333
1 3.050000 3.333333
1 3.060000 3.333333
1 3.070000 3.333333
1 3.080000 3.333333
1 3.090000 3.333333
1 3.100000 3.333333
1 3.110000 3.333333
1 3.120000 3.333333
1 3.130000 3.333333
1 3.140000 3.333333
1 3.150000 3.333333
1 3.160000 3.333333
1 3.170000 3.333333
1 3.180000 3.333333
1 3.190000 3.333333
1 3.200000 3.333333
1 3.210000 3.333333
1 3.220000 3.333333
1 3.230000 3.333333
1 3.240000 3.333333
1 3.250000 3.333333
1 3.260000 3.333333
1 3.270000 3.333333
1 3.280000 3.333333
1 3.290000 3.333333
1 3.300000 3.333333
1 3.310000 3.333333
1 3.320000 3.333333
1 3.330000 3.333333
2 3.333333 3.333333
2 3.343333 3.333333
2 3.353333 3.333333
2 3.363333 3.333333
2 3.373333 3.333333
2 3.383333 3.333333
2 3.393333 3.333333
2 3.403333 3.333333
2 3.413333 3.333333
2 3.423333 3.333333
2 3.433333 3.333333
2 3.443333 3.333333
2 3.453333 3.333333
2 3.463333 3.333333
2 3.473333 3.333333
2 3.483333 3.333333
2 3.493333 3.333333
2 3.503333 3.333333
2 3.513333 3.333333
2 3.523333 3.333333
2 3.533333 3.333333
2 3.543333 3.333333
2 3.553333 3.333333
2 3.563333 3.333333
2 3.573333 3.333333
2 3.583333 3.333333
2 3.593333 3.333333
2 3.603333 3.333333
3 4.120000 3.333333
3 4.130000 3.333333
3 4.140000 3.333333
3 4.150000 3.333333
3 4.160000 3.333333
3 4.170000 3.333333
3 4.180000 3.333333
3 4.190000 3.333333
3 4.200000 3.333333
3 4.210000 3.333333
3 4.220000 3.333333
3 4.230000 3.333333
3 4.240000 3.333333
3 4.250000 3.333333
3 4.260000 3.333333
3 4.270000 3.333333
3 4.280000 3.333333
3 4.290000 3.333333
3 4.300000 3.333333
3 4.310000 3.333333
3 4.320000 3.333333
3 4.330000 3.333333
3 4.340000 3.333333
3 4.350000 3.333333
3 4.360000 3.333333
3 4.370000 3.333333
3 4.380000 3.333333
3 4.390000 3.333333
3 4.400000 3.333333
3 4.410000 3.333333
3 4.420000 3.333333
3 4.430000 3.333333
3 4.440000 3.333333
3 4.450000 3.333333
3 4.460000 3.333333
3 4.470000 3.333333
3 4.480000 3.333333
3 4.490000 3.333333
3 4.500000 3.333333
3 4.510000 3.333333
3 4.520000 3.333333
3 4.530000 3.333333
3 4.540000 3.333333
3 4.550000 3.333333
3 4.560000 3.333333
3 4.570000 3.333333
3 4.580000 3.333333
3 4.590000 3.333333
3 4.600000 3.333333
3 4.610000 3.333333
3 4.620000 3.333333
3 4.630000 3.333333
3 4.640000 3.333333
3 4.650000 3.333333
3 4.660000 3.333333
3 4.670000 3.333333
3 4.680000 3.333333
3 4.690000 3.333333
3 4.700000 3.333333
3 4.710000 3.333333
3 4.720000 3.333333
3 4.730000 3.333333
3 4.740000 3.333333
3 4.750000 3.333333
3 4.760000 3.333333
3 4.770000 3.333333
3 4.780000 3.333333
3 4.790000 3.333333
3 4.800000 3.333333
3 4.810000 3.333333
3 4.820000 3.333333
3 4.830000 3.333333
3 4.840000 3.333333
3 4.850000 3.333333
3 4.860000 3.333333
3 4.870000 3.333333
3 4.880000 3.333333
3 4.890000 3.333333
3 4.900000 3.333333
3 4.910000 3.333333
3 4.920000 3.333333
3 4.930000 3.333333
3 4.940000 3.333333
3 4.950000 3.333333
3 4.960000 3.333333
3 4.970000 3.333333
3 4.980000 3.333333
3 4.990000 3.333333
3 5.000000 3.333333
3 5.010000 3.333333
3 5.020000 3.333333
3 5.030000 3.333333
3 5.040000 3.333333
3 5.050000 3.333333
3 5.060000 3.333333
3 5.070000 3.333333
3 5.080000 3.333333
3 5.090000 3.333333
3 5.100000 3.333333
3 5.110000 3.333333
3 5.120000 3.333333
3 5.130000 3.333333
3 5.140000 3.333333
3 5.150000 3.333333
3 5.160000 3.333333
3 5.170000 3.333333
3 5.180000 3.333333
3 5.190000 3.333333
3 5.200000 3.333333
3 5.210000 3.333333
3 5.220000 3.333333
3 5.230000 3.333333
3 5.240000 3.333333
3 5.250000 3.333333
3 5.260000 3.333333
3 5.270000 3.333333
3 5.280000 3.333333
3 5.290000 3.333333
3 5.300000 3.333333
3 5.310000 3.333333
3 5.320000 3.333333
3 5.330000 3.333333
3 5.340000 3.333333
3 5.350000 3.333333
3 5.360000 3.333333
3 5.370000 3.333333
3 5.380000 3.333333
3 5.390000 3.333333
3 5.400000 3.333333
3 5.410000 3.333333
3 5.420000 3.333333
3 5.430000 3.333333
3 5.440000 3.333333
3 5.450000 3.333333
3 5.460000 3.333333
3 5.470000 3.333333
3 5.480000 3.333333
3 5.490000 3.333333
3 5.500000 3.333333
3 5.510000 3.333333
3 5.520000 3.333333
3 5.530000 3.333333
3 5.540000 3.333333
3 5.550000 3.333333
3 5.560000 3.333333
3 5.570000 3.333333
3 5.580000 3.333333
3 5.590000 3.333333
3 5.600000 3.333333
3 5.610000 3.333333
3 5.620000 3.333333
3 5.630000 3.333333
3 5.640000 3.333333
3 5.650000 3.333333
3 5.660000 3.333333
3 5.670000 3.333333
3 5.680000 3.333333
3 5.690000 3.333333
3 5.700000 3.333333
3 5.710000 3.333333
3 5.720000 3.333333
3 5.730000 3.333333
3 5.740000 3.333333
3 5.750000 3.333333
3 5.760000 3.333333
3 5.770000 3.333333
3 5.780000 3.333333
3 5.790000 3.333333
3 5.800000 3.333333
3 5.810000 3.333333
3 5.820000 3.333333
3 5.830000 3.333333
3 5.840000 3.333333
3 5.850000 3.333333
3 5.860000 3.333333
3 5.870000 3.333333
3 5.880000 3.333333
3 5.890000 3.333333
3 5.900000 3.333333
3 5.910000 3.333333
3 5.920000 3.333333
3 5.930000 3.333333
3 5.940000 3.333333
3 5.950000 3.333333
3 5.960000 3.333333
3 5.970000 3.333333
3 5.980000 3.333333
3 5.990000 3.333333
3 6.000000 3.333333
3 6.010000 3.333333
3 6.020000 3.333333
3 6.030000 3.333333
3 6.040000 3.333333
3 6.050000 3.333333
3 6.060000 3.333333
3 6.070000 3.333333
3 6.080000 3.333333
3 6.090000 3.333333
3 6.100000 3.333333
3 6.110000 3.333333
3 6.120000 3.333333
3 6.130000 3.333333
3 6.140000 3.333333
3 6.150000 3.333333
3 6.160000 3.333333
3 6.170000 3.333333
3 6.180000 3.333333
3 6.190000 3.333333
3 6.200000 3.333333
3 6.210000 3.333333
3 6.220000 3.333333
3 6.230000 3.333333
3 6.240000 3.333333
3 6.250000 3.333333
3 6.260000 3.333333
3 6.270000 3.333333
3 6.280000 3.333333
3 6.290000 3.333333
3 6.300000 3.333333
3 6.310000 3.333333
3 6.320000 3.333333
3 6.330000 3.333333
3 6.340000 3.333333
3 6.350000 3.333333
3 6.360000 3.333333
3 6.370000 3.333333
3 6.380000 3.333333
3 6.390000 3.333333
3 6.400000 3.333333
3 6.410000 3.333333
3 6.420000 3.333333
3 6.430000 3.333333
3 6.440000 3.333333
3 6.450000 3.333333
3 6.460000 3.333333
3 6.470000 3.333333
3 6.480000 3.333333
3 6.490000 3.333333
3 6.500000 3.333333
3 6.510000 3.333333
3 6.520000 3.333333
3 6.530000 3.333333
3 6.540000 3.333333
3 6.550000 3.333333
3 6.560000 3.333333
3 6.570000 3.333333
3 6.580000 3.333333
3 6.590000 3.333333
3 6.600000 3.333333
3 6.610000 3.333333
3 6.620000 3.333333
3 6.630000 3.333333
3 6.640000 3.333333
3 6.650000 3.333333
3 6.660000 3.333333
4 6.666667 3.333333
4 6.676667 3.333333
4 6.686667 3.333333
4 6.696667 3.333333
4 6.706667 3.333333
4 6.716667 3.333333
4 6.726667 3.333333
4 6.736667 3.333333
4 6.746667 3.333333
4 6.756667 3.333333
4 6.766667 3.333333
4 6.776667 3.333333
4 6.786667 3.333333
4 6.796667 3.333333
4 6.806667 3.333333
4 6.816667 3.333333
4 6.826667 3.333333
4 6.836667 3.333333
4 6.846667 3.333333
4 6.856667 3.333333
4 6.866667 3.333333
4 6.876667 3.333333
4 6.886667 3.333333
4 6.896667 3.333333
4 6.906667 3.333333
4 6.916667 3.333333
4 6.926667 3.333333
4 6.936667 3.333333
4 6.946667 3.333333
4 6.956667 3.333333
4 6.966667 3.333333
4 6.976667 3.333333
4 6.986667 3.333333
4 6.996667 3.333333
4 7.006667 3.333333
4 7.016667 3.333333
4 7.026667 3.333333
4 7.036667 3.333333
4 7.046667 3.333333
4 7.056667 3.333333
4 7.066667 3.333333
4 7.076667 3.333333
4 7.086667 3.333333
4 7.096667 3.333333
4 7.106667 3.333333
4 7.116667 3.333333
4 7.126667 3.333333
4 7.136667 3.333333
4 7.146667 3.333333
4 7.156667 3.333333
4 7.166667 3.333333
4 7.176667 3.333333
4 7.186667 3.333333
4 7.196667 3.333333
4 7.206667 3.333333
4 7.216667 3.333333
4 7.226667 3.333333
4 7.236667 3.333333
4 7.246667 3.333333
4 7.256667 3.333333
4 7.266667 3.333333
4 7.276667 3.333333
4 7.286667 3.333333
4 7.296667 3.333333
4 7.306667 3.333333
4 7.316667 3.333333
4 7.326667 3.333333
4 7.336667 3.333333
4 7.346667 3.333333
4 7.356667 3.333333
4 7.366667 3.333333
4 7.376667 3.333333
4 7.386667 3.333333
4 7.396667 3.333333
4 7.406667 3.333333
4 7.416667 3.333333
4 7.426667 3.333333
4 7.436667 3.333333
4 7.446667 3.333333
4 7.456667 3.333333
4 7.466667 3.333333
4 7.476667 3.333333
4 7.486667 3.333333
4 7.496667 3.333333
4 7.506667 3.333333
4 7.516667 3.333333
4 7.526667 3.333333
4 7.536667 3.333333
4 7.546667 3.333333
4 7.556667 3.333333
4 7.566667 3.333333
4 7.576667 3.333333
4 7.586667 3.333333
4 7.596667 3.333333
4 7.606667 3.333333
4 7.616667 3.333333
4 7.626667 3.333333
4 7.636667 3.333333
4 7.646667 3.333333
4 7.656667 3.333333
4 7.666667 3.333333
4 7.676667 3.333333
4 7.686667 3.333333
4 7.696667 3.333333
4 7.706667 3.333333
4 7.716667 3.333333
4 7.726667 3.333333
4 7.736667 3.333333
4 7.746667 3.333333
4 7.756667 3.333333
4 7.766667 3.333333
4 7.776667 3.333333
4 7.786667 3.333333
4 7.796667 3.333333
4 7.806667 3.333333
4 7.816667 3.333333
4 7.826667 3.333333
4 7.836667 3.333333
4 7.846667 3.333333
4 7.856667 3.333333
4 7.866667 3.333333
4 7.876667 3.333333
4 7.886667 3.333333
4 7.896667 3.333333
4 7.906667 3.333333
4 7.916667 3.333333
4 7.926667 3.333333
4 7.936667 3.333333
4 7.946667 3.333333
4 7.956667 3.333333
4 7.966667 3.333333
4 7.976667 3.333333
4 7.986667 3.333333
4 7.996667 3.333333
4 8.006667 3.333333
4 8.016667 3.333333
4 8.026667 3.333333
4 8.036667 3.333333
4 8.046667 3.333333
4 8.056667 3.333333
4 8.066667 3.333333
4 8.076667 3.333333
4 8.086667 3.333333
4 8.096667 3.333333
4 8.106667 3.333333
4 8.116667 3.333333
4 8.126667 3.333333
4 8.136667 3.333333
4 8.146667 3.333333
4 8.156667 3.333333
4 8.166667 3.333333
4 8.176667 3.333333
4 8.186667 3.333333
4 8.196667 3.333333
4 8.206667 3.333333
4 8.216667 3.333333
4 8.226667 3.333333
4 8.236667 3.333333
4 8.246667 3.333333
4 8.256667 3.333333
4 8.266667 3.333333
4 8.276667 3.333333
4 8.286667 3.333333
4 8.296667 3.333333
4 8.306667 3.333333
4 8.316667 3.333333
4 8.326667 3.333333
4 8.336667 3.333333
4 8.346667 3.333333
4 8.356667 3.333333
4 8.366667 3.333333
4 8.376667 3.333333
4 8.386667 3.333333
4 8.396667 3.333333
4 8.406667 3.333333
4 8.416667 3.333333
4 8.426667 3.333333
4 8.436667 3.333333
4 8.446667 3.333333
4 8.456667 3.333333
4 8.466667 3.333333
4 8.476667 3.333333
4 8.486667 3.333333
4 8.496667 3.333333
4 8.506667 3.333333
4 8.516667 3.333333
4 8.526667 3.333333
4 8.536667 3.333333
4 8.546667 3.333333
4 8.556667 3.333333
4 8.566667 3.333333
4 8.576667 3.333333
4 8.586667 3.333333
4 8.596667 3.333333
4 8.606667 3.333333
4 8.616667 3.333333
4 8.626667 3.333333
4 8.636667 3.333333
4 8.646667 3.333333
4 8.656667 3.333333
4 8.666667 3.333333
4 8.676667 3.333333
4 8.686667 3.333333
4 8.696667 3.333333
4 8.706667 3.333333
4 8.716667 3.333333
4 8.726667 3.333333
4 8.736667 3.333333
4 8.746667 3.333333
4 8.756667 3.333333
4 8.766667 3.333333
4 8.776667 3.333333
4 8.786667 3.333333
4 8.796667 3.333333
4 8.806667 3.333333
4 8.816667 3.333333
4 8.826667 3.333333
4 8.836667 3.333333
4 8.846667 3.333333
4 8.856667 3.333333
4 8.866667 3.333333
4 8.876667 3.333333
4 8.886667 3.333333
4 8.896667 3.333333
4 8.906667 3.333333
4 8.916667 3.333333
4 8.926667 3.333333
4 8.936667 3.333333
4 8.946667 3.333333
4 8.956667 3.333333
4 8.966667 3.333333
4 8.976667 3.333333
4 8.986667 3.333333
4 8.996667 3.333333
4 9.006667 3.333333
4 9.016667 3.333333
4 9.026667 3.333333
4 9.036667 3.333333
4 9.046667 3.333333
4 9.056667 3.333333
4 9.066667 3.333333
4 9.076667 3.333333
4 9.086667 3.333333
4 9.096667 3.333333
4 9.106667 3.333333
4 9.116667 3.333333
4 9.126667 3.333333
4 9.136667 3.333333
4 9.146667 3.333333
4 9.156667 3.333333
4 9.166667 3.333333
5 9.680000 3.333333
5 9.690000 3.333333
5 9.700000 3.333333
5 9.710000 3.333333
5 9.720000 3.333333
5 9.730000 3.333333
5 9.740000 3.333333
5 9.750000 3.333333
5 9.760000 3.333333
5 9.770000 3.333333
5 9.780000 3.333333
5 9.790000 3.333333
5 9.800000 3.333333
5 9.810000 3.333333
5 9.820000 3.333333
5 9.830000 3.333333
5 9.840000 3.333333
5 9.850000 3.333333
5 9.860000 3.333333
5 9.870000 3.333333
5 9.880000 3.333333
5 9.890000 3.333333
5 9.900000 3.333333
5 9.910000 3.333333
5 9.920000 3.333333
5 9.930000 3.333333
5 9.940000 3.333333
5 9.950000 3.333333
5 9.960000 3.333333
5 9.970000 3.333333
5 9.980000 3.333333
5 9.990000 3.333333
5 10.000000 3.333333
6 0.000000 6.666667
6 0.010000 6.666667
6 0.020000 6.666667
6 0.030000 6.666667
6 0.040000 6.666667
6 0.050000 6.666667
6 0.060000 6.666667
6 0.070000 6.666667
6 0.080000 6.666667
6 0.090000 6.666667
6 0.100000 6.666667
6 0.110000 6.666667
6 0.120000 6.666667
6 0.130000 6.666667
6 0.140000 6.666667
6 0.150000 6.666667
6 0.160000 6.666667
6 0.170000 6.666667
6 0.180000 6.666667
6 0.190000 6.666667
6 0.200000 6.666667
6 0.210000 6.666667
6 0.220000 6.666667
6 0.230000 6.666667
6 0.240000 6.666667
6 0.250000 6.666667
6 0.260000 6.666667
6 0.270000 6.666667
6 0.280000 6.666667
6 0.290000 6.666667
6 0.300000 6.666667
6 0.310000 6.666667
6 0.320000 6.666667
6 0.330000 6.666667
6 0.340000 6.666667
6 0.350000 6.666667
6 0.360000 6.666667
6 0.370000 6.666667
6 0.380000 6.666667
6 0.390000 6.666667
6 0.400000 6.666667
6 0.410000 6.666667
6 0.420000 6.666667
6 0.430000 6.666667
6 0.440000 6.666667
6 0.450000 6.666667
6 0.460000 6.666667
6 0.470000 6.666667
6 0.480000 6.666667
6 0.490000 6.666667
6 0.500000 6.666667
6 0.510000 6.666667
6 0.520000 6.666667
6 0.530000 6.666667
6 0.540000 6.666667
6 0.550000 6.666667
6 0.560000 6.666667
6 0.570000 6.666667
6 0.580000 6.666667
6 0.590000 6.666667
6 0.600000 6.666667
6 0.610000 6.666667
6 0.620000 6.666667
6 0.630000 6.666667
6 0.640000 6.666667
6 0.650000 6.666667
6 0.660000 6.666667
6 0.670000 6.666667
6 0.680000 6.666667
6 0.690000 6.666667
6 0.700000 6.666667
6 0.710000 6.666667
6 0.720000 6.666667
6 0.730000 6.666667
6 0.740000 6.666667
6 0.750000 6.666667
6 0.760000 6.666667
6 0.770000 6.666667
6 0.780000 6.666667
6 0.790000 6.666667
6 0.800000 6.666667
6 0.810000 6.666667
6 0.820000 6.666667
6 0.830000 6.666667
6 0.840000 6.666667
6 0.850000 6.666667
6 0.860000 6.666667
6 0.870000 6.666667
6 0.880000 6.666667
6 0.890000 6.666667
6 0.900000 6.666667
6 0.910000 6.666667
6 0.920000 6.666667
6 0.930000 6.666667
6 0.940000 6.666667
6 0.950000 6.666667
6 0.960000 6.666667
6 0.970000 6.666667
6 0.980000 6.666667
6 0.990000 6.666667
6 1.000000 6.666667
6 1.010000 6.666667
6 1.020000 6.666667
6 1.030000 6.666667
6 1.040000 6.666667
6 1.050000 6.666667
6 1.060000 6.666667
6 1.070000 6.666667
6 1.080000 6.666667
6 1.090000 6.666667
6 1.100000 6.666667
6 1.110000 6.666667
6 1.120000 6.666667
6 1.130000 6.666667
6 1.140000 6.666667
6 1.150000 6.666667
6 1.160000 6.666667
6 1.170000 6.666667
6 1.180000 6.666667
6 1.190000 6.666667
6 1.200000 6.666667
6 1.210000 6.666667
6 1.220000 6.666667
6 1.230000 6.666667
6 1.240000 6.666667
6 1.250000 6.666667
6 1.260000 6.666667
6 1.270000 6.666667
6 1.280000 6.666667
6 1.290000 6.666667
6 1.300000 6.666667
6 1.310000 6.666667
6 1.320000 6.666667
6 1.330000 6.666667
6 1.340000 6.666667
6 1.350000 6.666667
6 1.360000 6.666667
6 1.370000 6.666667
6 1.380000 6.666667
6 1.390000 6.666667
6 1.400000 6.666667
6 1.410000 6.666667
6 1.420000 6.666667
6 1.430000 6.666667
6 1.440000 6.666667
6 1.450000 6.666667
6 1.460000 6.666667
6 1.470000 6.666667
6 1.480000 6.666667
6 1.490000 6.666667
6 1.500000 6.666667
6 1.510000 6.666667
6 1.520000 6.666667
6 1.530000 6.666667
6 1.540000 6.666667
6 1.550000 6.666667
6 1.560000 6.666667
6 1.570000 6.666667
6 1.580000 6.666667
6 1.590000 6.666667
6 1.600000 6.666667
6 1.610000 6.666667
6 1.620000 6.666667
6 1.630000 6.666667
6 1.640000 6.666667
6 1.650000 6.666667
6 1.660000 6.666667
6 1.670000 6.666667
6 1.680000 6.666667
6 1.690000 6.666667
6 1.700000 6.666667
6 1.710000 6.666667
6 1.720000 6.666667
6 1.730000 6.666667
6 1.740000 6.666667
6 1.750000 6.666667
6 1.760000 6.666667
6 1.770000 6.666667
6 1.780000 6.666667
6 1.790000 6.666667
6 1.800000 6.666667
6 1.810000 6.666667
6 1.820000 6.666667
6 1.830000 6.666667
6 1.840000 6.666667
6 1.850000 6.666667
6 1.860000 6.666667
6 1.870000 6.666667
6 1.880000 6.666667
6 1.890000 6.666667
6 1.900000 6.666667
6 1.910000 6.666667
6 1.920000 6.666667
6 1.930000 6.666667
6 1.940000 6.666667
6 1.950000 6.666667
6 1.960000 6.666667
6 1.970000 6.666667
6 1.980000 6.666667
6 1.990000 6.666667
6 2.000000 6.666667
6 2.010000 6.666667
6 2.020000 6.666667
6 2.030000 6.666667
6 2.040000 6.666667
6 2.050000 6.666667
6 2.060000 6.666667
6 2.070000 6.666667
6 2.080000 6.666667
6 2.090000 6.666667
6 2.100000 6.666667
6 2.110000 6.666667
6 2.120000 6.666667
6 2.130000 6.666667
6 2.140000 6.666667
6 2.150000 6.666667
6 2.160000 6.666667
6 2.170000 6.666667
6 2.180000 6.666667
6 2.190000 6.666667
6 2.200000 6.666667
6 2.210000 6.666667
6 2.220000 6.666667
6 2.230000 6.666667
6 2.240000 6.666667
6 2.250000 6.666667
6 2.260000 6.666667
6 2.270000 6.666667
7 2.780000 6.666667
7 2.790000 6.666667
7 2.800000 6.666667
7 2.810000 6.666667
7 2.820000 6.666667
7 2.830000 6.666667
7 2.840000 6.666667
7 2.850000 6.666667
7 2.860000 6.666667
7 2.870000 6.666667
7 2.880000 6.666667
7 2.890000 6.666667
7 2.900000 6.666667
7 2.910000 6.666667
7 2.920000 6.666667
7 2.930000 6.666667
7 2.940000 6.666667
7 2.950000 6.666667
7 2.960000 6.666667
7 2.970000 6.666667
7 2.980000 6.666667
7 2.990000 6.666667
7 3.000000 6.666667
7 3.010000 6.666667
7 3.020000 6.666667
7 3.030000 6.666667
7 3.040000 6.666667
7 3.050000 6.666667
7 3.060000 6.666667
7 3.070000 6.666667
7 3.080000 6.666667
7 3.090000 6.666667
7 3.100000 6.666667
7 3.110000 6.666667
7 3.120000 6.666667
7 3.130000 6.666667
7 3.140000 6.666667
7 3.150000 6.666667
7 3.160000 6.666667
7 3.170000 6.666667
7 3.180000 6.666667
7 3.190000 6.666667
7 3.200000 6.666667
7 3.210000 6.666667
7 3.220000 6.666667
7 3.230000 6.666667
7 3.240000 6.666667
7 3.250000 6.666667
7 3.260000 6.666667
7 3.270000 6.666667
7 3.280000 6.666667
7 3.290000 6.666667
7 3.300000 6.666667
7 3.310000 6.666667
7 3.320000 6.666667
7 3.330000 6.666667
8 3.333333 6.666667
8 3.343333 6.666667
8 3.353333 6.666667
8 3.363333 6.666667
8 3.373333 6.666667
8 3.383333 6.666667
8 3.393333 6.666667
8 3.403333 6.666667
8 3.413333 6.666667
8 3.423333 6.666667
8 3.433333 6.666667
8 3.443333 6.666667
8 3.453333 6.666667
8 3.463333 6.666667
8 3.473333 6.666667
8 3.483333 6.666667
8 3.493333 6.666667
8 3.503333 6.666667
8 3.513333 6.666667
8 3.523333 6.666667
8 3.533333 6.666667
8 3.543333 6.666667
8 3.553333 6.666667
8 3.563333 6.666667
8 3.573333 6.666667
8 3.583333 6.666667
8 3.593333 6.666667
8 3.603333 6.666667
8 3.613333 6.666667
8 3.623333 6.666667
8 3.633333 6.666667
8 3.643333 6.666667
8 3.653333 6.666667
8 3.663333 6.666667
8 3.673333 6.666667
8 3.683333 6.666667
8 3.693333 6.666667
8 3.703333 6.666667
8 3.713333 6.666667
8 3.723333 6.666667
8 3.733333 6.666667
8 3.743333 6.666667
8 3.753333 6.666667
8 3.763333 6.666667
8 3.773333 6.666667
8 3.783333 6.666667
8 3.793333 6.666667
8 3.803333 6.666667
8 3.813333 6.666667
8 3.823333 6.666667
8 3.833333 6.666667
8 3.843333 6.666667
8 3.853333 6.666667
8 3.863333 6.666667
8 3.873333 6.666667
8 3.883333 6.666667
8 3.893333 6.666667
8 3.903333 6.666667
8 3.913333 6.666667
8 3.923333 6.666667
8 3.933333 6.666667
8 3.943333 6.666667
8 3.953333 6.666667
8 3.963333 6.666667
8 3.973333 6.666667
8 3.983333 6.666667
8 3.993333 6.666667
8 4.003333 6.666667
8 4.013333 6.666667
8 4.023333 6.666667
8 4.033333 6.666667
8 4.043333 6.666667
8 4.053333 6.666667
8 4.063333 6.666667
8 4.073333 6.666667
8 4.083333 6.666667
8 4.093333 6.666667
8 4.103333 6.666667
8 4.113333 6.666667
8 4.123333 6.666667
8 4.133333 6.666667
8 4.143333 6.666667
8 4.153333 6.666667
8 4.163333 6.666667
8 4.173333 6.666667
8 4.183333 6.666667
8 4.193333 6.666667
8 4.203333 6.666667
8 4.213333 6.666667
8 4.223333 6.666667
8 4.233333 6.666667
8 4.243333 6.666667
8 4.253333 6.666667
8 4.263333 6.666667
8 4.273333 6.666667
8 4.283333 6.666667
8 4.293333 6.666667
8 4.303333 6.666667
8 4.313333 6.666667
8 4.323333 6.666667
8 4.333333 6.666667
8 4.343333 6.666667
8 4.353333 6.666667
8 4.363333 6.666667
8 4.373333 6.666667
8 4.383333 6.666667
8 4.393333 6.666667
8 4.403333 6.666667
8 4.413333 6.666667
8 4.423333 6.666667
8 4.433333 6.666667
8 4.443333 6.666667
8 4.453333 6.666667
8 4.463333 6.666667
8 4.473333 6.666667
8 4.483333 6.666667
8 4.493333 6.666667
8 4.503333 6.666667
8 4.513333 6.666667
8 4.523333 6.666667
8 4.533333 6.666667
8 4.543333 6.666667
8 4.553333 6.666667
8 4.563333 6.666667
8 4.573333 6.666667
8 4.583333 6.666667
8 4.593333 6.666667
8 4.603333 6.666667
8 4.613333 6.666667
8 4.623333 6.666667
8 4.633333 6.666667
8 4.643333 6.666667
8 4.653333 6.666667
8 4.663333 6.666667
8 4.673333 6.666667
8 4.683333 6.666667
8 4.693333 6.666667
8 4.703333 6.666667
8 4.713333 6.666667
8 4.723333 6.666667
8 4.733333 6.666667
8 4.743333 6.666667
8 4.753333 6.666667
8 4.763333 6.666667
8 4.773333 6.666667
8 4.783333 6.666667
8 4.793333 6.666667
8 4.803333 6.666667
8 4.813333 6.666667
8 4.823333 6.666667
8 4.833333 6.666667
8 4.843333 6.666667
8 4.853333 6.666667
8 4.863333 6.666667
8 4.873333 6.666667
8 4.883333 6.666667
8 4.893333 6.666667
8 4.903333 6.666667
8 4.913333 6.666667
8 4.923333 6.666667
8 4.933333 6.666667
8 4.943333 6.666667
8 4.953333 6.666667
8 4.963333 6.666667
8 4.973333 6.666667
8 4.983333 6.666667
8 4.993333 6.666667
8 5.003333 6.666667
8 5.013333 6.666667
8 5.023333 6.666667
8 5.033333 6.666667
8 5.043333 6.666667
8 5.053333 6.666667
8 5.063333 6.666667
8 5.073333 6.666667
8 5.083333 6.666667
8 5.093333 6.666667
8 5.103333 6.666667
8 5.113333 6.666667
8 5.123333 6.666667
8 5.133333 6.666667
8 5.143333 6.666667
8 5.153333 6.666667
8 5.163333 6.666667
8 5.173333 6.666667
8 5.183333 6.666667
8 5.193333 6.666667
8 5.203333 6.666667
8 5.213333 6.666667
8 5.223333 6.666667
8 5.233333 6.666667
8 5.243333 6.666667
8 5.253333 6.666667
8 5.263333 6.666667
8 5.273333 6.666667
9 5.790000 6.666667
9 5.800000 6.666667
9 5.810000 6.666667
9 5.820000 6.666667
9 5.830000 6.666667
9 5.840000 6.666667
9 5.850000 6.666667
9 5.860000 6.666667
9 5.870000 6.666667
9 5.880000 6.666667
9 5.890000 6.666667
9 5.900000 6.666667
9 5.910000 6.666667
9 5.920000 6.666667
9 5.930000 6.666667
9 5.940000 6.666667
9 5.950000 6.666667
9 5.960000 6.666667
9 5.970000 6.666667
9 5.980000 6.666667
9 5.990000 6.666667
9 6.000000 6.666667
9 6.010000 6.666667
9 6.020000 6.666667
9 6.030000 6.666667
9 6.040000 6.666667
9 6.050000 6.666667
9 6.060000 6.666667
9 6.070000 6.666667
9 6.080000 6.666667
9 6.090000 6.666667
9 6.100000 6.666667
9 6.110000 6.666667
9 6.120000 6.666667
9 6.130000 6.666667
9 6.140000 6.666667
9 6.150000 6.666667
9 6.160000 6.666667
9 6.170000 6.666667
9 6.180000 6.666667
9 6.190000 6.666667
9 6.200000 6.666667
9 6.210000 6.666667
9 6.220000 6.666667
9 6.230000 6.666667
9 6.240000 6.666667
9 6.250000 6.666667
9 6.260000 6.666667
9 6.270000 6.666667
9 6.280000 6.666667
9 6.290000 6.666667
9 6.300000 6.666667
9 6.310000 6.666667
9 6.320000 6.666667
9 6.330000 6.666667
9 6.340000 6.666667
9 6.350000 6.666667
9 6.360000 6.666667
9 6.370000 6.666667
9 6.380000 6.666667
9 6.390000 6.666667
9 6.400000 6.666667
9 6.410000 6.666667
9 6.420000 6.666667
9 6.430000 6.666667
9 6.440000 6.666667
9 6.450000 6.666667
9 6.460000 6.666667
9 6.470000 6.666667
9 6.480000 6.666667
9 6.490000 6.666667
9 6.500000 6.666667
9 6.510000 6.666667
9 6.520000 6.666667
9 6.530000 6.666667
9 6.540000 6.666667
9 6.550000 6.666667
9 6.560000 6.666667
9 6.570000 6.666667
9 6.580000 6.666667
9 6.590000 6.666667
9 6.600000 6.666667
9 6.610000 6.666667
9 6.620000 6.666667
9 6.630000 6.666667
9 6.640000 6.666667
9 6.650000 6.666667
9 6.660000 6.666667
10 6.666667 6.666667
10 6.676667 6.666667
10 6.686667 6.666667
10 6.696667 6.666667
10 6.706667 6.666667
10 6.716667 6.666667
10 6.726667 6.666667
10 6.736667 6.666667
10 6.746667 6.666667
10 6.756667 6.666667
10 6.766667 6.666667
10 6.776667 6.666667
10 6.786667 6.666667
10 6.796667 6.666667
10 6.806667 6.666667
10 6.816667 6.666667
10 6.826667 6.666667
10 6.836667 6.666667
10 6.846667 6.666667
10 6.856667 6.666667
10 6.866667 6.666667
10 6.876667 6.666667
10 6.886667 6.666667
10 6.896667 6.666667
10 6.906667 6.666667
10 6.916667 6.666667
10 6.926667 6.666667
10 6.936667 6.666667
10 6.946667 6.666667
10 6.956667 6.666667
10 6.966667 6.666667
10 6.976667 6.666667
10 6.986667 6.666667
10 6.996667 6.666667
10 7.006667 6.666667
10 7.016667 6.666667
10 7.026667 6.666667
10 7.036667 6.666667
10 7.046667 6.666667
10 7.056667 6.666667
10 7.066667 6.666667
10 7.076667 6.666667
10 7.086667 6.666667
10 7.096667 6.666667
10 7.106667 6.666667
10 7.116667 6.666667
10 7.126667 6.666667
10 7.136667 6.666667
10 7.146667 6.666667
10 7.156667 6.666667
10 7.166667 6.666667
10 7.176667 6.666667
10 7.186667 6.666667
10 7.196667 6.666667
10 7.206667 6.666667
10 7.216667 6.666667
10 7.226667 6.666667
10 7.236667 6.666667
10 7.246667 6.666667
10 7.256667 6.666667
10 7.266667 6.666667
10 7.276667 6.666667
10 7.286667 6.666667
10 7.296667 6.666667
10 7.306667 6.666667
10 7.316667 6.666667
10 7.326667 6.666667
10 7.336667 6.666667
10 7.346667 6.666667
10 7.356667 6.666667
10 7.366667 6.666667
10 7.376667 6.666667
10 7.386667 6.666667
10 7.396667 6.666667
10 7.406667 6.666667
10 7.416667 6.666667
10 7.426667 6.666667
10 7.436667 6.666667
10 7.446667 6.666667
10 7.456667 6.666667
10 7.466667 6.666667
10 7.476667 6.666667
10 7.486667 6.666667
10 7.496667 6.666667
10 7.506667 6.666667
10 7.516667 6.666667
10 7.526667 6.666667
10 7.536667 6.666667
10 7.546667 6.666667
10 7.556667 6.666667
10 7.566667 6.666667
10 7.576667 6.666667
10 7.586667 6.666667
10 7.596667 6.666667
10 7.606667 6.666667
10 7.616667 6.666667
10 7.626667 6.666667
10 7.636667 6.666667
10 7.646667 6.666667
10 7.656667 6.666667
10 7.666667 6.666667
10 7.676667 6.666667
10 7.686667 6.666667
10 7.696667 6.666667
10 7.706667 6.666667
10 7.716667 6.666667
10 7.726667 6.666667
10 7.736667 6.666667
10 7.746667 6.666667
10 7.756667 6.666667
10 7.766667 6.666667
10 7.776667 6.666667
10 7.786667 6.666667
10 7.796667 6.666667
10 7.806667 6.666667
10 7.816667 6.666667
10 7.826667 6.666667
10 7.836667 6.666667
10 7.846667 6.666667
10 7.856667 6.666667
10 7.866667 6.666667
10 7.876667 6.666667
10 7.886667 6.666667
10 7.896667 6.666667
10 7.906667 6.666667
10 7.916667 6.666667
10 7.926667 6.666667
10 7.936667 6.666667
10 7.946667 6.666667
10 7.956667 6.666667
10 7.966667 6.666667
10 7.976667 6.666667
10 7.986667 6.666667
10 7.996667 6.666667
10 8.006667 6.666667
10 8.016667 6.666667
10 8.026667 6.666667
10 8.036667 6.666667
10 8.046667 6.666667
10 8.056667 6.666667
10 8.066667 6.666667
10 8.076667 6.666667
10 8.086667 6.666667
10 8.096667 6.666667
10 8.106667 6.666667
10 8.116667 6.666667
10 8.126667 6.666667
10 8.136667 6.666667
10 8.146667 6.666667
10 8.156667 6.666667
10 8.166667 6.666667
10 8.176667 6.666667
10 8.186667 6.666667
10 8.196667 6.666667
10 8.206667 6.666667
10 8.216667 6.666667
10 8.226667 6.666667
10 8.236667 6.666667
10 8.246667 6.666667
10 8.256667 6.666667
10 8.266667 6.666667
10 8.276667 6.666667
10 8.286667 6.666667
10 8.296667 6.666667
10 8.306667 6.666667
10 8.316667 6.666667
10 8.326667 6.666667
10 8.336667 6.666667
10 8.346667 6.666667
10 8.356667 6.666667
10 8.366667 6.666667
10 8.376667 6.666667
10 8.386667 6.666667
10 8.396667 6.666667
10 8.406667 6.666667
10 8.416667 6.666667
10 8.426667 6.666667
10 8.436667 6.666667
10 8.446667 6.666667
10 8.456667 6.666667
10 8.466667 6.666667
10 8.476667 6.666667
10 8.486667 6.666667
10 8.496667 6.666667
10 8.506667 6.666667
10 8.516667 6.666667
10 8.526667 6.666667
10 8.536667 6.666667
10 8.546667 6.666667
10 8.556667 6.666667
10 8.566667 6.666667
10 8.576667 6.666667
10 8.586667 6.666667
10 8.596667 6.666667
10 8.606667 6.666667
10 8.616667 6.666667
10 8.626667 6.666667
10 8.636667 6.666667
10 8.646667 6.666667
10 8.656667 6.666667
10 8.666667 6.666667
10 8.676667 6.666667
10 8.686667 6.666667
10 8.696667 6.666667
10 8.706667 6.666667
10 8.716667 6.666667
10 8.726667 6.666667
10 8.736667 6.666667
10 8.746667 6.666667
10 8.756667 6.666667
10 8.766667 6.666667
10 8.776667 6.666667
10 8.786667 6.666667
10 8.796667 6.666667
10 8.806667 6.666667
10 8.816667 6.666667
10 8.826667 6.666667
10 8.836667 6.666667
10 8.846667 6.666667
10 8.856667 6.666667
10 8.866667 6.666667
10 8.876667 6.666667
10 8.886667 6.666667
10 8.896667 6.666667
10 8.906667 6.666667
10 8.916667 6.666667
10 8.926667 6.666667
10 8.936667 6.666667
10 8.946667 6.666667
10 8.956667 6.666667
10 8.966667 6.666667
10 8.976667 6.666667
10 8.986667 6.666667
10 8.996667 6.666667
10 9.006667 6.666667
10 9.016667 6.666667
10 9.026667 6.666667
10 9.036667 6.666667
10 9.046667 6.666667
10 9.056667 6.666667
10 9.066667 6.666667
10 9.076667 6.666667
10 9.086667 6.666667
10 9.096667 6.666667
10 9.106667 6.666667
10 9.116667 6.666667
10 9.126667 6.666667
10 9.136667 6.666667
10 9.146667 6.666667
11 9.660000 6.666667
11 9.670000 6.666667
11 9.680000 6.666667
11 9.690000 6.666667
11 9.700000 6.666667
11 9.710000 6.666667
11 9.720000 6.666667
11 9.730000 6.666667
11 9.740000 6.666667
11 9.750000 6.666667
11 9.760000 6.666667
11 9.770000 6.666667
11 9.780000 6.666667
11 9.790000 6.666667
11 9.800000 6.666667
11 9.810000 6.666667
11 9.820000 6.666667
11 9.830000 6.666667
11 9.840000 6.666667
11 9.850000 6.666667
11 9.860000 6.666667
11 9.870000 6.666667
11 9.880000 6.666667
11 9.890000 6.666667
11 9.900000 6.666667
11 9.910000 6.666667
11 9.920000 6.666667
11 9.930000 6.666667
11 9.940000 6.666667
11 9.950000 6.666667
11 9.960000 6.666667
11 9.970000 6.666667
11 9.980000 6.666667
11 9.990000 6.666667
11 10.000000 6.666667
12 3.333333 0.000000
12 3.333333 0.010000
12 3.333333 0.020000
12 3.333333 0.030000
12 3.333333 0.040000
12 3.333333 0.050000
12 3.333333 0.060000
12 3.333333 0.070000
12 3.333333 0.080000
12 3.333333 0.090000
12 3.333333 0.100000
12 3.333333 0.110000
12 3.333333 0.120000
12 3.333333 0.130000
12 3.333333 0.140000
12 3.333333 0.150000
12 3.333333 0.160000
12 3.333333 0.170000
12 3.333333 0.180000
12 3.333333 0.190000
12 3.333333 0.200000
12 3.333333 0.210000
12 3.333333 0.220000
12 3.333333 0.230000
12 3.333333 0.240000
12 3.333333 0.250000
12 3.333333 0.260000
12 3.333333 0.270000
12 3.333333 0.280000
12 3.333333 0.290000
12 3.333333 0.300000
12 3.333333 0.310000
12 3.333333 0.320000
12 3.333333 0.330000
12 3.333333 0.340000
12 3.333333 0.350000
12 3.333333 0.360000
12 3.333333 0.370000
12 3.333333 0.380000
12 3.333333 0.390000
12 3.333333 0.400000
12 3.333333 0.410000
12 3.333333 0.420000
12 3.333333 0.430000
12 3.333333 0.440000
12 3.333333 0.450000
12 3.333333 0.460000
12 3.333333 0.470000
12 3.333333 0.480000
12 3.333333 0.490000
12 3.333333 0.500000
12 3.333333 0.510000
12 3.333333 0.520000
12 3.333333 0.530000
12 3.333333 0.540000
12 3.333333 0.550000
12 3.333333 0.560000
12 3.333333 0.570000
12 3.333333 0.580000
12 3.333333 0.590000
12 3.333333 0.600000
12 3.333333 0.610000
12 3.333333 0.620000
12 3.333333 0.630000
12 3.333333 0.640000
12 3.333333 0.650000
12 3.333333 0.660000
12 3.333333 0.670000
12 3.333333 0.680000
12 3.333333 0.690000
12 3.333333 0.700000
12 3.333333 0.710000
12 3.333333 0.720000
12 3.333333 0.730000
12 3.333333 0.740000
12 3.333333 0.750000
12 3.333333 0.760000
12 3.333333 0.770000
12 3.333333 0.780000
12 3.333333 0.790000
12 3.333333 0.800000
12 3.333333 0.810000
12 3.333333 0.820000
12 3.333333 0.830000
12 3.333333 0.840000
12 3.333333 0.850000
12 3.333333 0.860000
12 3.333333 0.870000
12 3.333333 0.880000
12 3.333333 0.890000
12 3.333333 0.900000
12 3.333333 0.910000
12 3.333333 0.920000
12 3.333333 0.930000
12 3.333333 0.940000
12 3.333333 0.950000
12 3.333333 0.960000
12 3.333333 0.970000
12 3.333333 0.980000
12 3.333333 0.990000
12 3.333333 1.000000
12 3.333333 1.010000
12 3.333333 1.020000
12 3.333333 1.030000
12 3.333333 1.040000
12 3.333333 1.050000
12 3.333333 1.060000
12 3.333333 1.070000
12 3.333333 1.080000
12 3.333333 1.090000
12 3.333333 1.100000
12 3.333333 1.110000
12 3.333333 1.120000
12 3.333333 1.130000
12 3.333333 1.140000
12 3.333333 1.150000
12 3.333333 1.160000
12 3.333333 1.170000
12 3.333333 1.180000
12 3.333333 1.190000
12 3.333333 1.200000
12 3.333333 1.210000
12 3.333333 1.220000
12 3.333333 1.230000
12 3.333333 1.240000
12 3.333333 1.250000
12 3.333333 1.260000
12 3.333333 1.270000
12 3.333333 1.280000
12 3.333333 1.290000
12 3.333333 1.300000
12 3.333333 1.310000
12 3.333333 1.320000
12 3.333333 1.330000
12 3.333333 1.340000
12 3.333333 1.350000
12 3.333333 1.360000
12 3.333333 1.370000
12 3.333333 1.380000
12 3.333333 1.390000
12 3.333333 1.400000
12 3.333333 1.410000
12 3.333333 1.420000
12 3.333333 1.430000
12 3.333333 1.440000
12 3.333333 1.450000
12 3.333333 1.460000
12 3.333333 1.470000
12 3.333333 1.480000
12 3.333333 1.490000
12 3.333333 1.500000
12 3.333333 1.510000
12 3.333333 1.520000
12 3.333333 1.530000
12 3.333333 1.540000
12 3.333333 1.550000
12 3.333333 1.560000
12 3.333333 1.570000
12 3.333333 1.580000
12 3.333333 1.590000
12 3.333333 1.600000
12 3.333333 1.610000
12 3.333333 1.620000
12 3.333333 1.630000
12 3.333333 1.640000
12 3.333333 1.650000
12 3.333333 1.660000
12 3.333333 1.670000
12 3.333333 1.680000
12 3.333333 1.690000
12 3.333333 1.700000
12 3.333333 1.710000
12 3.333333 1.720000
12 3.333333 1.730000
12 3.333333 1.740000
12 3.333333 1.750000
12 3.333333 1.760000
12 3.333333 1.770000
12 3.333333 1.780000
12 3.333333 1.790000
12 3.333333 1.800000
12 3.333333 1.810000
12 3.333333 1.820000
12 3.333333 1.830000
12 3.333333 1.840000
12 3.333333 1.850000
12 3.333333 1.860000
12 3.333333 1.870000
12 3.333333 1.880000
12 3.333333 1.890000
12 3.333333 1.900000
12 3.333333 1.910000
12 3.333333 1.920000
12 3.333333 1.930000
12 3.333333 1.940000
12 3.333333 1.950000
12 3.333333 1.960000
12 3.333333 1.970000
12 3.333333 1.980000
12 3.333333 1.990000
12 3.333333 2.000000
12 3.333333 2.010000
12 3.333333 2.020000
12 3.333333 2.030000
12 3.333333 2.040000
13 3.333333 2.550000
13 3.333333 2.560000
13 3.333333 2.570000
13 3.333333 2.580000
13 3.333333 2.590000
13 3.333333 2.600000
13 3.333333 2.610000
13 3.333333 2.620000
13 3.333333 2.630000
13 3.333333 2.640000
13 3.333333 2.650000
13 3.333333 2.660000
13 3.333333 2.670000
13 3.333333 2.680000
13 3.333333 2.690000
13 3.333333 2.700000
13 3.333333 2.710000
13 3.333333 2.720000
13 3.333333 2.730000
13 3.333333 2.740000
13 3.333333 2.750000
13 3.333333 2.760000
13 3.333333 2.770000
13 3.333333 2.780000
13 3.333333 2.790000
13 3.333333 2.800000
13 3.333333 2.810000
13 3.333333 2.820000
13 3.333333 2.830000
13 3.333333 2.840000
13 3.333333 2.850000
13 3.333333 2.860000
13 3.333333 2.870000
13 3.333333 2.880000
13 3.333333 2.890000
13 3.333333 2.900000
13 3.333333 2.910000
13 3.333333 2.920000
13 3.333333 2.930000
13 3.333333 2.940000
13 3.333333 2.950000
13 3.333333 2.960000
13 3.333333 2.970000
13 3.333333 2.980000
13 3.333333 2.990000
13 3.333333 3.000000
13 3.333333 3.010000
13 3.333333 3.020000
13 3.333333 3.030000
13 3.333333 3.040000
13 3.333333 3.050000
13 3.333333 3.060000
13 3.333333 3.070000
13 3.333333 3.080000
13 3.333333 3.090000
13 3.333333 3.100000
13 3.333333 3.110000
13 3.333333 3.120000
13 3.333333 3.130000
13 3.333333 3.140000
13 3.333333 3.150000
13 3.333333 3.160000
13 3.333333 3.170000
13 3.333333 3.180000
13 3.333333 3.190000
13 3.333333 3.200000
13 3.333333 3.210000
13 3.333333 3.220000
13 3.333333 3.230000
13 3.333333 3.240000
13 3.333333 3.250000
13 3.333333 3.260000
13 3.333333 3.270000
13 3.333333 3.280000
13 3.333333 3.290000
13 3.333333 3.300000
13 3.333333 3.310000
13 3.333333 3.320000
13 3.333333 3.330000
14 3.333333 3.333333
14 3.333333 3.343333
14 3.333333 3.353333
14 3.333333 3.363333
14 3.333333 3.373333
14 3.333333 3.383333
14 3.333333 3.393333
14 3.333333 3.403333
14 3.333333 3.413333
14 3.333333 3.423333
14 3.333333 3.433333
14 3.333333 3.443333
14 3.333333 3.453333
14 3.333333 3.463333
14 3.333333 3.473333
14 3.333333 3.483333
14 3.333333 3.493333
14 3.333333 3.503333
14 3.333333 3.513333
14 3.333333 3.523333
14 3.333333 3.533333
14 3.333333 3.543333
14 3.333333 3.553333
14 3.333333 3.563333
14 3.333333 3.573333
14 3.333333 3.583333
14 3.333333 3.593333
14 3.333333 3.603333
14 3.333333 3.613333
14 3.333333 3.623333
14 3.333333 3.633333
14 3.333333 3.643333
14 3.333333 3.653333
14 3.333333 3.663333
14 3.333333 3.673333
14 3.333333 3.683333
14 3.333333 3.693333
14 3.333333 3.703333
14 3.333333 3.713333
14 3.333333 3.723333
14 3.333333 3.733333
14 3.333333 3.743333
14 3.333333 3.753333
14 3.333333 3.763333
14 3.333333 3.773333
14 3.333333 3.783333
14 3.333333 3.793333
14 3.333333 3.803333
14 3.333333 3.813333
14 3.333333 3.823333
14 3.333333 3.833333
14 3.333333 3.843333
14 3.333333 3.853333
14 3.333333 3.863333
14 3.333333 3.873333
14 3.333333 3.883333
14 3.333333 3.893333
14 3.333333 3.903333
14 3.333333 3.913333
14 3.333333 3.923333
14 3.333333 3.933333
14 3.333333 3.943333
14 3.333333 3.953333
14 3.333333 3.963333
14 3.333333 3.973333
14 3.333333 3.983333
14 3.333333 3.993333
14 3.333333 4.003333
14 3.333333 4.013333
14 3.333333 4.023333
14 3.333333 4.033333
14 3.333333 4.043333
14 3.333333 4.053333
14 3.333333 4.063333
14 3.333333 4.073333
14 3.333333 4.083333
14 3.333333 4.093333
14 3.333333 4.103333
14 3.333333 4.113333
14 3.333333 4.123333
14 3.333333 4.133333
14 3.333333 4.143333
14 3.333333 4.153333
14 3.333333 4.163333
14 3.333333 4.173333
14 3.333333 4.183333
14 3.333333 4.193333
14 3.333333 4.203333
14 3.333333 4.213333
14 3.333333 4.223333
14 3.333333 4.233333
14 3.333333 4.243333
14 3.333333 4.253333
14 3.333333 4.263333
14 3.333333 4.273333
14 3.333333 4.283333
14 3.333333 4.293333
14 3.333333 4.303333
14 3.333333 4.313333
14 3.333333 4.323333
14 3.333333 4.333333
14 3.333333 4.343333
14 3.333333 4.353333
14 3.333333 4.363333
14 3.333333 4.373333
14 3.333333 4.383333
14 3.333333 4.393333
14 3.333333 4.403333
14 3.333333 4.413333
14 3.333333 4.423333
14 3.333333 4.433333
14 3.333333 4.443333
14 3.333333 4.453333
14 3.333333 4.463333
14 3.333333 4.473333
14 3.333333 4.483333
14 3.333333 4.493333
14 3.333333 4.503333
14 3.333333 4.513333
14 3.333333 4.523333
14 3.333333 4.533333
14 3.333333 4.543333
14 3.333333 4.553333
14 3.333333 4.563333
14 3.333333 4.573333
14 3.333333 4.583333
14 3.333333 4.593333
14 3.333333 4.603333
14 3.333333 4.613333
14 3.333333 4.623333
14 3.333333 4.633333
14 3.333333 4.643333
14 3.333333 4.653333
14 3.333333 4.663333
14 3.333333 4.673333
14 3.333333 4.683333
14 3.333333 4.693333
14 3.333333 4.703333
14 3.333333 4.713333
14 3.333333 4.723333
14 3.333333 4.733333
14 3.333333 4.743333
14 3.333333 4.753333
14 3.333333 4.763333
14 3.333333 4.773333
14 3.333333 4.783333
14 3.333333 4.793333
14 3.333333 4.803333
14 3.333333 4.813333
14 3.333333 4.823333
14 3.333333 4.833333
14 3.333333 4.843333
14 3.333333 4.853333
14 3.333333 4.863333
14 3.333333 4.873333
14 3.333333 4.883333
14 3.333333 4.893333
14 3.333333 4.903333
15 3.333333 5.420000
15 3.333333 5.430000
15 3.333333 5.440000
15 3.333333 5.450000
15 3.333333 5.460000
15 3.333333 5.470000
15 3.333333 5.480000
15 3.333333 5.490000
15 3.333333 5.500000
15 3.333333 5.510000
15 3.333333 5.520000
15 3.333333 5.530000
15 3.333333 5.540000
15 3.333333 5.550000
15 3.333333 5.560000
15 3.333333 5.570000
15 3.333333 5.580000
15 3.333333 5.590000
15 3.333333 5.600000
15 3.333333 5.610000
15 3.333333 5.620000
15 3.333333 5.630000
15 3.333333 5.640000
15 3.333333 5.650000
15 3.333333 5.660000
15 3.333333 5.670000
15 3.333333 5.680000
15 3.333333 5.690000
15 3.333333 5.700000
15 3.333333 5.710000
15 3.333333 5.720000
15 3.333333 5.730000
15 3.333333 5.740000
15 3.333333 5.750000
15 3.333333 5.760000
15 3.333333 5.770000
15 3.333333 5.780000
15 3.333333 5.790000
15 3.333333 5.800000
15 3.333333 5.810000
15 3.333333 5.820000
15 3.333333 5.830000
15 3.333333 5.840000
15 3.333333 5.850000
15 3.333333 5.860000
15 3.333333 5.870000
15 3.333333 5.880000
15 3.333333 5.890000
15 3.333333 5.900000
15 3.333333 5.910000
15 3.333333 5.920000
15 3.333333 5.930000
15 3.333333 5.940000
15 3.333333 5.950000
15 3.333333 5.960000
15 3.333333 5.970000
15 3.333333 5.980000
15 3.333333 5.990000
15 3.333333 6.000000
15 3.333333 6.010000
15 3.333333 6.020000
15 3.333333 6.030000
15 3.333333 6.040000
15 3.333333 6.050000
15 3.333333 6.060000
15 3.333333 6.070000
15 3.333333 6.080000
15 3.333333 6.090000
15 3.333333 6.100000
15 3.333333 6.110000
15 3.333333 6.120000
15 3.333333 6.130000
15 3.333333 6.140000
15 3.333333 6.150000
15 3.333333 6.160000
15 3.333333 6.170000
15 3.333333 6.180000
15 3.333333 6.190000
15 3.333333 6.200000
15 3.333333 6.210000
15 3.333333 6.220000
15 3.333333 6.230000
15 3.333333 6.240000
15 3.333333 6.250000
15 3.333333 6.260000
15 3.333333 6.270000
15 3.333333 6.280000
15 3.333333 6.290000
15 3.333333 6.300000
15 3.333333 6.310000
15 3.333333 6.320000
15 3.333333 6.330000
15 3.333333 6.340000
15 3.333333 6.350000
15 3.333333 6.360000
15 3.333333 6.370000
15 3.333333 6.380000
15 3.333333 6.390000
15 3.333333 6.400000
15 3.333333 6.410000
15 3.333333 6.420000
15 3.333333 6.430000
15 3.333333 6.440000
15 3.333333 6.450000
15 3.333333 6.460000
15 3.333333 6.470000
15 3.333333 6.480000
15 3.333333 6.490000
15 3.333333 6.500000
15 3.333333 6.510000
15 3.333333 6.520000
15 3.333333 6.530000
15 3.333333 6.540000
15 3.333333 6.550000
15 3.333333 6.560000
15 3.333333 6.570000
15 3.333333 6.580000
15 3.333333 6.590000
15 3.333333 6.600000
15 3.333333 6.610000
15 3.333333 6.620000
15 3.333333 6.630000
15 3.333333 6.640000
15 3.333333 6.650000
15 3.333333 6.660000
16 3.333333 6.666667
16 3.333333 6.676667
16 3.333333 6.686667
16 3.333333 6.696667
16 3.333333 6.706667
16 3.333333 6.716667
16 3.333333 6.726667
16 3.333333 6.736667
16 3.333333 6.746667
16 3.333333 6.756667
16 3.333333 6.766667
16 3.333333 6.776667
16 3.333333 6.786667
16 3.333333 6.796667
16 3.333333 6.806667
16 3.333333 6.816667
16 3.333333 6.826667
16 3.333333 6.836667
16 3.333333 6.846667
16 3.333333 6.856667
16 3.333333 6.866667
17 3.333333 7.380000
17 3.333333 7.390000
17 3.333333 7.400000
17 3.333333 7.410000
17 3.333333 7.420000
17 3.333333 7.430000
17 3.333333 7.440000
17 3.333333 7.450000
17 3.333333 7.460000
17 3.333333 7.470000
17 3.333333 7.480000
17 3.333333 7.490000
17 3.333333 7.500000
17 3.333333 7.510000
17 3.333333 7.520000
17 3.333333 7.530000
17 3.333333 7.540000
17 3.333333 7.550000
17 3.333333 7.560000
17 3.333333 7.570000
17 3.333333 7.580000
17 3.333333 7.590000
17 3.333333 7.600000
17 3.333333 7.610000
17 3.333333 7.620000
17 3.333333 7.630000
17 3.333333 7.640000
17 3.333333 7.650000
17 3.333333 7.660000
17 3.333333 7.670000
17 3.333333 7.680000
17 3.333333 7.690000
17 3.333333 7.700000
17 3.333333 7.710000
17 3.333333 7.720000
17 3.333333 7.730000
17 3.333333 7.740000
17 3.333333 7.750000
17 3.333333 7.760000
17 3.333333 7.770000
17 3.333333 7.780000
17 3.333333 7.790000
17 3.333333 7.800000
17 3.333333 7.810000
17 3.333333 7.820000
17 3.333333 7.830000
17 3.333333 7.840000
17 3.333333 7.850000
17 3.333333 7.860000
17 3.333333 7.870000
17 3.333333 7.880000
17 3.333333 7.890000
17 3.333333 7.900000
17 3.333333 7.910000
17 3.333333 7.920000
17 3.333333 7.930000
17 3.333333 7.940000
17 3.333333 7.950000
17 3.333333 7.960000
17 3.333333 7.970000
17 3.333333 7.980000
17 3.333333 7.990000
17 3.333333 8.000000
17 3.333333 8.010000
17 3.333333 8.020000
17 3.333333 8.030000
17 3.333333 8.040000
17 3.333333 8.050000
17 3.333333 8.060000
17 3.333333 8.070000
17 3.333333 8.080000
17 3.333333 8.090000
17 3.333333 8.100000
17 3.333333 8.110000
17 3.333333 8.120000
17 3.333333 8.130000
17 3.333333 8.140000
17 3.333333 8.150000
17 3.333333 8.160000
17 3.333333 8.170000
17 3.333333 8.180000
17 3.333333 8.190000
17 3.333333 8.200000
17 3.333333 8.210000
17 3.333333 8.220000
17 3.333333 8.230000
17 3.333333 8.240000
17 3.333333 8.250000
17 3.333333 8.260000
17 3.333333 8.270000
17 3.333333 8.280000
17 3.333333 8.290000
17 3.333333 8.300000
17 3.333333 8.310000
17 3.333333 8.320000
17 3.333333 8.330000
17 3.333333 8.340000
17 3.333333 8.350000
17 3.333333 8.360000
17 3.333333 8.370000
17 3.333333 8.380000
17 3.333333 8.390000
17 3.333333 8.400000
17 3.333333 8.410000
17 3.333333 8.420000
17 3.333333 8.430000
17 3.333333 8.440000
17 3.333333 8.450000
17 3.333333 8.460000
17 3.333333 8.470000
17 3.333333 8.480000
17 3.333333 8.490000
17 3.333333 8.500000
17 3.333333 8.510000
17 3.333333 8.520000
17 3.333333 8.530000
17 3.333333 8.540000
17 3.333333 8.550000
17 3.333333 8.560000
17 3.333333 8.570000
17 3.333333 8.580000
17 3.333333 8.590000
17 3.333333 8.600000
17 3.333333 8.610000
17 3.333333 8.620000
17 3.333333 8.630000
17 3.333333 8.640000
17 3.333333 8.650000
17 3.333333 8.660000
17 3.333333 8.670000
17 3.333333 8.680000
17 3.333333 8.690000
17 3.333333 8.700000
17 3.333333 8.710000
17 3.333333 8.720000
17 3.333333 8.730000
17 3.333333 8.740000
17 3.333333 8.750000
17 3.333333 8.760000
17 3.333333 8.770000
17 3.333333 8.780000
17 3.333333 8.790000
17 3.333333 8.800000
17 3.333333 8.810000
17 3.333333 8.820000
17 3.333333 8.830000
17 3.333333 8.840000
17 3.333333 8.850000
17 3.333333 8.860000
17 3.333333 8.870000
17 3.333333 8.880000
17 3.333333 8.890000
17 3.333333 8.900000
17 3.333333 8.910000
17 3.333333 8.920000
17 3.333333 8.930000
17 3.333333 8.940000
17 3.333333 8.950000
17 3.333333 8.960000
17 3.333333 8.970000
17 3.333333 8.980000
17 3.333333 8.990000
17 3.333333 9.000000
17 3.333333 9.010000
17 3.333333 9.020000
17 3.333333 9.030000
17 3.333333 9.040000
17 3.333333 9.050000
17 3.333333 9.060000
17 3.333333 9.070000
17 3.333333 9.080000
17 3.333333 9.090000
17 3.333333 9.100000
17 3.333333 9.110000
17 3.333333 9.120000
17 3.333333 9.130000
17 3.333333 9.140000
17 3.333333 9.150000
17 3.333333 9.160000
17 3.333333 9.170000
17 3.333333 9.180000
17 3.333333 9.190000
17 3.333333 9.200000
17 3.333333 9.210000
17 3.333333 9.220000
17 3.333333 9.230000
17 3.333333 9.240000
17 3.333333 9.250000
17 3.333333 9.260000
17 3.333333 9.270000
17 3.333333 9.280000
17 3.333333 9.290000
17 3.333333 9.300000
17 3.333333 9.310000
17 3.333333 9.320000
17 3.333333 9.330000
17 3.333333 9.340000
17 3.333333 9.350000
17 3.333333 9.360000
17 3.333333 9.370000
17 3.333333 9.380000
17 3.333333 9.390000
17 3.333333 9.400000
17 3.333333 9.410000
17 3.333333 9.420000
17 3.333333 9.430000
17 3.333333 9.440000
17 3.333333 9.450000
17 3.333333 9.460000
17 3.333333 9.470000
17 3.333333 9.480000
17 3.333333 9.490000
17 3.333333 9.500000
17 3.333333 9.510000
17 3.333333 9.520000
17 3.333333 9.530000
17 3.333333 9.540000
17 3.333333 9.550000
17 3.333333 9.560000
17 3.333333 9.570000
17 3.333333 9.580000
17 3.333333 9.590000
17 3.333333 9.600000
17 3.333333 9.610000
17 3.333333 9.620000
17 3.333333 9.630000
17 3.333333 9.640000
17 3.333333 9.650000
17 3.333333 9.660000
17 3.333333 9.670000
17 3.333333 9.680000
17 3.333333 9.690000
17 3.333333 9.700000
17 3.333333 9.710000
17 3.333333 9.720000
17 3.333333 9.730000
17 3.333333 9.740000
17 3.333333 9.750000
17 3.333333 9.760000
17 3.333333 9.770000
17 3.333333 9.780000
17 3.333333 9.790000
17 3.333333 9.800000
17 3.333333 9.810000
17 3.333333 9.820000
17 3.333333 9.830000
17 3.333333 9.840000
17 3.333333 9.850000
17 3.333333 9.860000
17 3.333333 9.870000
17 3.333333 9.880000
17 3.333333 9.890000
17 3.333333 9.900000
17 3.333333 9.910000
17 3.333333 9.920000
17 3.333333 9.930000
17 3.333333 9.940000
17 3.333333 9.950000
17 3.333333 9.960000
17 3.333333 9.970000
17 3.333333 9.980000
17 3.333333 9.990000
17 3.333333 10.000000
18 6.666667 0.000000
18 6.666667 0.010000
18 6.666667 0.020000
18 6.666667 0.030000
18 6.666667 0.040000
18 6.666667 0.050000
18 6.666667 0.060000
18 6.666667 0.070000
18 6.666667 0.080000
18 6.666667 0.090000
18 6.666667 0.100000
18 6.666667 0.110000
18 6.666667 0.120000
18 6.666667 0.130000
18 6.666667 0.140000
18 6.666667 0.150000
18 6.666667 0.160000
18 6.666667 0.170000
18 6.666667 0.180000
18 6.666667 0.190000
18 6.666667 0.200000
18 6.666667 0.210000
18 6.666667 0.220000
18 6.666667 0.230000
18 6.666667 0.240000
18 6.666667 0.250000
18 6.666667 0.260000
18 6.666667 0.270000
18 6.666667 0.280000
18 6.666667 0.290000
18 6.666667 0.300000
18 6.666667 0.310000
18 6.666667 0.320000
18 6.666667 0.330000
18 6.666667 0.340000
18 6.666667 0.350000
18 6.666667 0.360000
18 6.666667 0.370000
18 6.666667 0.380000
18 6.666667 0.390000
18 6.666667 0.400000
18 6.666667 0.410000
18 6.666667 0.420000
18 6.666667 0.430000
18 6.666667 0.440000
18 6.666667 0.450000
18 6.666667 0.460000
18 6.666667 0.470000
18 6.666667 0.480000
18 6.666667 0.490000
18 6.666667 0.500000
18 6.666667 0.510000
18 6.666667 0.520000
18 6.666667 0.530000
18 6.666667 0.540000
18 6.666667 0.550000
18 6.666667 0.560000
18 6.666667 0.570000
18 6.666667 0.580000
18 6.666667 0.590000
18 6.666667 0.600000
18 6.666667 0.610000
18 6.666667 0.620000
18 6.666667 0.630000
18 6.666667 0.640000
18 6.666667 0.650000
18 6.666667 0.660000
18 6.666667 0.670000
18 6.666667 0.680000
18 6.666667 0.690000
18 6.666667 0.700000
18 6.666667 0.710000
18 6.666667 0.720000
18 6.666667 0.730000
18 6.666667 0.740000
18 6.666667 0.750000
18 6.666667 0.760000
18 6.666667 0.770000
18 6.666667 0.780000
18 6.666667 0.790000
18 6.666667 0.800000
18 6.666667 0.810000
18 6.666667 0.820000
18 6.666667 0.830000
18 6.666667 0.840000
18 6.666667 0.850000
18 6.666667 0.860000
18 6.666667 0.870000
18 6.666667 0.880000
18 6.666667 0.890000
18 6.666667 0.900000
18 6.666667 0.910000
18 6.666667 0.920000
18 6.666667 0.930000
18 6.666667 0.940000
18 6.666667 0.950000
18 6.666667 0.960000
18 6.666667 0.970000
18 6.666667 0.980000
18 6.666667 0.990000
18 6.666667 1.000000
18 6.666667 1.010000
18 6.666667 1.020000
18 6.666667 1.030000
18 6.666667 1.040000
18 6.666667 1.050000
18 6.666667 1.060000
18 6.666667 1.070000
18 6.666667 1.080000
18 6.666667 1.090000
18 6.666667 1.100000
18 6.666667 1.110000
18 6.666667 1.120000
18 6.666667 1.130000
18 6.666667 1.140000
18 6.666667 1.150000
18 6.666667 1.160000
18 6.666667 1.170000
18 6.666667 1.180000
18 6.666667 1.190000
18 6.666667 1.200000
18 6.666667 1.210000
18 6.666667 1.220000
18 6.666667 1.230000
18 6.666667 1.240000
18 6.666667 1.250000
18 6.666667 1.260000
18 6.666667 1.270000
18 6.666667 1.280000
18 6.666667 1.290000
18 6.666667 1.300000
18 6.666667 1.310000
18 6.666667 1.320000
18 6.666667 1.330000
18 6.666667 1.340000
18 6.666667 1.350000
18 6.666667 1.360000
18 6.666667 1.370000
18 6.666667 1.380000
18 6.666667 1.390000
18 6.666667 1.400000
18 6.666667 1.410000
18 6.666667 1.420000
18 6.666667 1.430000
18 6.666667 1.440000
18 6.666667 1.450000
18 6.666667 1.460000
18 6.666667 1.470000
18 6.666667 1.480000
18 6.666667 1.490000
18 6.666667 1.500000
18 6.666667 1.510000
18 6.666667 1.520000
18 6.666667 1.530000
18 6.666667 1.540000
18 6.666667 1.550000
18 6.666667 1.560000
18 6.666667 1.570000
18 6.666667 1.580000
18 6.666667 1.590000
18 6.666667 1.600000
18 6.666667 1.610000
18 6.666667 1.620000
18 6.666667 1.630000
18 6.666667 1.640000
18 6.666667 1.650000
18 6.666667 1.660000
18 6.666667 1.670000
18 6.666667 1.680000
18 6.666667 1.690000
18 6.666667 1.700000
18 6.666667 1.710000
18 6.666667 1.720000
18 6.666667 1.730000
18 6.666667 1.740000
18 6.666667 1.750000
18 6.666667 1.760000
18 6.666667 1.770000
18 6.666667 1.780000
18 6.666667 1.790000
18 6.666667 1.800000
18 6.666667 1.810000
18 6.666667 1.820000
18 6.666667 1.830000
18 6.666667 1.840000
18 6.666667 1.850000
19 6.666667 2.360000
19 6.666667 2.370000
19 6.666667 2.380000
19 6.666667 2.390000
19 6.666667 2.400000
19 6.666667 2.410000
19 6.666667 2.420000
19 6.666667 2.430000
19 6.666667 2.440000
19 6.666667 2.450000
19 6.666667 2.460000
19 6.666667 2.470000
19 6.666667 2.480000
19 6.666667 2.490000
19 6.666667 2.500000
19 6.666667 2.510000
19 6.666667 2.520000
19 6.666667 2.530000
19 6.666667 2.540000
19 6.666667 2.550000
19 6.666667 2.560000
19 6.666667 2.570000
19 6.666667 2.580000
19 6.666667 2.590000
19 6.666667 2.600000
19 6.666667 2.610000
19 6.666667 2.620000
19 6.666667 2.630000
19 6.666667 2.640000
19 6.666667 2.650000
19 6.666667 2.660000
19 6.666667 2.670000
19 6.666667 2.680000
19 6.666667 2.690000
19 6.666667 2.700000
19 6.666667 2.710000
19 6.666667 2.720000
19 6.666667 2.730000
19 6.666667 2.740000
19 6.666667 2.750000
19 6.666667 2.760000
19 6.666667 2.770000
19 6.666667 2.780000
19 6.666667 2.790000
19 6.666667 2.800000
19 6.666667 2.810000
19 6.666667 2.820000
19 6.666667 2.830000
19 6.666667 2.840000
19 6.666667 2.850000
19 6.666667 2.860000
19 6.666667 2.870000
19 6.666667 2.880000
19 6.666667 2.890000
19 6.666667 2.900000
19 6.666667 2.910000
19 6.666667 2.920000
19 6.666667 2.930000
19 6.666667 2.940000
19 6.666667 2.950000
19 6.666667 2.960000
19 6.666667 2.970000
19 6.666667 2.980000
19 6.666667 2.990000
19 6.666667 3.000000
19 6.666667 3.010000
19 6.666667 3.020000
19 6.666667 3.030000
19 6.666667 3.040000
19 6.666667 3.050000
19 6.666667 3.060000
19 6.666667 3.070000
19 6.666667 3.080000
19 6.666667 3.090000
19 6.666667 3.100000
19 6.666667 3.110000
19 6.666667 3.120000
19 6.666667 3.130000
19 6.666667 3.140000
19 6.666667 3.150000
19 6.666667 3.160000
19 6.666667 3.170000
19 6.666667 3.180000
19 6.666667 3.190000
19 6.666667 3.200000
19 6.666667 3.210000
19 6.666667 3.220000
19 6.666667 3.230000
19 6.666667 3.240000
19 6.666667 3.250000
19 6.666667 3.260000
19 6.666667 3.270000
19 6.666667 3.280000
19 6.666667 3.290000
19 6.666667 3.300000
19 6.666667 3.310000
19 6.666667 3.320000
19 6.666667 3.330000
20 6.666667 3.333333
20 6.666667 3.343333
20 6.666667 3.353333
20 6.666667 3.363333
20 6.666667 3.373333
21 6.666667 3.890000
21 6.666667 3.900000
21 6.666667 3.910000
21 6.666667 3.920000
21 6.666667 3.930000
21 6.666667 3.940000
21 6.666667 3.950000
21 6.666667 3.960000
21 6.666667 3.970000
21 6.666667 3.980000
21 6.666667 3.990000
21 6.666667 4.000000
21 6.666667 4.010000
21 6.666667 4.020000
21 6.666667 4.030000
21 6.666667 4.040000
21 6.666667 4.050000
21 6.666667 4.060000
21 6.666667 4.070000
21 6.666667 4.080000
21 6.666667 4.090000
21 6.666667 4.100000
21 6.666667 4.110000
21 6.666667 4.120000
21 6.666667 4.130000
21 6.666667 4.140000
21 6.666667 4.150000
21 6.666667 4.160000
21 6.666667 4.170000
21 6.666667 4.180000
21 6.666667 4.190000
21 6.666667 4.200000
21 6.666667 4.210000
21 6.666667 4.220000
21 6.666667 4.230000
21 6.666667 4.240000
21 6.666667 4.250000
21 6.666667 4.260000
21 6.666667 4.270000
21 6.666667 4.280000
21 6.666667 4.290000
21 6.666667 4.300000
21 6.666667 4.310000
21 6.666667 4.320000
21 6.666667 4.330000
21 6.666667 4.340000
21 6.666667 4.350000
21 6.666667 4.360000
21 6.666667 4.370000
21 6.666667 4.380000
21 6.666667 4.390000
21 6.666667 4.400000
21 6.666667 4.410000
21 6.666667 4.420000
21 6.666667 4.430000
21 6.666667 4.440000
21 6.666667 4.450000
21 6.666667 4.460000
21 6.666667 4.470000
21 6.666667 4.480000
21 6.666667 4.490000
21 6.666667 4.500000
21 6.666667 4.510000
21 6.666667 4.520000
21 6.666667 4.530000
21 6.666667 4.540000
21 6.666667 4.550000
21 6.666667 4.560000
21 6.666667 4.570000
21 6.666667 4.580000
21 6.666667 4.590000
21 6.666667 4.600000
21 6.666667 4.610000
21 6.666667 4.620000
21 6.666667 4.630000
21 6.666667 4.640000
21 6.666667 4.650000
21 6.666667 4.660000
21 6.666667 4.670000
21 6.666667 4.680000
21 6.666667 4.690000
21 6.666667 4.700000
21 6.666667 4.710000
21 6.666667 4.720000
21 6.666667 4.730000
21 6.666667 4.740000
21 6.666667 4.750000
21 6.666667 4.760000
21 6.666667 4.770000
21 6.666667 4.780000
21 6.666667 4.790000
21 6.666667 4.800000
21 6.666667 4.810000
21 6.666667 4.820000
21 6.666667 4.830000
21 6.666667 4.840000
21 6.666667 4.850000
21 6.666667 4.860000
21 6.666667 4.870000
21 6.666667 4.880000
21 6.666667 4.890000
21 6.666667 4.900000
21 6.666667 4.910000
21 6.666667 4.920000
21 6.666667 4.930000
21 6.666667 4.940000
21 6.666667 4.950000
21 6.666667 4.960000
21 6.666667 4.970000
21 6.666667 4.980000
21 6.666667 4.990000
21 6.666667 5.000000
21 6.666667 5.010000
21 6.666667 5.020000
21 6.666667 5.030000
21 6.666667 5.040000
21 6.666667 5.050000
21 6.666667 5.060000
21 6.666667 5.070000
21 6.666667 5.080000
21 6.666667 5.090000
21 6.666667 5.100000
21 6.666667 5.110000
21 6.666667 5.120000
21 6.666667 5.130000
21 6.666667 5.140000
21 6.666667 5.150000
21 6.666667 5.160000
21 6.666667 5.170000
21 6.666667 5.180000
21 6.666667 5.190000
21 6.666667 5.200000
21 6.666667 5.210000
21 6.666667 5.220000
21 6.666667 5.230000
21 6.666667 5.240000
21 6.666667 5.250000
21 6.666667 5.260000
21 6.666667 5.270000
21 6.666667 5.280000
21 6.666667 5.290000
21 6.666667 5.300000
21 6.666667 5.310000
21 6.666667 5.320000
21 6.666667 5.330000
21 6.666667 5.340000
21 6.666667 5.350000
21 6.666667 5.360000
21 6.666667 5.370000
21 6.666667 5.380000
21 6.666667 5.390000
21 6.666667 5.400000
21 6.666667 5.410000
21 6.666667 5.420000
21 6.666667 5.430000
21 6.666667 5.440000
21 6.666667 5.450000
21 6.666667 5.460000
21 6.666667 5.470000
21 6.666667 5.480000
21 6.666667 5.490000
21 6.666667 5.500000
21 6.666667 5.510000
21 6.666667 5.520000
21 6.666667 5.530000
21 6.666667 5.540000
21 6.666667 5.550000
21 6.666667 5.560000
21 6.666667 5.570000
21 6.666667 5.580000
21 6.666667 5.590000
21 6.666667 5.600000
21 6.666667 5.610000
21 6.666667 5.620000
21 6.666667 5.630000
21 6.666667 5.640000
21 6.666667 5.650000
21 6.666667 5.660000
21 6.666667 5.670000
21 6.666667 5.680000
21 6.666667 5.690000
21 6.666667 5.700000
21 6.666667 5.710000
21 6.666667 5.720000
21 6.666667 5.730000
21 6.666667 5.740000
21 6.666667 5.750000
21 6.666667 5.760000
21 6.666667 5.770000
21 6.666667 5.780000
21 6.666667 5.790000
21 6.666667 5.800000
21 6.666667 5.810000
21 6.666667 5.820000
21 6.666667 5.830000
21 6.666667 5.840000
21 6.666667 5.850000
21 6.666667 5.860000
21 6.666667 5.870000
21 6.666667 5.880000
21 6.666667 5.890000
21 6.666667 5.900000
21 6.666667 5.910000
21 6.666667 5.920000
21 6.666667 5.930000
21 6.666667 5.940000
21 6.666667 5.950000
21 6.666667 5.960000
21 6.666667 5.970000
21 6.666667 5.980000
21 6.666667 5.990000
21 6.666667 6.000000
21 6.666667 6.010000
21 6.666667 6.020000
21 6.666667 6.030000
21 6.666667 6.040000
21 6.666667 6.050000
21 6.666667 6.060000
21 6.666667 6.070000
21 6.666667 6.080000
21 6.666667 6.090000
21 6.666667 6.100000
21 6.666667 6.110000
21 6.666667 6.120000
21 6.666667 6.130000
21 6.666667 6.140000
21 6.666667 6.150000
21 6.666667 6.160000
21 6.666667 6.170000
21 6.666667 6.180000
21 6.666667 6.190000
21 6.666667 6.200000
21 6.666667 6.210000
21 6.666667 6.220000
21 6.666667 6.230000
21 6.666667 6.240000
21 6.666667 6.250000
21 6.666667 6.260000
21 6.666667 6.270000
21 6.666667 6.280000
21 6.666667 6.290000
21 6.666667 6.300000
21 6.666667 6.310000
21 6.666667 6.320000
21 6.666667 6.330000
21 6.666667 6.340000
21 6.666667 6.350000
21 6.666667 6.360000
21 6.666667 6.370000
21 6.666667 6.380000
21 6.666667 6.390000
21 6.666667 6.400000
21 6.666667 6.410000
21 6.666667 6.420000
21 6.666667 6.430000
21 6.666667 6.440000
21 6.666667 6.450000
21 6.666667 6.460000
21 6.666667 6.470000
21 6.666667 6.480000
21 6.666667 6.490000
21 6.666667 6.500000
21 6.666667 6.510000
21 6.666667 6.520000
21 6.666667 6.530000
21 6.666667 6.540000
21 6.666667 6.550000
21 6.666667 6.560000
21 6.666667 6.570000
21 6.666667 6.580000
21 6.666667 6.590000
21 6.666667 6.600000
21 6.666667 6.610000
21 6.666667 6.620000
21 6.666667 6.630000
21 6.666667 6.640000
21 6.666667 6.650000
21 6.666667 6.660000
22 6.666667 6.666667
22 6.666667 6.676667
22 6.666667 6.686667
22 6.666667 6.696667
22 6.666667 6.706667
22 6.666667 6.716667
22 6.666667 6.726667
22 6.666667 6.736667
22 6.666667 6.746667
22 6.666667 6.756667
22 6.666667 6.766667
22 6.666667 6.776667
22 6.666667 6.786667
22 6.666667 6.796667
22 6.666667 6.806667
22 6.666667 6.816667
22 6.666667 6.826667
22 6.666667 6.836667
22 6.666667 6.846667
23 6.666667 7.360000
23 6.666667 7.370000
23 6.666667 7.380000
23 6.666667 7.390000
23 6.666667 7.400000
23 6.666667 7.410000
23 6.666667 7.420000
23 6.666667 7.430000
23 6.666667 7.440000
23 6.666667 7.450000
23 6.666667 7.460000
23 6.666667 7.470000
23 6.666667 7.480000
23 6.666667 7.490000
23 6.666667 7.500000
23 6.666667 7.510000
23 6.666667 7.520000
23 6.666667 7.530000
23 6.666667 7.540000
23 6.666667 7.550000
23 6.666667 7.560000
23 6.666667 7.570000
23 6.666667 7.580000
23 6.666667 7.590000
23 6.666667 7.600000
23 6.666667 7.610000
23 6.666667 7.620000
23 6.666667 7.630000
23 6.666667 7.640000
23 6.666667 7.650000
23 6.666667 7.660000
23 6.666667 7.670000
23 6.666667 7.680000
23 6.666667 7.690000
23 6.666667 7.700000
23 6.666667 7.710000
23 6.666667 7.720000
23 6.666667 7.730000
23 6.666667 7.740000
23 6.666667 7.750000
23 6.666667 7.760000
23 6.666667 7.770000
23 6.666667 7.780000
23 6.666667 7.790000
23 6.666667 7.800000
23 6.666667 7.810000
23 6.666667 7.820000
23 6.666667 7.830000
23 6.666667 7.840000
23 6.666667 7.850000
23 6.666667 7.860000
23 6.666667 7.870000
23 6.666667 7.880000
23 6.666667 7.890000
23 6.666667 7.900000
23 6.666667 7.910000
23 6.666667 7.920000
23 6.666667 7.930000
23 6.666667 7.940000
23 6.666667 7.950000
23 6.666667 7.960000
23 6.666667 7.970000
23 6.666667 7.980000
23 6.666667 7.990000
23 6.666667 8.000000
23 6.666667 8.010000
23 6.666667 8.020000
23 6.666667 8.030000
23 6.666667 8.040000
23 6.666667 8.050000
23 6.666667 8.060000
23 6.666667 8.070000
23 6.666667 8.080000
23 6.666667 8.090000
23 6.666667 8.100000
23 6.666667 8.110000
23 6.666667 8.120000
23 6.666667 8.130000
23 6.666667 8.140000
23 6.666667 8.150000
23 6.666667 8.160000
23 6.666667 8.170000
23 6.666667 8.180000
23 6.666667 8.190000
23 6.666667 8.200000
23 6.666667 8.210000
23 6.666667 8.220000
23 6.666667 8.230000
23 6.666667 8.240000
23 6.666667 8.250000
23 6.666667 8.260000
23 6.666667 8.270000
23 6.666667 8.280000
23 6.666667 8.290000
23 6.666667 8.300000
23 6.666667 8.310000
23 6.666667 8.320000
23 6.666667 8.330000
23 6.666667 8.340000
23 6.666667 8.350000
23 6.666667 8.360000
23 6.666667 8.370000
23 6.666667 8.380000
23 6.666667 8.390000
23 6.666667 8.400000
23 6.666667 8.410000
23 6.666667 8.420000
23 6.666667 8.430000
23 6.666667 8.440000
23 6.666667 8.450000
23 6.666667 8.460000
23 6.666667 8.470000
23 6.666667 8.480000
23 6.666667 8.490000
23 6.666667 8.500000
23 6.666667 8.510000
23 6.666667 8.520000
23 6.666667 8.530000
23 6.666667 8.540000
23 6.666667 8.550000
23 6.666667 8.560000
23 6.666667 8.570000
23 6.666667 8.580000
23 6.666667 8.590000
23 6.666667 8.600000
23 6.666667 8.610000
23 6.666667 8.620000
23 6.666667 8.630000
23 6.666667 8.640000
23 6.666667 8.650000
23 6.666667 8.660000
23 6.666667 8.670000
23 6.666667 8.680000
23 6.666667 8.690000
23 6.666667 8.700000
23 6.666667 8.710000
23 6.666667 8.720000
23 6.666667 8.730000
23 6.666667 8.740000
23 6.666667 8.750000
23 6.666667 8.760000
23 6.666667 8.770000
23 6.666667 8.780000
23 6.666667 8.790000
23 6.666667 8.800000
23 6.666667 8.810000
23 6.666667 8.820000
23 6.666667 8.830000
23 6.666667 8.840000
23 6.666667 8.850000
23 6.666667 8.860000
23 6.666667 8.870000
23 6.666667 8.880000
23 6.666667 8.890000
23 6.666667 8.900000
23 6.666667 8.910000
23 6.666667 8.920000
23 6.666667 8.930000
23 6.666667 8.940000
23 6.666667 8.950000
23 6.666667 8.960000
23 6.666667 8.970000
23 6.666667 8.980000
23 6.666667 8.990000
23 6.666667 9.000000
23 6.666667 9.010000
23 6.666667 9.020000
23 6.666667 9.030000
23 6.666667 9.040000
23 6.666667 9.050000
23 6.666667 9.060000
23 6.666667 9.070000
23 6.666667 9.080000
23 6.666667 9.090000
23 6.666667 9.100000
23 6.666667 9.110000
23 6.666667 9.120000
23 6.666667 9.130000
23 6.666667 9.140000
23 6.666667 9.150000
23 6.666667 9.160000
23 6.666667 9.170000
23 6.666667 9.180000
23 6.666667 9.190000
23 6.666667 9.200000
23 6.666667 9.210000
23 6.666667 9.220000
23 6.666667 9.230000
23 6.666667 9.240000
23 6.666667 9.250000
23 6.666667 9.260000
23 6.666667 9.270000
23 6.666667 9.280000
23 6.666667 9.290000
23 6.666667 9.300000
23 6.666667 9.310000
23 6.666667 9.320000
23 6.666667 9.330000
23 6.666667 9.340000
23 6.666667 9.350000
23 6.666667 9.360000
23 6.666667 9.370000
23 6.666667 9.380000
23 6.666667 9.390000
23 6.666667 9.400000
23 6.666667 9.410000
23 6.666667 9.420000
23 6.666667 9.430000
23 6.666667 9.440000
23 6.666667 9.450000
23 6.666667 9.460000
23 6.666667 9.470000
23 6.666667 9.480000
23 6.666667 9.490000
23 6.666667 9.500000
23 6.666667 9.510000
23 6.666667 9.520000
23 6.666667 9.530000
23 6.666667 9.540000
23 6.666667 9.550000
23 6.666667 9.560000
23 6.666667 9.570000
23 6.666667 9.580000
23 6.666667 9.590000
23 6.666667 9.600000
23 6.666667 9.610000
23 6.666667 9.620000
23 6.666667 9.630000
23 6.666667 9.640000
23 6.666667 9.650000
23 6.666667 9.660000
23 6.666667 9.670000
23 6.666667 9.680000
23 6.666667 9.690000
23 6.666667 9.700000
23 6.666667 9.710000
23 6.666667 9.720000
23 6.666667 9.730000
23 6.666667 9.740000
23 6.666667 9.750000
23 6.666667 9.760000
23 6.666667 9.770000
23 6.666667 9.780000
23 6.666667 9.790000
23 6.666667 9.800000
23 6.666667 9.810000
23 6.666667 9.820000
23 6.666667 9.830000
23 6.666667 9.840000
23 6.666667 9.850000
23 6.666667 9.860000
23 6.666667 9.870000
23 6.666667 9.880000
23 6.666667 9.890000
23 6.666667 9.900000
23 6.666667 9.910000
23 6.666667 9.920000
23 6.666667 9.930000
23 6.666667 9.940000
23 6.666667 9.950000
23 6.666667 9.960000
23 6.666667 9.970000
23 6.666667 9.980000
23 6.666667 9.990000
23 6.666667 10.000000
