0 0.050000 16.890000
1 0.190000 23.200000
2 0.230000 9.430000
3 0.230000 23.760000
4 0.240000 13.740000
5 0.290000 1.400000
6 0.350000 13.610000
7 0.360000 14.110000
8 0.410000 23.010000
9 0.480000 20.320000
10 0.590000 12.880000
11 0.650000 2.150000
12 0.680000 1.460000
13 0.680000 10.640000
14 0.750000 1.510000
15 0.800000 19.570000
16 0.930000 22.680000
17 0.980000 0.600000
18 1.030000 22.270000
19 1.050000 23.620000
20 1.070000 10.380000
21 1.120000 4.760000
22 1.150000 10.450000
23 1.190000 4.260000
24 1.220000 11.100000
25 1.260000 13.540000
26 1.280000 3.160000
27 1.300000 8.760000
28 1.330000 20.650000
29 1.360000 19.090000
30 1.370000 22.020000
31 1.460000 4.360000
32 1.480000 4.720000
33 1.530000 5.600000
34 1.560000 20.100000
35 1.620000 2.950000
36 1.640000 5.830000
37 1.710000 4.050000
38 1.900000 6.200000
39 1.940000 19.610000
40 2.040000 0.150000
41 2.070000 15.490000
42 2.110000 24.860000
43 2.150000 15.790000
44 2.250000 12.690000
45 2.260000 22.830000
46 2.270000 23.280000
47 2.310000 10.350000
48 2.330000 8.370000
49 2.340000 5.880000
50 2.370000 8.630000
51 2.380000 24.000000
52 2.510000 16.750000
53 2.530000 20.200000
54 2.540000 20.950000
55 2.560000 6.390000
56 2.620000 5.730000
57 2.630000 9.940000
58 2.770000 23.200000
59 2.800000 6.030000
60 3.000000 24.480000
61 3.080000 16.310000
62 3.110000 13.560000
63 3.160000 2.030000
64 3.210000 20.190000
65 3.210000 23.550000
66 3.240000 5.170000
67 3.350000 0.980000
68 3.360000 8.970000
69 3.400000 4.870000
70 3.520000 3.030000
71 3.610000 9.630000
72 3.650000 7.150000
73 3.670000 6.110000
74 3.700000 2.040000
75 3.700000 12.000000
76 3.800000 19.730000
77 3.880000 4.220000
78 3.930000 10.500000
79 3.970000 14.040000
80 4.010000 17.090000
81 4.030000 18.520000
82 4.130000 23.010000
83 4.150000 23.030000
84 4.220000 7.290000
85 4.340000 7.610000
86 4.340000 14.120000
87 4.360000 2.190000
88 4.370000 13.780000
89 4.380000 17.770000
90 4.560000 3.990000
91 4.600000 13.310000
92 4.630000 10.820000
93 4.650000 24.930000
94 4.710000 9.410000
95 4.720000 11.380000
96 4.760000 1.510000
97 4.830000 13.180000
98 4.840000 6.370000
99 4.850000 17.350000
100 4.870000 12.060000
101 4.950000 14.900000
102 4.980000 3.870000
103 5.010000 12.120000
104 5.010000 22.880000
105 5.080000 15.550000
106 5.110000 10.970000
107 5.160000 18.130000
108 5.370000 3.070000
109 5.440000 1.830000
110 5.440000 2.040000
111 5.450000 16.530000
112 5.520000 4.970000
113 5.690000 6.620000
114 5.700000 7.410000
115 5.730000 4.320000
116 5.760000 5.730000
117 5.830000 2.170000
118 5.840000 23.970000
119 5.840000 24.970000
120 5.890000 17.040000
121 6.030000 19.200000
122 6.090000 2.230000
123 6.110000 14.760000
124 6.190000 12.590000
125 6.200000 23.850000
126 6.220000 4.650000
127 6.220000 17.540000
128 6.260000 10.520000
129 6.260000 12.300000
130 6.280000 4.110000
131 6.360000 0.740000
132 6.430000 10.180000
133 6.440000 14.760000
134 6.480000 18.770000
135 6.520000 12.810000
136 6.530000 12.310000
137 6.550000 1.520000
138 6.550000 6.810000
139 6.710000 6.270000
140 6.720000 6.880000
141 6.730000 18.560000
142 6.740000 3.230000
143 6.760000 23.880000
144 6.810000 3.510000
145 6.810000 17.260000
146 6.840000 21.390000
147 6.850000 20.200000
148 6.860000 7.890000
149 6.900000 14.470000
150 7.140000 11.060000
151 7.210000 4.360000
152 7.220000 5.440000
153 7.230000 24.640000
154 7.260000 21.940000
155 7.280000 2.650000
156 7.300000 15.180000
157 7.320000 17.670000
158 7.340000 2.590000
159 7.370000 5.930000
160 7.420000 14.090000
161 7.480000 7.430000
162 7.500000 7.130000
163 7.530000 15.950000
164 7.540000 10.620000
165 7.600000 21.810000
166 7.660000 5.960000
167 7.720000 18.880000
168 7.750000 22.010000
169 7.780000 20.830000
170 7.910000 20.100000
171 8.130000 17.970000
172 8.240000 19.500000
173 8.360000 22.730000
174 8.460000 7.250000
175 8.550000 9.410000
176 8.590000 24.500000
177 8.610000 21.110000
178 8.670000 22.860000
179 8.730000 8.040000
180 8.760000 14.980000
181 8.780000 17.540000
182 9.050000 1.000000
183 9.120000 3.120000
184 9.200000 1.930000
185 9.330000 24.200000
186 9.460000 11.340000
187 9.600000 1.680000
188 9.620000 12.290000
189 9.670000 8.900000
190 9.850000 7.400000
191 9.920000 7.460000
192 9.940000 8.200000
193 9.950000 4.620000
194 9.990000 10.770000
195 10.010000 19.250000
196 10.090000 3.480000
197 10.150000 2.550000
198 10.150000 4.490000
199 10.160000 16.220000
200 10.400000 20.890000
201 10.450000 9.570000
202 10.470000 21.670000
203 10.500000 9.060000
204 10.560000 12.310000
205 10.590000 13.180000
206 10.620000 1.430000
207 10.650000 20.380000
208 10.700000 2.290000
209 10.740000 18.870000
210 10.920000 0.600000
211 10.920000 19.370000
212 10.960000 17.350000
213 10.960000 23.850000
214 10.970000 16.770000
215 10.980000 4.740000
216 11.080000 1.750000
217 11.140000 18.040000
218 11.170000 15.780000
219 11.190000 10.130000
220 11.240000 15.450000
221 11.250000 2.470000
222 11.360000 16.170000
223 11.380000 14.720000
224 11.440000 15.770000
225 11.450000 22.950000
226 11.490000 21.540000
227 11.490000 24.770000
228 11.500000 5.740000
229 11.540000 23.200000
230 11.590000 23.260000
231 11.620000 23.700000
232 11.710000 15.570000
233 11.750000 6.220000
234 11.750000 17.340000
235 11.760000 12.500000
236 11.820000 16.550000
237 11.850000 20.520000
238 11.970000 13.920000
239 11.980000 18.250000
240 12.090000 3.280000
241 12.140000 7.130000
242 12.180000 12.700000
243 12.180000 20.480000
244 12.400000 6.450000
245 12.420000 24.520000
246 12.460000 18.240000
247 12.560000 12.410000
248 12.640000 22.390000
249 12.660000 3.340000
250 12.710000 7.300000
251 12.880000 20.110000
252 13.010000 5.530000
253 13.040000 9.510000
254 13.150000 2.980000
255 13.250000 21.460000
256 13.340000 19.730000
257 13.360000 23.540000
258 13.370000 16.540000
259 13.400000 2.530000
260 13.430000 8.240000
261 13.430000 14.420000
262 13.450000 3.780000
263 13.570000 2.830000
264 13.580000 8.830000
265 13.620000 16.440000
266 13.630000 9.110000
267 13.730000 1.030000
268 13.790000 0.030000
269 13.830000 6.860000
270 13.830000 23.350000
271 14.010000 14.870000
272 14.040000 17.660000
273 14.060000 22.570000
274 14.080000 3.490000
275 14.140000 13.240000
276 14.140000 18.230000
277 14.180000 2.970000
278 14.320000 18.090000
279 14.360000 23.130000
280 14.420000 12.120000
281 14.470000 9.160000
282 14.520000 13.090000
283 14.570000 4.040000
284 14.620000 6.730000
285 14.630000 20.080000
286 14.670000 21.210000
287 14.700000 3.640000
288 14.700000 19.230000
289 14.740000 2.570000
290 14.790000 18.200000
291 14.900000 5.160000
292 14.920000 12.480000
293 14.930000 17.630000
294 14.960000 18.750000
295 14.990000 6.890000
296 15.030000 1.400000
297 15.040000 5.810000
298 15.090000 8.110000
299 15.120000 13.760000
300 15.230000 12.150000
301 15.320000 18.060000
302 15.330000 7.560000
303 15.350000 12.460000
304 15.530000 20.560000
305 15.670000 7.010000
306 15.780000 11.070000
307 15.780000 21.080000
308 15.790000 2.390000
309 15.810000 10.300000
310 15.810000 23.140000
311 15.820000 9.050000
312 15.840000 13.790000
313 15.870000 10.320000
314 16.040000 22.610000
315 16.260000 16.640000
316 16.330000 11.960000
317 16.360000 0.690000
318 16.380000 13.740000
319 16.420000 20.530000
320 16.430000 22.970000
321 16.470000 15.950000
322 16.570000 23.060000
323 16.620000 10.500000
324 16.690000 11.850000
325 16.700000 13.290000
326 16.740000 17.790000
327 16.810000 8.910000
328 16.820000 21.390000
329 16.830000 0.330000
330 16.830000 4.010000
331 16.830000 21.510000
332 16.870000 19.610000
333 16.880000 7.010000
334 16.930000 13.240000
335 16.950000 24.440000
336 16.980000 23.750000
337 16.990000 21.220000
338 17.070000 6.490000
339 17.110000 14.180000
340 17.120000 1.010000
341 17.150000 2.240000
342 17.150000 14.130000
343 17.190000 12.760000
344 17.210000 18.840000
345 17.210000 19.800000
346 17.230000 3.860000
347 17.320000 4.450000
348 17.420000 0.180000
349 17.470000 14.380000
350 17.530000 21.130000
351 17.620000 6.940000
352 17.660000 14.300000
353 17.740000 12.890000
354 17.740000 14.340000
355 17.820000 24.610000
356 17.900000 0.920000
357 17.960000 5.840000
358 18.010000 4.550000
359 18.030000 6.970000
360 18.030000 16.930000
361 18.040000 19.220000
362 18.080000 8.770000
363 18.080000 24.620000
364 18.090000 19.110000
365 18.130000 5.830000
366 18.130000 15.310000
367 18.200000 13.950000
368 18.370000 11.280000
369 18.430000 22.180000
370 18.440000 24.950000
371 18.450000 7.260000
372 18.540000 10.960000
373 18.540000 13.090000
374 18.540000 24.790000
375 18.560000 4.210000
376 18.610000 1.690000
377 18.630000 23.770000
378 18.750000 2.230000
379 18.900000 22.390000
380 18.980000 10.910000
381 19.040000 3.550000
382 19.050000 12.830000
383 19.060000 15.510000
384 19.070000 1.620000
385 19.110000 8.820000
386 19.110000 18.820000
387 19.140000 11.680000
388 19.180000 8.610000
389 19.220000 1.220000
390 19.220000 24.100000
391 19.290000 17.450000
392 19.310000 8.210000
393 19.320000 22.720000
394 19.340000 7.810000
395 19.400000 12.370000
396 19.410000 7.010000
397 19.450000 12.960000
398 19.490000 3.830000
399 19.490000 11.780000
400 19.530000 12.170000
401 19.550000 1.450000
402 19.560000 8.740000
403 19.570000 6.570000
404 19.630000 24.480000
405 19.760000 18.770000
406 19.770000 11.070000
407 19.790000 13.890000
408 19.970000 13.180000
409 19.990000 12.700000
410 20.010000 5.080000
411 20.070000 1.760000
412 20.090000 4.930000
413 20.090000 23.770000
414 20.190000 11.180000
415 20.210000 3.740000
416 20.220000 17.650000
417 20.240000 3.030000
418 20.240000 10.560000
419 20.260000 16.860000
420 20.290000 7.600000
421 20.300000 7.830000
422 20.300000 8.970000
423 20.320000 2.840000
424 20.370000 11.640000
425 20.380000 6.930000
426 20.470000 4.370000
427 20.530000 2.380000
428 20.530000 2.770000
429 20.690000 4.560000
430 20.750000 4.600000
431 20.840000 2.480000
432 20.860000 14.820000
433 20.900000 8.540000
434 20.900000 23.090000
435 20.970000 14.000000
436 21.050000 22.700000
437 21.190000 10.390000
438 21.190000 21.930000
439 21.260000 16.110000
440 21.270000 14.380000
441 21.410000 18.630000
442 21.420000 9.660000
443 21.570000 15.500000
444 21.630000 14.530000
445 21.840000 6.920000
446 21.950000 19.510000
447 22.060000 1.720000
448 22.070000 18.130000
449 22.080000 19.530000
450 22.100000 3.900000
451 22.130000 20.220000
452 22.170000 15.250000
453 22.200000 22.000000
454 22.240000 4.430000
455 22.270000 5.120000
456 22.300000 14.840000
457 22.340000 17.810000
458 22.370000 3.200000
459 22.500000 1.580000
460 22.620000 15.620000
461 22.730000 19.460000
462 22.830000 15.210000
463 22.850000 1.160000
464 22.860000 18.400000
465 23.040000 15.720000
466 23.070000 15.360000
467 23.260000 21.250000
468 23.350000 5.100000
469 23.390000 5.220000
470 23.480000 21.060000
471 23.550000 3.150000
472 23.650000 12.740000
473 23.670000 24.720000
474 23.720000 12.300000
475 23.720000 16.150000
476 23.740000 8.400000
477 23.800000 3.960000
478 23.810000 19.480000
479 23.930000 17.890000
480 24.030000 1.750000
481 24.070000 1.920000
482 24.220000 6.110000
483 24.230000 7.460000
484 24.320000 24.980000
485 24.410000 11.370000
486 24.510000 14.450000
487 24.540000 5.770000
488 24.550000 13.960000
489 24.570000 17.120000
490 24.590000 23.290000
491 24.700000 18.810000
492 24.740000 4.760000
493 24.750000 6.840000
494 24.760000 12.060000
495 24.770000 24.400000
496 24.780000 19.540000
497 24.820000 5.550000
498 24.910000 0.180000
499 24.970000 23.560000
