0 0.000000 0.000000
1 0.100000 0.000000
2 0.200000 0.000000
3 0.300000 0.000000
4 0.400000 0.000000
5 0.500000 0.000000
6 0.600000 0.000000
7 0.700000 0.000000
8 0.800000 0.000000
9 0.900000 0.000000
10 1.000000 0.000000
11 1.100000 0.000000
12 1.200000 0.000000
13 1.300000 0.000000
14 1.400000 0.000000
15 1.500000 0.000000
16 1.600000 0.000000
17 1.700000 0.000000
18 1.800000 0.000000
19 1.900000 0.000000
20 2.000000 0.000000
21 2.100000 0.000000
22 2.200000 0.000000
23 2.300000 0.000000
24 2.400000 0.000000
25 2.500000 0.000000
26 2.600000 0.000000
27 2.700000 0.000000
28 2.800000 0.000000
29 2.900000 0.000000
30 3.000000 0.000000
31 3.100000 0.000000
32 3.200000 0.000000
33 3.300000 0.000000
34 3.400000 0.000000
35 3.500000 0.000000
36 3.600000 0.000000
37 3.700000 0.000000
38 3.800000 0.000000
39 3.900000 0.000000
40 4.000000 0.000000
41 4.100000 0.000000
42 4.200000 0.000000
43 4.300000 0.000000
44 4.400000 0.000000
45 4.500000 0.000000
46 4.600000 0.000000
47 4.700000 0.000000
48 4.800000 0.000000
49 4.900000 0.000000
50 5.000000 0.000000
51 5.100000 0.000000
52 5.200000 0.000000
53 5.300000 0.000000
54 5.400000 0.000000
55 5.500000 0.000000
56 5.600000 0.000000
57 5.700000 0.000000
58 5.800000 0.000000
59 5.900000 0.000000
60 6.000000 0.000000
61 6.100000 0.000000
62 6.200000 0.000000
63 6.300000 0.000000
64 6.400000 0.000000
65 6.500000 0.000000
66 6.600000 0.000000
67 6.700000 0.000000
68 6.800000 0.000000
69 6.900000 0.000000
70 7.000000 0.000000
71 7.100000 0.000000
72 7.200000 0.000000
73 7.300000 0.000000
74 7.400000 0.000000
75 7.500000 0.000000
76 7.600000 0.000000
77 7.700000 0.000000
78 7.800000 0.000000
79 7.900000 0.000000
80 8.000000 0.000000
81 8.100000 0.000000
82 8.200000 0.000000
83 8.300000 0.000000
84 8.400000 0.000000
85 8.500000 0.000000
86 8.600000 0.000000
87 8.700000 0.000000
88 8.800000 0.000000
89 8.900000 0.000000
90 9.000000 0.000000
91 9.100000 0.000000
92 9.200000 0.000000
93 9.300000 0.000000
94 9.400000 0.000000
95 9.500000 0.000000
96 9.600000 0.000000
97 9.700000 0.000000
98 9.800000 0.000000
99 9.900000 0.000000
100 10.000000 0.000000
101 10.100000 0.000000
102 10.200000 0.000000
103 10.300000 0.000000
104 10.400000 0.000000
105 10.500000 0.000000
106 10.600000 0.000000
107 10.700000 0.000000
108 10.800000 0.000000
109 10.900000 0.000000
110 11.000000 0.000000
111 11.100000 0.000000
112 11.200000 0.000000
113 11.300000 0.000000
114 11.400000 0.000000
115 11.500000 0.000000
116 11.600000 0.000000
117 11.700000 0.000000
118 11.800000 0.000000
119 11.900000 0.000000
120 12.000000 0.000000
121 12.000000 0.100000
122 12.000000 0.200000
123 12.000000 0.300000
124 12.000000 0.400000
125 12.000000 0.500000
126 12.000000 0.600000
127 12.000000 0.700000
128 12.000000 0.800000
129 12.000000 0.900000
130 12.000000 1.000000
131 12.000000 1.100000
132 12.000000 1.200000
133 12.000000 1.300000
134 12.000000 1.400000
135 12.000000 1.500000
136 12.000000 1.600000
137 12.000000 1.700000
138 12.000000 1.800000
139 12.000000 1.900000
140 12.000000 2.000000
141 12.000000 2.100000
142 12.000000 2.200000
143 12.000000 2.300000
144 12.000000 2.400000
145 12.000000 2.500000
146 12.000000 2.600000
147 12.000000 2.700000
148 12.000000 2.800000
149 12.000000 2.900000
150 12.000000 3.000000
151 12.000000 3.100000
152 12.000000 3.200000
153 12.000000 3.300000
154 12.000000 3.400000
155 12.000000 3.500000
156 12.000000 3.600000
157 12.000000 3.700000
158 12.000000 3.800000
159 12.000000 3.900000
160 12.000000 4.000000
161 12.000000 4.100000
162 12.000000 4.200000
163 12.000000 4.300000
164 12.000000 4.400000
165 12.000000 4.500000
166 12.000000 4.600000
167 12.000000 4.700000
168 12.000000 4.800000
169 12.000000 4.900000
170 12.000000 5.000000
171 12.000000 5.100000
172 12.000000 5.200000
173 12.000000 5.300000
174 12.000000 5.400000
175 12.000000 5.500000
176 12.000000 5.600000
177 12.000000 5.700000
178 12.000000 5.800000
179 12.000000 5.900000
180 12.000000 6.000000
181 12.000000 6.100000
182 12.000000 6.200000
183 12.000000 6.300000
184 12.000000 6.400000
185 12.000000 6.500000
186 12.000000 6.600000
187 12.000000 6.700000
188 12.000000 6.800000
189 12.000000 6.900000
190 12.000000 7.000000
191 12.000000 7.100000
192 12.000000 7.200000
193 12.000000 7.300000
194 12.000000 7.400000
195 12.000000 7.500000
196 12.000000 7.600000
197 12.000000 7.700000
198 12.000000 7.800000
199 12.000000 7.900000
200 12.000000 8.000000
201 12.000000 8.100000
202 12.000000 8.200000
203 12.000000 8.300000
204 12.000000 8.400000
205 12.000000 8.500000
206 12.000000 8.600000
207 12.000000 8.700000
208 12.000000 8.800000
209 12.000000 8.900000
210 12.000000 9.000000
211 12.000000 9.100000
212 12.000000 9.200000
213 12.000000 9.300000
214 12.000000 9.400000
215 12.000000 9.500000
216 12.000000 9.600000
217 12.000000 9.700000
218 12.000000 9.800000
219 12.000000 9.900000
220 12.000000 10.000000
221 12.000000 10.100000
222 12.000000 10.200000
223 12.000000 10.300000
224 12.000000 10.400000
225 12.000000 10.500000
226 12.000000 10.600000
227 12.000000 10.700000
228 12.000000 10.800000
229 12.000000 10.900000
230 12.000000 11.000000
231 12.000000 11.100000
232 12.000000 11.200000
233 12.000000 11.300000
234 12.000000 11.400000
235 12.000000 11.500000
236 12.000000 11.600000
237 12.000000 11.700000
238 12.000000 11.800000
239 12.000000 11.900000
240 12.000000 12.000000
241 11.900000 12.000000
242 11.800000 12.000000
243 11.700000 12.000000
244 11.600000 12.000000
245 11.500000 12.000000
246 11.400000 12.000000
247 11.300000 12.000000
248 11.200000 12.000000
249 11.100000 12.000000
250 11.000000 12.000000
251 10.900000 12.000000
252 10.800000 12.000000
253 10.700000 12.000000
254 10.600000 12.000000
255 10.500000 12.000000
256 10.400000 12.000000
257 10.300000 12.000000
258 10.200000 12.000000
259 10.100000 12.000000
260 10.000000 12.000000
261 9.900000 12.000000
262 9.800000 12.000000
263 9.700000 12.000000
264 9.600000 12.000000
265 9.500000 12.000000
266 9.400000 12.000000
267 9.300000 12.000000
268 9.200000 12.000000
269 9.100000 12.000000
270 9.000000 12.000000
271 8.900000 12.000000
272 8.800000 12.000000
273 8.700000 12.000000
274 8.600000 12.000000
275 8.500000 12.000000
276 8.400000 12.000000
277 8.300000 12.000000
278 8.200000 12.000000
279 8.100000 12.000000
280 8.000000 12.000000
281 7.900000 12.000000
282 7.800000 12.000000
283 7.700000 12.000000
284 7.600000 12.000000
285 7.500000 12.000000
286 7.400000 12.000000
287 7.300000 12.000000
288 7.200000 12.000000
289 7.100000 12.000000
290 7.000000 12.000000
291 6.900000 12.000000
292 6.800000 12.000000
293 6.700000 12.000000
294 6.600000 12.000000
295 6.500000 12.000000
296 6.400000 12.000000
297 6.300000 12.000000
298 6.200000 12.000000
299 6.100000 12.000000
300 6.000000 12.000000
301 5.900000 12.000000
302 5.800000 12.000000
303 5.700000 12.000000
304 5.600000 12.000000
305 5.500000 12.000000
306 5.400000 12.000000
307 5.300000 12.000000
308 5.200000 12.000000
309 5.100000 12.000000
310 5.000000 12.000000
311 4.900000 12.000000
312 4.800000 12.000000
313 4.700000 12.000000
314 4.600000 12.000000
315 4.500000 12.000000
316 4.400000 12.000000
317 4.300000 12.000000
318 4.200000 12.000000
319 4.100000 12.000000
320 4.000000 12.000000
321 3.900000 12.000000
322 3.800000 12.000000
323 3.700000 12.000000
324 3.600000 12.000000
325 3.500000 12.000000
326 3.400000 12.000000
327 3.300000 12.000000
328 3.200000 12.000000
329 3.100000 12.000000
330 3.000000 12.000000
331 2.900000 12.000000
332 2.800000 12.000000
333 2.700000 12.000000
334 2.600000 12.000000
335 2.500000 12.000000
336 2.400000 12.000000
337 2.300000 12.000000
338 2.200000 12.000000
339 2.100000 12.000000
340 2.000000 12.000000
341 1.900000 12.000000
342 1.800000 12.000000
343 1.700000 12.000000
344 1.600000 12.000000
345 1.500000 12.000000
346 1.400000 12.000000
347 1.300000 12.000000
348 1.200000 12.000000
349 1.100000 12.000000
350 1.000000 12.000000
351 0.900000 12.000000
352 0.800000 12.000000
353 0.700000 12.000000
354 0.600000 12.000000
355 0.500000 12.000000
356 0.400000 12.000000
357 0.300000 12.000000
358 0.200000 12.000000
359 0.100000 12.000000
360 0.000000 12.000000
361 0.000000 11.900000
362 0.000000 11.800000
363 0.000000 11.700000
364 0.000000 11.600000
365 0.000000 11.500000
366 0.000000 11.400000
367 0.000000 11.300000
368 0.000000 11.200000
369 0.000000 11.100000
370 0.000000 11.000000
371 0.000000 10.900000
372 0.000000 10.800000
373 0.000000 10.700000
374 0.000000 10.600000
375 0.000000 10.500000
376 0.000000 10.400000
377 0.000000 10.300000
378 0.000000 10.200000
379 0.000000 10.100000
380 0.000000 10.000000
381 0.000000 9.900000
382 0.000000 9.800000
383 0.000000 9.700000
384 0.000000 9.600000
385 0.000000 9.500000
386 0.000000 9.400000
387 0.000000 9.300000
388 0.000000 9.200000
389 0.000000 9.100000
390 0.000000 9.000000
391 0.000000 8.900000
392 0.000000 8.800000
393 0.000000 8.700000
394 0.000000 8.600000
395 0.000000 8.500000
396 0.000000 8.400000
397 0.000000 8.300000
398 0.000000 8.200000
399 0.000000 8.100000
400 0.000000 8.000000
401 0.000000 7.900000
402 0.000000 7.800000
403 0.000000 7.700000
404 0.000000 7.600000
405 0.000000 7.500000
406 0.000000 7.400000
407 0.000000 7.300000
408 0.000000 7.200000
409 0.000000 7.100000
410 0.000000 7.000000
411 0.000000 6.900000
412 0.000000 6.800000
413 0.000000 6.700000
414 0.000000 6.600000
415 0.000000 6.500000
416 0.000000 6.400000
417 0.000000 6.300000
418 0.000000 6.200000
419 0.000000 6.100000
420 0.000000 6.000000
421 0.000000 5.900000
422 0.000000 5.800000
423 0.000000 5.700000
424 0.000000 5.600000
425 0.000000 5.500000
426 0.000000 5.400000
427 0.000000 5.300000
428 0.000000 5.200000
429 0.000000 5.100000
430 0.000000 5.000000
431 0.000000 4.900000
432 0.000000 4.800000
433 0.000000 4.700000
434 0.000000 4.600000
435 0.000000 4.500000
436 0.000000 4.400000
437 0.000000 4.300000
438 0.000000 4.200000
439 0.000000 4.100000
440 0.000000 4.000000
441 0.000000 3.900000
442 0.000000 3.800000
443 0.000000 3.700000
444 0.000000 3.600000
445 0.000000 3.500000
446 0.000000 3.400000
447 0.000000 3.300000
448 0.000000 3.200000
449 0.000000 3.100000
450 0.000000 3.000000
451 0.000000 2.900000
452 0.000000 2.800000
453 0.000000 2.700000
454 0.000000 2.600000
455 0.000000 2.500000
456 0.000000 2.400000
457 0.000000 2.300000
458 0.000000 2.200000
459 0.000000 2.100000
460 0.000000 2.000000
461 0.000000 1.900000
462 0.000000 1.800000
463 0.000000 1.700000
464 0.000000 1.600000
465 0.000000 1.500000
466 0.000000 1.400000
467 0.000000 1.300000
468 0.000000 1.200000
469 0.000000 1.100000
470 0.000000 1.000000
471 0.000000 0.900000
472 0.000000 0.800000
473 0.000000 0.700000
474 0.000000 0.600000
475 0.000000 0.500000
476 0.000000 0.400000
477 0.000000 0.300000
478 0.000000 0.200000
479 0.000000 0.100000
