0 1 1 1 0 0 0.500000
0 2 1 1 0 0 0.959545
0 35 1 1 0 0 0.299135
0 94 1 1 0 0 0.721084
0 96 1 1 0 0 0.981490
0 143 1 1 0 0 0.869484
1 2 1 1 0 0 0.500000
1 3 1 1 0 0 0.790161
1 23 1 1 0 0 0.868782
1 30 1 1 0 0 0.861821
1 35 1 1 0 0 0.311229
1 37 1 1 0 0 0.548104
1 56 1 1 0 0 0.775363
1 77 1 1 0 0 0.571112
1 94 1 1 0 0 0.225225
1 96 1 1 0 0 0.491041
1 143 1 1 0 0 0.546933
2 3 1 1 0 0 0.500000
2 4 1 1 0 0 0.984287
2 20 1 1 0 0 0.817937
2 23 1 1 0 0 0.862052
2 26 1 1 0 0 0.779680
2 30 1 1 0 0 0.899400
2 35 1 1 0 0 0.684756
2 37 1 1 0 0 0.153122
2 56 1 1 0 0 0.907503
2 77 1 1 0 0 0.598833
2 94 1 1 0 0 0.379641
2 96 1 1 0 0 0.408136
2 143 1 1 0 0 0.318584
3 4 1 1 0 0 0.500000
3 5 1 1 0 0 0.942272
3 20 1 1 0 0 0.507235
3 23 1 1 0 0 0.500000
3 26 1 1 0 0 0.286258
3 29 1 1 0 0 0.994792
3 30 1 1 0 0 0.567472
3 34 1 1 0 0 0.980664
3 36 1 1 0 0 0.987310
3 37 1 1 0 0 0.347486
3 40 1 1 0 0 0.846051
3 56 1 1 0 0 0.663718
3 77 1 1 0 0 0.409133
3 88 1 1 0 0 0.545866
3 94 1 1 0 0 0.568108
3 96 1 1 0 0 0.321392
3 127 1 1 0 0 0.983301
3 143 1 1 0 0 0.817861
4 5 1 1 0 0 0.500000
4 6 1 1 0 0 0.939375
4 12 1 1 0 0 0.939875
4 14 1 1 0 0 0.930732
4 15 1 1 0 0 0.645186
4 19 1 1 0 0 0.840959
4 20 1 1 0 0 0.434194
4 23 1 1 0 0 0.651075
4 24 1 1 0 0 0.914154
4 26 1 1 0 0 0.216200
4 29 1 1 0 0 0.494807
4 30 1 1 0 0 0.727425
4 34 1 1 0 0 0.622330
4 37 1 1 0 0 0.836863
4 40 1 1 0 0 0.347824
4 41 1 1 0 0 0.666999
4 56 1 1 0 0 0.889836
4 77 1 1 0 0 0.783105
4 88 1 1 0 0 0.047520
4 89 1 1 0 0 0.676929
4 96 1 1 0 0 0.786954
4 113 1 1 0 0 0.706102
4 123 1 1 0 0 0.616204
4 127 1 1 0 0 0.501229
5 6 1 1 0 0 0.500000
5 7 1 1 0 0 0.999923
5 12 1 1 0 0 0.735377
5 14 1 1 0 0 0.992653
5 15 1 1 0 0 0.516817
5 19 1 1 0 0 0.500000
5 20 1 1 0 0 0.574577
5 24 1 1 0 0 0.470055
5 25 1 1 0 0 0.980743
5 26 1 1 0 0 0.692012
5 29 1 1 0 0 0.327976
5 34 1 1 0 0 0.848980
5 38 1 1 0 0 0.936626
5 40 1 1 0 0 0.273317
5 41 1 1 0 0 0.859204
5 42 1 1 0 0 0.798853
5 45 1 1 0 0 0.575230
5 88 1 1 0 0 0.474334
5 89 1 1 0 0 0.514355
5 97 1 1 0 0 0.867420
5 113 1 1 0 0 0.781231
5 123 1 1 0 0 0.631383
5 127 1 1 0 0 0.506989
5 134 1 1 0 0 0.912917
6 7 1 1 0 0 0.500000
6 8 1 1 0 0 0.970761
6 12 1 1 0 0 0.500000
6 14 1 1 0 0 0.961272
6 15 1 1 0 0 0.517384
6 16 1 1 0 0 0.777639
6 18 1 1 0 0 0.723423
6 19 1 1 0 0 0.796652
6 24 1 1 0 0 0.031106
6 29 1 1 0 0 0.495361
6 31 1 1 0 0 0.900792
6 38 1 1 0 0 0.447266
6 40 1 1 0 0 0.602610
6 41 1 1 0 0 0.987437
6 42 1 1 0 0 0.315963
6 45 1 1 0 0 0.667896
6 83 1 1 0 0 0.888499
6 88 1 1 0 0 0.900828
6 89 1 1 0 0 0.477794
6 105 1 1 0 0 0.969688
6 113 1 1 0 0 0.831222
6 123 1 1 0 0 0.697384
6 127 1 1 0 0 0.648622
6 134 1 1 0 0 0.415417
7 8 1 1 0 0 0.500000
7 9 1 1 0 0 0.840935
7 11 1 1 0 0 0.990513
7 12 1 1 0 0 0.668506
7 13 1 1 0 0 0.839790
7 15 1 1 0 0 0.870053
7 16 1 1 0 0 0.500000
7 18 1 1 0 0 0.275433
7 24 1 1 0 0 0.530261
7 28 1 1 0 0 0.995928
7 29 1 1 0 0 0.935655
7 31 1 1 0 0 0.493767
7 38 1 1 0 0 0.161963
7 42 1 1 0 0 0.254528
7 46 1 1 0 0 0.958362
7 57 1 1 0 0 0.975295
7 81 1 1 0 0 0.901589
7 83 1 1 0 0 0.392563
7 89 1 1 0 0 0.825452
7 105 1 1 0 0 0.479477
7 134 1 1 0 0 0.115638
7 160 1 1 0 0 0.764291
7 166 1 1 0 0 0.705619
8 9 1 1 0 0 0.500000
8 10 1 1 0 0 0.783847
8 11 1 1 0 0 0.884552
8 13 1 1 0 0 0.500000
8 16 1 1 0 0 0.796999
8 18 1 1 0 0 0.248312
8 24 1 1 0 0 0.998411
8 27 1 1 0 0 0.600812
8 31 1 1 0 0 0.623687
8 32 1 1 0 0 0.960842
8 38 1 1 0 0 0.526332
8 42 1 1 0 0 0.664407
8 46 1 1 0 0 0.757289
8 57 1 1 0 0 0.736874
8 83 1 1 0 0 0.313308
8 105 1 1 0 0 0.100734
8 129 1 1 0 0 0.852042
8 134 1 1 0 0 0.557078
8 160 1 1 0 0 0.372298
8 166 1 1 0 0 0.905281
9 10 1 1 0 0 0.500000
9 11 1 1 0 0 0.500000
9 13 1 1 0 0 0.910994
9 16 1 1 0 0 0.842790
9 18 1 1 0 0 0.692968
9 27 1 1 0 0 0.419236
9 31 1 1 0 0 0.602976
9 38 1 1 0 0 0.939111
9 46 1 1 0 0 0.316785
9 57 1 1 0 0 0.269118
9 81 1 1 0 0 0.982440
9 83 1 1 0 0 0.452438
9 105 1 1 0 0 0.430385
9 129 1 1 0 0 0.666164
9 134 1 1 0 0 0.939755
9 160 1 1 0 0 0.138735
9 166 1 1 0 0 0.817011
10 11 1 1 0 0 0.914885
10 13 1 1 0 0 0.950830
10 27 1 1 0 0 0.193322
10 46 1 1 0 0 0.719854
10 57 1 1 0 0 0.649663
10 83 1 1 0 0 0.898571
10 105 1 1 0 0 0.773343
10 129 1 1 0 0 0.196662
10 160 1 1 0 0 0.503676
11 16 1 1 0 0 0.708722
11 18 1 1 0 0 0.978452
11 27 1 1 0 0 0.896741
11 28 1 1 0 0 0.637756
11 31 1 1 0 0 0.527904
11 46 1 1 0 0 0.196870
11 57 1 1 0 0 0.265696
11 81 1 1 0 0 0.625312
11 83 1 1 0 0 0.652881
11 105 1 1 0 0 0.787258
11 160 1 1 0 0 0.617714
11 166 1 1 0 0 0.550934
12 14 1 1 0 0 0.500000
12 15 1 1 0 0 0.294925
12 16 1 1 0 0 0.551684
12 17 1 1 0 0 0.897574
12 18 1 1 0 0 0.943498
12 24 1 1 0 0 0.511420
12 28 1 1 0 0 0.870188
12 29 1 1 0 0 0.468878
12 31 1 1 0 0 0.773744
12 34 1 1 0 0 0.685409
12 38 1 1 0 0 0.739699
12 40 1 1 0 0 0.622377
12 41 1 1 0 0 0.639135
12 42 1 1 0 0 0.674610
12 81 1 1 0 0 0.792922
12 83 1 1 0 0 0.933163
12 88 1 1 0 0 0.892481
12 89 1 1 0 0 0.264225
12 98 1 1 0 0 0.544388
12 113 1 1 0 0 0.455839
12 123 1 1 0 0 0.394655
12 127 1 1 0 0 0.454453
12 134 1 1 0 0 0.671056
12 150 1 1 0 0 0.672365
12 166 1 1 0 0 0.727878
13 18 1 1 0 0 0.580922
13 27 1 1 0 0 0.766094
13 32 1 1 0 0 0.486803
13 38 1 1 0 0 0.764796
13 42 1 1 0 0 0.864495
13 83 1 1 0 0 0.807538
13 105 1 1 0 0 0.600151
13 129 1 1 0 0 0.909476
13 134 1 1 0 0 0.829760
13 160 1 1 0 0 0.772807
14 15 1 1 0 0 0.493817
14 16 1 1 0 0 0.895954
14 17 1 1 0 0 0.500000
14 21 1 1 0 0 0.885550
14 24 1 1 0 0 0.963883
14 28 1 1 0 0 0.960837
14 29 1 1 0 0 0.664900
14 33 1 1 0 0 0.979488
14 34 1 1 0 0 0.372618
14 39 1 1 0 0 0.793457
14 40 1 1 0 0 0.757544
14 41 1 1 0 0 0.309583
14 81 1 1 0 0 0.924758
14 88 1 1 0 0 0.888625
14 89 1 1 0 0 0.515854
14 98 1 1 0 0 0.260318
14 113 1 1 0 0 0.229165
14 114 1 1 0 0 0.879579
14 123 1 1 0 0 0.364280
14 127 1 1 0 0 0.496848
14 144 1 1 0 0 0.899921
14 150 1 1 0 0 0.194468
14 166 1 1 0 0 0.974032
15 16 1 1 0 0 0.844569
15 17 1 1 0 0 0.981853
15 20 1 1 0 0 0.971854
15 24 1 1 0 0 0.510882
15 26 1 1 0 0 0.852350
15 29 1 1 0 0 0.199249
15 34 1 1 0 0 0.494975
15 38 1 1 0 0 0.895377
15 40 1 1 0 0 0.340588
15 41 1 1 0 0 0.470106
15 42 1 1 0 0 0.793095
15 88 1 1 0 0 0.597746
15 89 1 1 0 0 0.044721
15 98 1 1 0 0 0.662873
15 113 1 1 0 0 0.320156
15 123 1 1 0 0 0.180000
15 127 1 1 0 0 0.169706
15 134 1 1 0 0 0.837735
15 150 1 1 0 0 0.688186
16 18 1 1 0 0 0.687205
16 24 1 1 0 0 0.805902
16 28 1 1 0 0 0.500000
16 29 1 1 0 0 0.999563
16 31 1 1 0 0 0.240031
16 38 1 1 0 0 0.657225
16 42 1 1 0 0 0.702204
16 46 1 1 0 0 0.778478
16 57 1 1 0 0 0.828443
16 81 1 1 0 0 0.404871
16 83 1 1 0 0 0.500026
16 89 1 1 0 0 0.809775
16 98 1 1 0 0 0.763450
16 105 1 1 0 0 0.717232
16 113 1 1 0 0 0.958672
16 114 1 1 0 0 0.830221
16 123 1 1 0 0 0.936207
16 134 1 1 0 0 0.593640
16 150 1 1 0 0 0.991887
16 160 1 1 0 0 0.846885
16 166 1 1 0 0 0.229578
17 21 1 1 0 0 0.500000
17 22 1 1 0 0 0.692250
17 28 1 1 0 0 0.861408
17 33 1 1 0 0 0.524772
17 34 1 1 0 0 0.791973
17 39 1 1 0 0 0.554632
17 41 1 1 0 0 0.739921
17 43 1 1 0 0 0.713623
17 68 1 1 0 0 0.756990
17 81 1 1 0 0 0.877023
17 89 1 1 0 0 0.996824
17 98 1 1 0 0 0.354301
17 113 1 1 0 0 0.724960
17 114 1 1 0 0 0.579713
17 123 1 1 0 0 0.864256
17 127 1 1 0 0 0.996707
17 144 1 1 0 0 0.497558
17 150 1 1 0 0 0.324072
18 24 1 1 0 0 0.750733
18 27 1 1 0 0 0.848764
18 31 1 1 0 0 0.582580
18 32 1 1 0 0 0.962549
18 38 1 1 0 0 0.278029
18 42 1 1 0 0 0.416173
18 46 1 1 0 0 0.892693
18 57 1 1 0 0 0.889550
18 83 1 1 0 0 0.326497
18 105 1 1 0 0 0.269258
18 134 1 1 0 0 0.312410
18 160 1 1 0 0 0.584637
18 166 1 1 0 0 0.849058
19 20 1 1 0 0 0.599824
19 24 1 1 0 0 0.767894
19 25 1 1 0 0 0.500000
19 26 1 1 0 0 0.951612
19 29 1 1 0 0 0.827397
19 40 1 1 0 0 0.758257
19 42 1 1 0 0 0.987944
19 44 1 1 0 0 0.999999
19 45 1 1 0 0 0.280433
19 60 1 1 0 0 0.826397
19 65 1 1 0 0 0.597665
19 88 1 1 0 0 0.840431
19 97 1 1 0 0 0.375352
19 173 1 1 0 0 0.811998
20 23 1 1 0 0 0.921267
20 26 1 1 0 0 0.420476
20 30 1 1 0 0 0.999250
20 37 1 1 0 0 0.708025
20 40 1 1 0 0 0.631269
20 45 1 1 0 0 0.858662
20 65 1 1 0 0 0.824428
20 77 1 1 0 0 0.912688
20 88 1 1 0 0 0.466476
20 89 1 1 0 0 0.990202
20 96 1 1 0 0 0.820061
20 97 1 1 0 0 0.900000
20 123 1 1 0 0 0.999250
20 127 1 1 0 0 0.868850
21 22 1 1 0 0 0.500000
21 33 1 1 0 0 0.722081
21 39 1 1 0 0 0.253471
21 68 1 1 0 0 0.839359
21 98 1 1 0 0 0.833594
21 114 1 1 0 0 0.964748
21 144 1 1 0 0 0.036970
21 150 1 1 0 0 0.693342
22 33 1 1 0 0 0.475893
22 39 1 1 0 0 0.753085
22 43 1 1 0 0 0.748185
22 68 1 1 0 0 0.437781
22 114 1 1 0 0 0.824561
22 144 1 1 0 0 0.463105
23 26 1 1 0 0 0.514049
23 30 1 1 0 0 0.079001
23 34 1 1 0 0 0.749217
23 36 1 1 0 0 0.512226
23 37 1 1 0 0 0.727804
23 40 1 1 0 0 0.939308
23 41 1 1 0 0 0.811796
23 56 1 1 0 0 0.240075
23 77 1 1 0 0 0.303616
23 88 1 1 0 0 0.672365
23 94 1 1 0 0 0.674799
23 96 1 1 0 0 0.464228
23 100 1 1 0 0 0.507923
23 113 1 1 0 0 0.969115
23 115 1 1 0 0 0.701758
23 123 1 1 0 0 0.983519
23 127 1 1 0 0 0.941592
24 29 1 1 0 0 0.477598
24 31 1 1 0 0 0.931343
24 38 1 1 0 0 0.473814
24 40 1 1 0 0 0.579828
24 41 1 1 0 0 0.980204
24 42 1 1 0 0 0.340588
24 45 1 1 0 0 0.644981
24 83 1 1 0 0 0.919239
24 88 1 1 0 0 0.876185
24 89 1 1 0 0 0.472652
24 105 1 1 0 0 0.998649
24 113 1 1 0 0 0.827345
24 123 1 1 0 0 0.690652
24 127 1 1 0 0 0.636396
24 134 1 1 0 0 0.444072
25 44 1 1 0 0 0.500000
25 45 1 1 0 0 0.468125
25 47 1 1 0 0 0.974270
25 58 1 1 0 0 0.636365
25 60 1 1 0 0 0.346101
25 65 1 1 0 0 0.500000
25 73 1 1 0 0 0.830136
25 93 1 1 0 0 0.915365
25 97 1 1 0 0 0.135189
25 173 1 1 0 0 0.359571
26 29 1 1 0 0 0.710211
26 30 1 1 0 0 0.593043
26 34 1 1 0 0 0.739797
26 37 1 1 0 0 0.629365
26 40 1 1 0 0 0.564004
26 41 1 1 0 0 0.794292
26 56 1 1 0 0 0.740270
26 77 1 1 0 0 0.586003
26 88 1 1 0 0 0.260768
26 89 1 1 0 0 0.886397
26 94 1 1 0 0 0.835464
26 96 1 1 0 0 0.572800
26 100 1 1 0 0 0.976934
26 113 1 1 0 0 0.870057
26 123 1 1 0 0 0.802309
26 127 1 1 0 0 0.699214
27 31 1 1 0 0 0.986813
27 46 1 1 0 0 0.700928
27 57 1 1 0 0 0.636003
27 83 1 1 0 0 0.751665
27 105 1 1 0 0 0.601415
27 129 1 1 0 0 0.269258
27 160 1 1 0 0 0.373363
28 31 1 1 0 0 0.573444
28 33 1 1 0 0 0.755349
28 43 1 1 0 0 0.549692
28 46 1 1 0 0 0.809494
28 57 1 1 0 0 0.879174
28 68 1 1 0 0 0.920131
28 81 1 1 0 0 0.095219
28 83 1 1 0 0 0.880620
28 98 1 1 0 0 0.723710
28 114 1 1 0 0 0.402403
28 150 1 1 0 0 0.957784
28 166 1 1 0 0 0.298305
29 34 1 1 0 0 0.562939
29 38 1 1 0 0 0.926499
29 40 1 1 0 0 0.155242
29 41 1 1 0 0 0.559732
29 42 1 1 0 0 0.805295
29 45 1 1 0 0 0.867698
29 88 1 1 0 0 0.449444
29 89 1 1 0 0 0.210950
29 98 1 1 0 0 0.855862
29 113 1 1 0 0 0.458039
29 123 1 1 0 0 0.306105
29 127 1 1 0 0 0.193132
29 134 1 1 0 0 0.880057
29 150 1 1 0 0 0.855862
30 34 1 1 0 0 0.782304
30 36 1 1 0 0 0.434166
30 37 1 1 0 0 0.771751
30 41 1 1 0 0 0.843801
30 56 1 1 0 0 0.170000
30 77 1 1 0 0 0.315753
30 88 1 1 0 0 0.747329
30 94 1 1 0 0 0.680661
30 96 1 1 0 0 0.493964
30 100 1 1 0 0 0.445533
30 115 1 1 0 0 0.634114
30 127 1 1 0 0 0.998098
31 38 1 1 0 0 0.653070
31 42 1 1 0 0 0.740405
31 46 1 1 0 0 0.559017
31 57 1 1 0 0 0.602080
31 81 1 1 0 0 0.490408
31 83 1 1 0 0 0.310483
31 98 1 1 0 0 0.993680
31 105 1 1 0 0 0.531507
31 114 1 1 0 0 0.958801
31 134 1 1 0 0 0.607454
31 160 1 1 0 0 0.613514
31 166 1 1 0 0 0.281603
32 58 1 1 0 0 0.825651
32 93 1 1 0 0 0.602080
33 39 1 1 0 0 0.919239
33 43 1 1 0 0 0.291548
33 68 1 1 0 0 0.250599
33 81 1 1 0 0 0.823772
33 98 1 1 0 0 0.751332
33 114 1 1 0 0 0.353553
33 144 1 1 0 0 0.693109
33 150 1 1 0 0 0.833607
34 39 1 1 0 0 0.852115
34 40 1 1 0 0 0.577062
34 41 1 1 0 0 0.063246
34 56 1 1 0 0 0.934077
34 88 1 1 0 0 0.588303
34 89 1 1 0 0 0.537587
34 98 1 1 0 0 0.631506
34 100 1 1 0 0 0.805295
34 113 1 1 0 0 0.234307
34 115 1 1 0 0 0.958801
34 123 1 1 0 0 0.317805
34 127 1 1 0 0 0.373363
34 150 1 1 0 0 0.475184
35 37 1 1 0 0 0.782432
35 77 1 1 0 0 0.882326
35 94 1 1 0 0 0.527731
35 96 1 1 0 0 0.792591
35 143 1 1 0 0 0.570351
36 56 1 1 0 0 0.330151
36 77 1 1 0 0 0.637809
36 94 1 1 0 0 0.909175
36 96 1 1 0 0 0.827587
36 100 1 1 0 0 0.237065
36 115 1 1 0 0 0.291204
37 56 1 1 0 0 0.799312
37 77 1 1 0 0 0.487955
37 88 1 1 0 0 0.883912
37 94 1 1 0 0 0.370540
37 96 1 1 0 0 0.297321
37 143 1 1 0 0 0.471699
38 42 1 1 0 0 0.138924
38 45 1 1 0 0 0.900056
38 83 1 1 0 0 0.510392
38 89 1 1 0 0 0.850941
38 105 1 1 0 0 0.536656
38 134 1 1 0 0 0.072801
38 160 1 1 0 0 0.845044
38 166 1 1 0 0 0.866833
39 41 1 1 0 0 0.835284
39 98 1 1 0 0 0.818841
39 100 1 1 0 0 0.840952
39 113 1 1 0 0 0.937763
39 115 1 1 0 0 0.803617
39 144 1 1 0 0 0.290172
39 150 1 1 0 0 0.620725
40 41 1 1 0 0 0.590762
40 42 1 1 0 0 0.918368
40 45 1 1 0 0 0.847703
40 88 1 1 0 0 0.304795
40 89 1 1 0 0 0.360555
40 98 1 1 0 0 0.971700
40 113 1 1 0 0 0.534135
40 123 1 1 0 0 0.394462
40 127 1 1 0 0 0.260768
40 150 1 1 0 0 0.940213
41 56 1 1 0 0 0.994032
41 88 1 1 0 0 0.630635
41 89 1 1 0 0 0.510882
41 98 1 1 0 0 0.568859
41 100 1 1 0 0 0.850000
41 113 1 1 0 0 0.183576
41 115 1 1 0 0 0.996243
41 123 1 1 0 0 0.290172
41 127 1 1 0 0 0.366879
41 150 1 1 0 0 0.419762
42 45 1 1 0 0 0.782304
42 83 1 1 0 0 0.636396
42 89 1 1 0 0 0.749533
42 105 1 1 0 0 0.675352
42 123 1 1 0 0 0.968814
42 127 1 1 0 0 0.942444
42 160 1 1 0 0 0.982344
42 166 1 1 0 0 0.924392
43 68 1 1 0 0 0.376563
43 81 1 1 0 0 0.635295
43 98 1 1 0 0 0.824924
43 114 1 1 0 0 0.223607
43 144 1 1 0 0 0.977446
43 150 1 1 0 0 0.975141
43 166 1 1 0 0 0.845340
44 45 1 1 0 0 0.927623
44 47 1 1 0 0 0.500000
44 48 1 1 0 0 0.995377
44 58 1 1 0 0 0.435541
44 60 1 1 0 0 0.236978
44 65 1 1 0 0 0.800765
44 73 1 1 0 0 0.537565
44 93 1 1 0 0 0.712524
44 97 1 1 0 0 0.628899
44 173 1 1 0 0 0.313852
45 58 1 1 0 0 0.874757
45 60 1 1 0 0 0.812158
45 65 1 1 0 0 0.777840
45 89 1 1 0 0 0.998098
45 97 1 1 0 0 0.401622
45 134 1 1 0 0 0.921954
45 173 1 1 0 0 0.826801
46 57 1 1 0 0 0.070711
46 81 1 1 0 0 0.782943
46 83 1 1 0 0 0.582151
46 105 1 1 0 0 0.667083
46 129 1 1 0 0 0.910494
46 160 1 1 0 0 0.445982
46 166 1 1 0 0 0.668431
47 48 1 1 0 0 0.500000
47 49 1 1 0 0 0.989056
47 60 1 1 0 0 0.733401
47 73 1 1 0 0 0.794210
47 155 1 1 0 0 0.198960
47 173 1 1 0 0 0.802550
48 49 1 1 0 0 0.500000
48 50 1 1 0 0 0.998152
48 102 1 1 0 0 0.793100
48 155 1 1 0 0 0.434780
49 50 1 1 0 0 0.500000
49 51 1 1 0 0 0.999950
49 62 1 1 0 0 0.654507
49 70 1 1 0 0 0.596357
49 102 1 1 0 0 0.298899
49 109 1 1 0 0 0.775588
49 146 1 1 0 0 0.732095
49 155 1 1 0 0 0.878058
49 165 1 1 0 0 0.937811
50 51 1 1 0 0 0.500000
50 52 1 1 0 0 0.984645
50 62 1 1 0 0 0.500000
50 70 1 1 0 0 0.500000
50 75 1 1 0 0 0.867077
50 102 1 1 0 0 0.207054
50 109 1 1 0 0 0.401046
50 118 1 1 0 0 0.987330
50 133 1 1 0 0 0.970458
50 146 1 1 0 0 0.242111
50 165 1 1 0 0 0.979946
51 52 1 1 0 0 0.500000
51 53 1 1 0 0 0.999911
51 62 1 1 0 0 0.762585
51 70 1 1 0 0 0.796694
51 75 1 1 0 0 0.835614
51 102 1 1 0 0 0.705070
51 109 1 1 0 0 0.476715
51 118 1 1 0 0 0.489069
51 136 1 1 0 0 0.887927
51 146 1 1 0 0 0.288077
52 53 1 1 0 0 0.500000
52 54 1 1 0 0 0.996000
52 59 1 1 0 0 0.948426
52 107 1 1 0 0 0.730811
52 108 1 1 0 0 0.541555
52 109 1 1 0 0 0.947085
52 116 1 1 0 0 0.909148
52 118 1 1 0 0 0.230329
52 136 1 1 0 0 0.439372
52 146 1 1 0 0 0.787922
52 164 1 1 0 0 0.870464
53 54 1 1 0 0 0.500000
53 55 1 1 0 0 1.000000
53 59 1 1 0 0 0.529113
53 106 1 1 0 0 0.703214
53 107 1 1 0 0 0.451626
53 108 1 1 0 0 0.043946
53 116 1 1 0 0 0.730366
53 118 1 1 0 0 0.600826
53 136 1 1 0 0 0.300936
53 158 1 1 0 0 0.762709
53 164 1 1 0 0 0.528071
53 168 1 1 0 0 0.714329
54 55 1 1 0 0 0.500000
54 59 1 1 0 0 0.483439
54 106 1 1 0 0 0.462078
54 107 1 1 0 0 0.673974
54 108 1 1 0 0 0.456719
54 116 1 1 0 0 0.781812
54 136 1 1 0 0 0.729665
54 158 1 1 0 0 0.283080
54 164 1 1 0 0 0.467925
54 168 1 1 0 0 0.761284
55 59 1 1 0 0 0.829632
55 61 1 1 0 0 0.500000
55 106 1 1 0 0 0.657004
55 108 1 1 0 0 0.956681
55 158 1 1 0 0 0.280693
55 164 1 1 0 0 0.811322
56 77 1 1 0 0 0.311448
56 88 1 1 0 0 0.912140
56 94 1 1 0 0 0.626418
56 96 1 1 0 0 0.503289
56 100 1 1 0 0 0.430813
56 115 1 1 0 0 0.586003
57 81 1 1 0 0 0.850882
57 83 1 1 0 0 0.590339
57 105 1 1 0 0 0.651460
57 129 1 1 0 0 0.840952
57 160 1 1 0 0 0.404599
57 166 1 1 0 0 0.730068
58 60 1 1 0 0 0.600000
58 73 1 1 0 0 0.968141
58 93 1 1 0 0 0.296985
58 97 1 1 0 0 0.762430
58 173 1 1 0 0 0.684105
59 106 1 1 0 0 0.929570
59 107 1 1 0 0 0.296816
59 108 1 1 0 0 0.512445
59 118 1 1 0 0 0.940479
59 136 1 1 0 0 0.530000
59 158 1 1 0 0 0.550091
59 164 1 1 0 0 0.866083
59 168 1 1 0 0 0.277849
60 65 1 1 0 0 0.563880
60 73 1 1 0 0 0.500000
60 93 1 1 0 0 0.894986
60 97 1 1 0 0 0.452217
60 173 1 1 0 0 0.084853
61 63 1 1 0 0 0.500000
61 64 1 1 0 0 0.999244
61 167 1 1 0 0 0.474390
62 70 1 1 0 0 0.976265
62 75 1 1 0 0 0.500000
62 95 1 1 0 0 0.997081
62 102 1 1 0 0 0.475477
62 109 1 1 0 0 0.298306
62 137 1 1 0 0 0.931757
62 146 1 1 0 0 0.508710
62 165 1 1 0 0 0.500000
63 64 1 1 0 0 0.500000
63 66 1 1 0 0 0.880717
63 67 1 1 0 0 0.831498
63 120 1 1 0 0 0.920217
63 167 1 1 0 0 0.060902
64 66 1 1 0 0 0.500000
64 67 1 1 0 0 0.500000
64 69 1 1 0 0 0.999809
64 71 1 1 0 0 0.966179
64 120 1 1 0 0 0.583179
64 153 1 1 0 0 0.849218
64 167 1 1 0 0 0.527363
65 73 1 1 0 0 0.792216
65 97 1 1 0 0 0.434186
65 173 1 1 0 0 0.493088
66 67 1 1 0 0 0.883096
66 71 1 1 0 0 0.500000
66 74 1 1 0 0 0.934330
66 104 1 1 0 0 0.843640
66 120 1 1 0 0 0.940980
66 126 1 1 0 0 0.892107
66 153 1 1 0 0 0.968945
66 167 1 1 0 0 0.929398
67 69 1 1 0 0 0.500000
67 72 1 1 0 0 0.862275
67 76 1 1 0 0 0.619753
67 120 1 1 0 0 0.089863
67 153 1 1 0 0 0.534822
67 167 1 1 0 0 0.822977
68 114 1 1 0 0 0.542033
68 144 1 1 0 0 0.804984
69 72 1 1 0 0 0.500000
69 76 1 1 0 0 0.412797
69 78 1 1 0 0 0.952605
69 120 1 1 0 0 0.417948
69 153 1 1 0 0 0.575692
70 102 1 1 0 0 0.520116
70 109 1 1 0 0 0.896480
70 133 1 1 0 0 0.500000
70 146 1 1 0 0 0.673770
70 148 1 1 0 0 0.982073
71 74 1 1 0 0 0.500000
71 92 1 1 0 0 0.922830
71 104 1 1 0 0 0.500000
71 112 1 1 0 0 0.992664
71 121 1 1 0 0 0.910708
71 126 1 1 0 0 0.527155
72 76 1 1 0 0 0.280984
72 78 1 1 0 0 0.500000
72 79 1 1 0 0 0.701637
72 120 1 1 0 0 0.773527
72 125 1 1 0 0 0.813872
72 153 1 1 0 0 0.541956
73 97 1 1 0 0 0.908675
73 155 1 1 0 0 0.973240
73 173 1 1 0 0 0.470570
74 92 1 1 0 0 0.500000
74 104 1 1 0 0 0.802331
74 121 1 1 0 0 0.500000
74 126 1 1 0 0 0.160187
74 152 1 1 0 0 0.932512
75 95 1 1 0 0 0.500000
75 102 1 1 0 0 0.929287
75 109 1 1 0 0 0.471172
75 124 1 1 0 0 0.991854
75 137 1 1 0 0 0.437358
75 146 1 1 0 0 0.728579
75 165 1 1 0 0 0.660959
76 78 1 1 0 0 0.568952
76 79 1 1 0 0 0.920317
76 120 1 1 0 0 0.536004
76 125 1 1 0 0 0.849588
76 153 1 1 0 0 0.272029
77 88 1 1 0 0 0.818413
77 94 1 1 0 0 0.371214
77 96 1 1 0 0 0.192094
77 100 1 1 0 0 0.730616
77 115 1 1 0 0 0.896437
77 143 1 1 0 0 0.873155
78 79 1 1 0 0 0.500000
78 80 1 1 0 0 0.919771
78 125 1 1 0 0 0.314247
78 128 1 1 0 0 0.949839
78 153 1 1 0 0 0.653998
78 157 1 1 0 0 0.588401
79 80 1 1 0 0 0.500000
79 82 1 1 0 0 0.998493
79 125 1 1 0 0 0.610873
79 128 1 1 0 0 0.589762
79 139 1 1 0 0 0.941096
79 157 1 1 0 0 0.904052
79 170 1 1 0 0 0.835819
80 82 1 1 0 0 0.500000
80 84 1 1 0 0 0.750527
80 85 1 1 0 0 0.668112
80 125 1 1 0 0 0.871699
80 128 1 1 0 0 0.150063
80 130 1 1 0 0 0.724851
80 139 1 1 0 0 0.591492
80 170 1 1 0 0 0.508808
81 83 1 1 0 0 0.800062
81 98 1 1 0 0 0.700928
81 114 1 1 0 0 0.470744
81 134 1 1 0 0 0.998248
81 150 1 1 0 0 0.940479
81 166 1 1 0 0 0.210238
82 84 1 1 0 0 0.500000
82 85 1 1 0 0 0.500000
82 86 1 1 0 0 0.993145
82 87 1 1 0 0 0.766921
82 90 1 1 0 0 0.935557
82 128 1 1 0 0 0.428306
82 130 1 1 0 0 0.445646
82 139 1 1 0 0 0.508949
82 163 1 1 0 0 0.583034
82 170 1 1 0 0 0.609972
83 105 1 1 0 0 0.222036
83 134 1 1 0 0 0.498197
83 160 1 1 0 0 0.395980
83 166 1 1 0 0 0.592030
84 85 1 1 0 0 0.999953
84 87 1 1 0 0 0.500000
84 90 1 1 0 0 0.739848
84 91 1 1 0 0 0.772061
84 128 1 1 0 0 0.777983
84 130 1 1 0 0 0.058582
84 135 1 1 0 0 0.942274
84 163 1 1 0 0 0.431613
84 170 1 1 0 0 0.426511
85 86 1 1 0 0 0.500000
85 103 1 1 0 0 0.882328
85 128 1 1 0 0 0.518943
85 130 1 1 0 0 0.945136
85 139 1 1 0 0 0.106425
85 151 1 1 0 0 0.910074
85 163 1 1 0 0 0.992625
86 103 1 1 0 0 0.500000
86 110 1 1 0 0 0.980502
86 111 1 1 0 0 0.654525
86 128 1 1 0 0 0.968415
86 139 1 1 0 0 0.536902
86 151 1 1 0 0 0.461194
87 90 1 1 0 0 0.243787
87 91 1 1 0 0 0.500000
87 99 1 1 0 0 0.581348
87 101 1 1 0 0 0.723317
87 117 1 1 0 0 0.955039
87 130 1 1 0 0 0.492747
87 135 1 1 0 0 0.549354
87 163 1 1 0 0 0.197877
87 170 1 1 0 0 0.926358
88 89 1 1 0 0 0.629682
88 96 1 1 0 0 0.828794
88 113 1 1 0 0 0.662873
88 127 1 1 0 0 0.453982
89 98 1 1 0 0 0.670075
89 113 1 1 0 0 0.355106
89 123 1 1 0 0 0.220907
89 127 1 1 0 0 0.212603
89 134 1 1 0 0 0.793095
89 150 1 1 0 0 0.710211
89 166 1 1 0 0 0.992018
90 91 1 1 0 0 0.561948
90 99 1 1 0 0 0.438292
90 101 1 1 0 0 0.500000
90 117 1 1 0 0 0.779295
90 122 1 1 0 0 0.955249
90 130 1 1 0 0 0.727324
90 135 1 1 0 0 0.497393
90 138 1 1 0 0 0.834377
91 99 1 1 0 0 0.445232
91 130 1 1 0 0 0.802104
91 135 1 1 0 0 0.246489
91 163 1 1 0 0 0.689065
92 121 1 1 0 0 0.731986
92 126 1 1 0 0 0.622869
92 152 1 1 0 0 0.500000
93 173 1 1 0 0 0.979490
94 96 1 1 0 0 0.266271
94 143 1 1 0 0 0.558032
95 109 1 1 0 0 0.944636
95 124 1 1 0 0 0.500000
95 137 1 1 0 0 0.069907
96 100 1 1 0 0 0.921141
96 143 1 1 0 0 0.693758
97 173 1 1 0 0 0.445533
98 113 1 1 0 0 0.473814
98 114 1 1 0 0 0.620081
98 123 1 1 0 0 0.581893
98 127 1 1 0 0 0.715122
98 144 1 1 0 0 0.837437
98 150 1 1 0 0 0.242074
98 166 1 1 0 0 0.787718
99 101 1 1 0 0 0.692395
99 135 1 1 0 0 0.210950
99 138 1 1 0 0 0.733862
99 163 1 1 0 0 0.762168
100 115 1 1 0 0 0.202485
101 117 1 1 0 0 0.360478
101 122 1 1 0 0 0.657496
101 135 1 1 0 0 0.863472
101 138 1 1 0 0 0.500000
101 141 1 1 0 0 0.698931
101 163 1 1 0 0 0.747680
101 171 1 1 0 0 0.984920
102 109 1 1 0 0 0.504480
102 146 1 1 0 0 0.433244
102 165 1 1 0 0 0.893502
103 110 1 1 0 0 0.500000
103 111 1 1 0 0 0.500000
103 122 1 1 0 0 0.930181
103 139 1 1 0 0 0.957747
103 151 1 1 0 0 0.159815
103 162 1 1 0 0 0.786275
104 112 1 1 0 0 0.500000
104 119 1 1 0 0 0.999905
104 126 1 1 0 0 0.908669
104 131 1 1 0 0 0.644772
105 129 1 1 0 0 0.863713
105 134 1 1 0 0 0.554707
105 160 1 1 0 0 0.315753
105 166 1 1 0 0 0.812527
106 108 1 1 0 0 0.666108
106 116 1 1 0 0 0.436578
106 147 1 1 0 0 0.690688
106 158 1 1 0 0 0.630635
106 164 1 1 0 0 0.223607
107 108 1 1 0 0 0.460977
107 118 1 1 0 0 0.675426
107 136 1 1 0 0 0.291548
107 158 1 1 0 0 0.817863
107 164 1 1 0 0 0.932309
107 168 1 1 0 0 0.300167
108 116 1 1 0 0 0.714213
108 118 1 1 0 0 0.644748
108 136 1 1 0 0 0.335410
108 158 1 1 0 0 0.721388
108 164 1 1 0 0 0.497695
108 168 1 1 0 0 0.711758
109 118 1 1 0 0 0.855862
109 137 1 1 0 0 0.890225
109 146 1 1 0 0 0.272029
109 165 1 1 0 0 0.772289
110 111 1 1 0 0 0.869919
110 122 1 1 0 0 0.795611
110 151 1 1 0 0 0.624622
110 162 1 1 0 0 0.500000
111 151 1 1 0 0 0.348016
111 162 1 1 0 0 0.876827
112 119 1 1 0 0 0.500000
112 131 1 1 0 0 0.500000
112 132 1 1 0 0 0.812499
112 145 1 1 0 0 0.658932
112 156 1 1 0 0 0.770243
112 159 1 1 0 0 0.670954
112 169 1 1 0 0 0.904622
113 123 1 1 0 0 0.152643
113 127 1 1 0 0 0.275862
113 150 1 1 0 0 0.406079
114 144 1 1 0 0 0.944140
114 150 1 1 0 0 0.795550
114 166 1 1 0 0 0.677200
116 147 1 1 0 0 0.500000
116 164 1 1 0 0 0.314006
117 122 1 1 0 0 0.336155
117 138 1 1 0 0 0.740299
117 141 1 1 0 0 0.500000
117 142 1 1 0 0 0.945594
117 163 1 1 0 0 0.907359
118 136 1 1 0 0 0.412311
118 146 1 1 0 0 0.760592
118 168 1 1 0 0 0.958175
119 131 1 1 0 0 0.755426
119 132 1 1 0 0 0.764391
119 145 1 1 0 0 0.476479
119 154 1 1 0 0 0.923683
119 156 1 1 0 0 0.460483
119 159 1 1 0 0 0.240472
119 169 1 1 0 0 0.596137
120 153 1 1 0 0 0.476340
120 167 1 1 0 0 0.910494
121 126 1 1 0 0 0.392029
122 141 1 1 0 0 0.695675
122 163 1 1 0 0 0.959010
123 127 1 1 0 0 0.134164
123 150 1 1 0 0 0.551725
124 137 1 1 0 0 0.568997
125 128 1 1 0 0 0.850706
125 153 1 1 0 0 0.864060
125 157 1 1 0 0 0.304138
127 134 1 1 0 0 0.997296
127 150 1 1 0 0 0.681175
128 130 1 1 0 0 0.742428
128 139 1 1 0 0 0.441475
128 163 1 1 0 0 0.996092
128 170 1 1 0 0 0.612699
129 160 1 1 0 0 0.639766
130 135 1 1 0 0 0.961041
130 139 1 1 0 0 0.952103
130 163 1 1 0 0 0.402244
130 170 1 1 0 0 0.442945
131 132 1 1 0 0 0.468392
131 140 1 1 0 0 0.782860
131 145 1 1 0 0 0.528223
131 149 1 1 0 0 0.692891
131 154 1 1 0 0 0.957038
131 156 1 1 0 0 0.703941
131 159 1 1 0 0 0.991378
131 169 1 1 0 0 0.786064
132 140 1 1 0 0 0.500000
132 145 1 1 0 0 0.300000
132 149 1 1 0 0 0.376431
132 154 1 1 0 0 0.500000
132 156 1 1 0 0 0.430116
132 159 1 1 0 0 0.990051
132 169 1 1 0 0 0.430116
132 172 1 1 0 0 0.672086
133 148 1 1 0 0 0.500000
134 160 1 1 0 0 0.854283
134 166 1 1 0 0 0.808022
135 138 1 1 0 0 0.944810
135 163 1 1 0 0 0.746324
136 158 1 1 0 0 0.948947
136 164 1 1 0 0 0.828613
136 168 1 1 0 0 0.591354
137 165 1 1 0 0 0.952250
138 141 1 1 0 0 0.745014
138 171 1 1 0 0 0.500000
138 174 1 1 0 0 0.911674
139 151 1 1 0 0 0.971648
139 170 1 1 0 0 0.994636
140 145 1 1 0 0 0.796139
140 149 1 1 0 0 0.124392
140 154 1 1 0 0 0.705477
140 156 1 1 0 0 0.896674
140 157 1 1 0 0 0.790024
140 169 1 1 0 0 0.844048
140 172 1 1 0 0 0.799672
141 142 1 1 0 0 0.500000
141 161 1 1 0 0 0.735589
141 171 1 1 0 0 0.934232
142 161 1 1 0 0 0.247296
144 150 1 1 0 0 0.706612
145 149 1 1 0 0 0.671789
145 154 1 1 0 0 0.529960
145 156 1 1 0 0 0.177200
145 159 1 1 0 0 0.693542
145 169 1 1 0 0 0.268701
145 172 1 1 0 0 0.705195
147 164 1 1 0 0 0.724157
149 154 1 1 0 0 0.614476
149 156 1 1 0 0 0.773886
149 157 1 1 0 0 0.889550
149 169 1 1 0 0 0.726154
149 172 1 1 0 0 0.728011
151 162 1 1 0 0 0.822960
153 157 1 1 0 0 0.984937
154 156 1 1 0 0 0.464486
154 169 1 1 0 0 0.328004
154 172 1 1 0 0 0.179502
156 159 1 1 0 0 0.635295
156 169 1 1 0 0 0.141421
156 172 1 1 0 0 0.622013
158 164 1 1 0 0 0.711126
158 168 1 1 0 0 0.800625
159 169 1 1 0 0 0.753923
160 166 1 1 0 0 0.858429
163 170 1 1 0 0 0.843801
169 172 1 1 0 0 0.480937
171 174 1 1 0 0 0.417390
